0.506292648728
0.557500346149
0.55505197868
0.603178687869
0.568660098995
0.565971145474
0.569611678294
0.541684897118
0.569612201318
0.564874537421
0.589633387256
0.579217307432
0.521748990298
0.571984522996
0.583964841979
0.584506073249
0.574128942937
0.584529062098
0.58366791429
0.613542610027
0.584488628653
0.515306166605
0.547397393899
0.544179137479
0.521322359297
0.713124173533
0.601009728476
0.488824244893
0.488824244893
0.488824244722
0.488824244893
0.565097968678
0.608103277209
0.593957411582
0.582598604324
0.569196918972
0.545341268368
0.53948947639
0.516493249061
0.53734127386
0.508574215312
0.532564650753
0.549046947542
0.537319817695
0.567027752537
0.491453574457
0.48754947159
0.568087812765
0.487549471787
0.522600674215
0.578138670813
0.530711157549
0.566862429051
0.507055914972
0.566839723892
0.555025735013
0.505881368438
0.565401274335
0.554562942882
0.554562942858
0.570227117965
0.573216348872
0.591877899334
0.585958892174
0.616483332359
0.567621883927
0.583967403501
0.591745643869
0.552986745438
0.510051759486
0.510051759703
0.503224806059
