0.525030328244
0.543512954351
0.539112051057
0.53495788793
0.538923089949
0.53703944027
0.677094330494
0.677277125558
0.669277125407
0.536437755711
0.537653382848
0.538281863229
0.508330613766
0.571040824826
0.555285429664
0.555833815445
0.537375435444
0.5558567676
0.554973682705
0.545047263732
0.611567389143
0.487180976897
0.594312787595
0.516101219553
0.60268521454
0.569973878084
0.696579567153
0.544299679928
0.536299679928
0.544299678624
0.544299675849
0.565143116436
0.651467726834
0.699538276876
0.586298821629
0.70689034949
0.516922687026
0.594335814273
0.516125781948
0.536972787128
0.513529474357
0.536977148028
0.556146120559
0.536972680928
0.566284375632
0.573664119017
0.487180984932
0.622317244717
0.487180985054
0.623205708739
0.538359620225
0.640237188509
0.539804414382
0.518467948065
0.539801351186
0.539074475008
0.489930108428
0.539645638899
0.5398044131
0.539804413076
0.532685326251
0.539612998625
0.582655551218
0.559495324585
0.587545741425
0.576161293669
0.563561240487
0.573909079559
0.540978767866
0.515974226254
0.512388656706
0.51250380002
