0.040841823319
0.244245563815
0.26044855204
0.444036338644
0.433255175205
0.546034679043
0.469297145536
0.826039497311
0.428923895532
0.776086245321
0.518951775305
0.641985481148
1.00981866576
0.839242870647
0.780042636533
1.08309937771
0.666291111898
1.25858544877
1.7477558527
1.24970327001
0.859642945276
1.08408724472
1.04818485348
1.03484320361
0.0374531526872
0.037619505559
0.0376223554336
0.0376223602931
0.851214306811
0.872262274504
0.694046851588
0.658664581572
0.995320587812
0.662213375498
0.652840715549
0.667951136567
0.280630714191
0.803518318494
0.60264193804
0.47492508816
0.116394079513
0.183166416356
0.0168337950562
0.72418137745
0.668263346925
0.00194889146058
0.788521173876
0.587695161243
0.869994588393
0.564047316265
0.794633445284
0.574508000215
0.7708467279
0.721876728515
0.682724034329
0.210930444202
0.342125610088
0.0128658982631
0.042537938836
0.0425394197099
0.168341099266
0.138589919799
0.110996801697
0.142008922343
0.0129402407752
0.0129402407753
0.0129402407753
0.0129402407753
0.0129402407753
0.766772857313
0.487273607213
0.488266248322
0.808560189629
0.827326884115
0.87792863692
0.604291697743
0.810705180648
0.6210900092
0.758236572693
0.687379793744
0.753737228534
0.508325617174
0.41088403251
0.399682457966
0.83569001396
0.343194557004
0.14166242646
0.299060948871
0.161320955097
0.626382288144
0.351753090095
0.680858372454
0.0150958277936
0.600412410764
0.321736406787
0.808515171871
0.555430468466
0.601750096325
0.235557336056
0.550508259771
0.263777939364
0.488353066997
0.0
0.477405303621
0.55748042981
0.711960770177
0.627359215634
0.659224146406
0.303193228753
0.497247096201
0.415101757016
0.0867830915085
0.60446473025
0.663300419012
0.626171501096
0.798500984393
0.625435266651
0.847024830429
0.599183411467
0.581477866324
0.780557856455
0.274527729525
0.798319445835
0.523979770655
0.584197695079
0.366382492597
