0.0432099684381
0.257804129621
0.308653739893
0.483349327127
0.555032052577
0.613844149376
0.492185033292
0.816191259646
0.428810898464
0.617592033718
0.65103196655
0.627356585743
1.02187784265
0.790160109242
0.766721770285
0.908352866887
0.533738855147
1.08717868944
0.876075747268
0.947460863604
0.890502020831
1.0374987881
1.02440903091
1.04856477021
0.0293093565789
0.0296196096218
0.0296223543158
0.0296223602936
0.915387995878
0.974912064311
0.864190742461
0.876021498536
1.17617790983
0.728460327216
0.716050618528
0.928360828557
0.306749763023
1.11498364684
0.839160453396
0.776036374561
0.127121112145
0.288163908961
0.0421531939741
0.899591975455
0.935128056218
0.0359069444361
1.02890978724
0.97598507757
2.04569058467
0.87996035078
1.21168808288
0.819786523505
1.01652180748
0.897061164506
0.837755880902
0.174701885513
0.562861391052
0.00251057454062
0.0400523938883
0.0401800992602
0.165222143409
0.135137928641
0.131585741793
0.149810670552
0.00258193915509
0.00258193915522
0.00258193915522
0.00258193915522
0.00258193915522
0.765525149718
0.563850706546
0.674964249814
1.02404545671
1.09124940865
1.0810609025
0.883405244783
0.95537705497
0.991655192058
0.963892574149
0.800187215987
1.0245534371
0.831767950408
0.540581626985
0.482314002493
1.1330298288
0.432608017531
0.114028783885
0.3426800144
0.114434004807
0.704897247711
0.356416399558
0.805229684755
0.0164062141032
0.902098955804
0.270466417786
0.978991948553
0.714598689238
0.737489045381
0.374284128964
0.723281393289
0.360635325351
0.716490249585
0.0
0.524083509812
0.610587243
0.781267700639
0.638106467693
0.580509810021
0.414178181155
0.822048263807
0.589377168896
0.022426099525
0.688771838355
0.694391971702
0.780067545364
0.912730961473
0.624160082603
0.784750550924
0.744011025967
0.7046107685
0.881506822202
0.230004640744
0.888904603545
0.498961718425
0.641905899
0.315923251222
