0.00345865632541
0.0789735259086
0.147772069233
0.191472815263
0.191225473807
0.26313437274
0.290301948216
0.420504907179
0.424177413293
0.425193080086
0.455487235506
0.531566999145
0.643838171186
0.542236201724
0.581037236687
0.650740195848
0.927945110766
0.750722084537
0.666392648682
0.67235248581
0.556176945842
0.543450683471
0.596901388324
0.596933454304
0.00114701111375
0.00114582217434
0.0011477577518
0.00114775775194
0.452425849942
0.513501308629
0.393278445006
0.52864401019
0.585881154948
0.35362882216
0.400652189742
0.511548133443
0.262667464593
0.416447757758
0.429115520281
0.337890037459
0.0556026404402
0.0845760435507
0.00814322284526
0.323252935961
0.467482308042
0.015473295816
0.36706599111
0.281590908775
0.534415242938
0.30085117347
0.407684424757
0.249144464539
0.330514005172
0.367788625286
0.32065684761
0.0235147454465
0.0949634784452
0.0126035825781
0.0138491664992
0.0138510361213
0.0290535183787
0.0115128867793
0.0111750715713
0.0222721431905
0.0127264592853
0.0127264592855
0.0127264592855
0.0127264592855
0.0127264592855
0.303327043818
0.0949205917864
0.162674594593
0.428571572302
0.351348014104
0.411808068486
0.31471031835
0.462995346259
0.406306738007
0.379194034767
0.299960543557
0.374897967524
0.263900527453
0.16411348688
0.211473705915
0.453537931766
0.325629938202
0.0403366597007
0.17554955883
0.0121880762211
0.32417587067
0.18011410582
0.406404892356
0.00729919407587
0.248612310903
0.0958728326234
0.34133022885
0.323938467205
0.32933754714
0.175378028548
0.279485564155
0.130455291789
0.238947957066
0.0
0.208026367002
0.366256722018
0.416397806151
0.355470461838
0.300204544705
0.173559206712
0.1949956109
0.227560633083
0.00509575249733
0.295056551325
0.32442314962
0.429303784163
0.387090546953
0.35809435687
0.424459801142
0.296971699108
0.271956149033
0.348652507267
0.168769190138
0.46697299414
0.268717994215
0.286707167928
0.141784857203
