0.00337379021182
0.0818640901204
0.109334313053
0.197440603707
0.231466717655
0.221490222093
0.134142405546
0.232272599319
0.158037782182
0.342246066905
0.135475592505
0.19652942536
0.291317860607
0.33400270933
0.241438491654
0.384109371119
0.168297777948
0.371756366474
0.271012346683
0.356623789864
0.304712954091
0.337545961404
0.36542806643
0.268956348029
0.000927607493301
0.00111960751777
0.00111960751734
0.00111960751763
0.265367559476
0.274240377788
0.217369005811
0.276165426216
0.370589062071
0.327812560432
0.332188665768
0.297455726902
0.167560586545
0.394814186174
0.243581066758
0.295063102307
0.0621966173069
0.0898907496531
0.00794326282512
0.37404826093
0.328008471487
0.0164316169962
0.292073747332
0.182426763247
0.229694854839
0.258722074775
0.190799350467
0.224097382328
0.22566379781
0.337494300624
0.262056335795
0.0188041216912
0.0445441377313
0.011819718801
0.0130372589207
0.0130391283384
0.044854590407
0.0183137599601
0.0160731892638
0.0195084959466
0.0119427028101
0.0119427028103
0.0119427028103
0.0119427028103
0.0119427028103
0.137464074793
0.161531010358
0.157632647158
0.305343766145
0.278465385599
0.292225086246
0.27187020958
0.355244905481
0.241728872831
0.3415317738
0.245830078619
0.197570691587
0.187009811155
0.118315484862
0.0736821832006
0.381050634478
0.244227584642
0.0352255019928
0.153045665326
0.0560561309569
0.151178913107
0.0892604480174
0.402338416994
0.103850675873
0.285340999089
0.170527144789
0.246477678111
0.331716975142
0.170227277477
0.0714511179275
0.323619318954
0.162136339217
0.284779922796
0.0
0.237041136596
0.26683168543
0.382633892708
0.191445178825
0.299217757675
0.269486442497
0.142724170382
0.177119604146
0.0373730486801
0.445379290566
0.601486281094
0.641611908539
0.575419912344
0.526314787654
0.580392980065
0.646129263256
0.628890836231
0.586332432579
0.838238716028
0.571431621337
0.547769254064
0.44655727907
0.376981260862
