0.0548365598737
0.278432106226
0.181759492295
0.354747516542
0.335106357385
0.401997866802
0.438432981401
0.464027040466
0.309865107371
0.484758950289
0.382913373322
0.4004707056
0.677238831628
0.575701902889
0.480816734834
0.508071467935
0.365388612127
0.712579188582
0.553288747007
0.721288282873
0.507491060548
0.575065334254
0.619848535968
0.615455955065
0.0155788862993
0.0156714049006
0.0156748810838
0.0156748870847
0.589773646379
0.681488821805
0.529133498961
0.611752792438
0.690892196714
0.691792483637
0.686371385889
0.475160630505
0.316365408372
0.597116198183
0.573763113083
0.456595403634
0.0640813987226
0.109704165314
0.00936447327518
0.512309835107
0.605545179482
0.00108476665622
0.607184010809
0.480189808777
0.609161978113
0.494316728072
0.613667688668
0.521323379036
0.503947676467
0.552659373095
0.507182538647
0.229639451545
0.211500210948
0.0163633938798
0.017715878975
0.0177172245866
0.190972340943
0.152128685986
0.160715120887
0.200829529947
0.0164208002208
0.016420800221
0.016420800221
0.016420800221
0.016420800221
0.453568340414
0.332347022599
0.371137657809
0.555842705982
0.649681610592
0.55703257114
0.574736400603
0.649827540226
0.457459621877
0.615289335007
0.490751654187
0.666175490968
0.512701144931
0.26205077612
0.391008730227
0.548242310787
0.445906726258
0.0780431942714
0.302885467186
0.141713321194
0.43985187871
0.238116560397
0.620902840983
0.00850993240063
0.49004211353
0.148205196533
0.620146376227
0.458413936194
0.476155386048
0.26204646012
0.466946209973
0.203798229228
0.441337812256
0.0
0.362582973361
1.16725028541
0.512305494084
0.319198109965
0.61777161556
0.259876804996
0.38036967787
0.285489842554
0.05698034737
0.407432829851
0.479774134969
0.498214041116
0.569787889963
0.479872425665
0.51895189364
0.485161781816
0.439714361414
0.548469974135
0.2666854748
0.665323606507
0.459840706843
0.49579259256
0.34898701487
