0.0697779098478
0.289895411167
0.401479046736
0.464288950598
0.569540256745
0.550075312688
0.574621559394
0.446539148872
0.307883228124
0.561699161027
0.41485198954
0.52891017674
0.775187136751
0.788121568218
0.618774514366
0.674076406581
0.399889980302
0.921377837852
0.648363295517
0.794158505898
0.583703612685
0.599686592787
0.727625084413
0.648530922676
0.00970877769155
0.00981789206216
0.00982051180122
0.00982051771519
0.871324518321
0.695887550359
0.648946343219
0.573173519001
0.831142749762
0.878130184205
1.77022060195
0.753461191076
0.368277019903
0.808002300778
0.61514799936
0.692024341801
0.13301783617
0.193374994197
0.0191358432724
0.772819606089
0.801848083065
0.00854369423522
0.829646318574
0.788383456745
0.712961676765
0.666683582615
0.648906564893
0.646227291927
0.785811797856
0.807007747307
0.632996294849
0.283103632069
0.400449070532
0.0160103896171
0.0187029120035
0.0187041298
0.262821515061
0.212129045839
0.208234114562
0.244703577773
0.0160357960586
0.0160357960588
0.0160357960588
0.0160357960588
0.0160357960588
0.647956734468
0.497469532867
0.547655483039
0.711234988649
0.800661921808
0.684819588018
0.727972992073
0.875048080008
0.792434330118
0.857685219307
0.528402413009
0.850525455596
0.670041441807
0.450074509293
0.512856686202
0.675108945037
0.420111853129
0.123785157661
0.347559814023
0.21234242381
0.530627689882
0.146227557522
0.71553346023
0.0639032972503
0.690248518917
0.26118196705
0.629250859217
0.527810570279
0.426979838664
0.147688595227
0.577646979341
0.230288066506
0.726248186017
0.0
0.639285928553
0.686707109452
0.764649049933
0.487803600956
0.587926516352
0.504010790789
0.508074106351
0.381581824641
0.0747243471275
0.671681187775
0.805229374931
0.769265720124
0.664437608068
0.559481540421
0.557068540072
0.696066715299
0.642158121555
0.60012101769
0.331784383085
0.833231378054
0.414439039408
0.464253981862
0.333730010206
