0.00127282391359
0.00116977289859
0.00111712796585
0.000473083643291
0.00100017632251
0.000186912965872
4.64452241597e-05
9.30781083388e-05
0.0
0.0
4.64452241597e-05
4.64452241597e-05
4.64452241597e-05
0.0
4.64452241597e-05
0.000139900175164
0.0
0.0
0.0
0.0
0.0
0.0
0.000376902860677
9.30781083388e-05
0.00106763386311
0.0
0.000423670566631
0.0
9.30781083388e-05
4.64452241597e-05
4.64452241597e-05
4.64452241597e-05
0.000715639377361
0.000473083643291
0.0
0.00042489306222
0.0
0.0
4.54256037713e-05
0.0
4.64452241597e-05
9.30781083388e-05
0.000667883690796
0.0
0.000666864070407
4.64452241597e-05
0.000139892018201
0.00047308364303
0.00042489306222
0.00047308364329
0.000521468127298
0.000473083643291
0.00042489306222
0.000521476284261
0.000473083643291
0.0
0.0
0.0
0.0
9.30781083388e-05
0.0
0.0
0.000323455462173
0.0
9.30781083388e-05
0.000202109883644
0.0
0.000281516978737
0.0
0.0012201637715
4.64452241597e-05
0.0
0.0
0.000914557571038
0.0
0.0380312955484
0.0376223486048
0.03764511985
0.0376684833963
0.0376223603223
0.0376689932065
0.0376223603223
0.0750959475322
0.0376223603223
