0.0125518418245
0.0115335891798
0.0110140963643
0.0046590611115
0.00990305575257
0.00183992359999
0.000457092922666
0.0161088041537
0.0
0.0
0.000457092922666
0.000457092922666
0.000457092922666
0.0
0.000457092922666
0.00137703850623
0.0
0.0
0.0
0.0
0.0
0.0
0.00371126744075
0.00091610038667
0.0105247118923
0.0
0.00417252587877
0.0
0.00091610038667
0.000457092922666
0.000457092922666
0.000457092922666
0.0219073441168
0.00463667062414
0.0
0.00418413958686
0.0
0.0
0.000447406528976
0.0
0.000457092922666
0.00091610038667
0.00657960155788
0.0
0.00656991516419
0.000457092922666
0.00137696101508
0.00465906110902
0.00418413958686
0.00465906111149
0.00513597237461
0.0046590611115
0.00418413958686
0.00513604986575
0.0046590611115
0.0
0.0
0.0
0.0
0.00091610038667
0.0
0.0
0.00322048238642
0.0
0.00091610038667
0.00200069470331
0.0
0.00277160102761
0.0
0.0120318463036
0.000457092922666
0.0
0.0
0.424640959134
0.0
0.00853440334766
0.000457084765703
0.00090641399298
0.00137703850596
0.000457092922666
0.00137703850623
0.000457092922666
0.00090641399298
0.000457092922666
