0.0265322141409
0.0370054395192
0.036871925543
0.000473073785501
0.0350136705793
0.000186912965594
4.64452241597e-05
9.30781083388e-05
0.0
0.0
4.64452241597e-05
4.64452241597e-05
4.64452241597e-05
0.0
4.64452241597e-05
0.000139900175164
0.0
0.0
0.0
0.0
0.0
0.0
0.000376902860677
9.30781083388e-05
0.00106763386311
0.0
0.000423670566631
0.0
9.30781083388e-05
4.64452241597e-05
4.64452241597e-05
4.64452241597e-05
0.0371238535902
0.000473083643291
0.0
0.00042489306222
0.0
0.0
4.54256037713e-05
0.0
4.64452241597e-05
9.30781083388e-05
0.0340878691577
0.0
0.00066642126316
4.64452241597e-05
0.000139892018201
0.000473083643291
0.00042489306222
0.00047308364329
0.000521468127298
0.000473083643291
0.00042489306222
0.000521476284261
0.000473083643291
0.0
0.0
0.0
0.0
9.30781083388e-05
0.0
0.0
0.000323455462173
0.0
0.0672215447583
0.000234109883644
0.0
0.000281516978737
0.0
0.00122016377124
4.64452241597e-05
0.0
0.0
0.000914557571038
0.0
0.000866028148744
4.64452241597e-05
9.20584879503e-05
0.000139900175163
4.64452241597e-05
0.000139900175164
4.64452241597e-05
9.20584879503e-05
4.64452241597e-05
