0.00914547074044
0.00840400951077
0.00802557904332
0.00339605630366
0.00720691753991
0.00134133628908
0.0003332514958
0.000667883690796
0.0
0.0
0.0003332514958
0.0003332514958
0.0003332514958
0.0
0.0003332514958
0.00100390807664
0.0
0.0
0.0
0.0
0.0
0.0
0.11999458059
0.000667883690796
0.00766929350365
0.0
0.00304139492986
0.0
0.000667883690796
0.0003332514958
0.0003332514958
0.0003332514958
0.00513894180199
0.00339605630366
0.0
0.149157114447
0.0
0.0
0.000326114153081
0.0
0.0003332514958
0.000667883690796
0.00479549678583
0.0
0.372219307465
0.0003332514958
0.0010033411677
0.00339605222348
0.00304995239898
0.00339605630365
0.0037435926315
0.00339605630366
0.00304995239898
0.00374364973025
0.00339605630366
0.0
0.0
0.0
0.0
0.000667883690796
0.0
0.0
0.149004958047
0.0
0.000667883690796
0.00145615419995
0.0
0.00202045147196
0.0
0.00876675189532
0.0003332514958
0.0
0.0
0.00656880184845
0.0
0.00621961379159
0.0003332514958
0.000660746348076
0.0374096455623
0.0003332514958
0.00100390807664
0.0003332514958
0.000660746348076
0.0003332514958
