0.0196865435085
0.0278032225918
0.0286236397959
0.0286688057659
0.0305130035254
0.000770572438119
0.000212011980773
0.00042489306222
0.0
0.0
0.000212011980773
0.000212011980773
0.000212011980773
0.0
0.000212011980773
0.000638650399905
0.0
0.0
0.0
0.0
0.0
0.0
0.00172083767239
0.00042489306222
0.12222514177
0.0
0.272152963413
0.0
0.000422343985155
0.000212011980773
0.000212011980773
0.000212011980773
0.00326823586427
0.00216010702066
0.0
0.00194000788911
0.0
0.0
0.000207423689025
0.0
0.000212011980773
0.00042489306222
0.00304995239898
0.0
0.00304536410723
0.000212011980773
0.000638613693571
0.00216010701949
0.00194000788911
0.00216010702066
0.0023811062693
0.00216010702066
0.00194000788911
0.00238114297563
0.00216010702066
0.0
0.0
0.0
0.0
0.00042489306222
0.0
0.0
0.0014835386889
0.0
0.00042489306222
0.0302543475631
0.0
0.00128525284613
0.0
0.0283354704757
0.000166049182689
0.0
0.0
0.00417719691652
0.0
0.0626173817333
0.000212011980773
0.000422583177046
0.000638650399899
0.000212011980773
0.000638650399905
0.000212011980773
0.000420304770472
0.000212011980773
