0.00191331219484
0.00175838856201
0.00167924991843
0.000711088027797
0.00150382245342
0.000280940107433
6.98087704289e-05
0.000139900175164
0.0
0.0
6.98087704289e-05
6.98087704289e-05
6.98087704289e-05
0.0
6.98087704289e-05
0.000210276512141
0.0
0.0
0.0
0.0
0.0
0.0
0.000566514604214
0.000139900175164
0.00160483903309
0.0
0.000636816656522
0.0
0.000139900175164
6.98087704289e-05
6.98087704289e-05
6.98087704289e-05
0.0302908232617
0.0297351716493
0.0
0.000638650399905
0.0
0.0
6.82793398462e-05
0.0
6.98087704289e-05
0.000139900175164
0.00100390807664
0.0
0.00100237864605
6.98087704289e-05
0.0297158030378
0.000711088027406
0.000638650399905
0.000711088027795
0.000783817788963
0.000711088027797
0.000638650399905
0.000783830024408
0.000711088027797
0.0
0.0
0.0
0.0
0.000139900175164
0.0
0.0
0.000486493999835
0.0
0.000139900175164
0.000303881080269
0.0
0.000423138520732
0.0
0.0018341476494
6.98087704289e-05
0.0
0.0
0.00137472428278
0.0
0.0384419432469
0.0376223486078
0.0376679735861
0.0377153054631
0.0376223603223
0.104797459856
0.0376223603223
0.0376689932065
0.0376223603223
