0.00320255848658
0.00294318491826
0.00281071122922
0.00119006242649
0.00251833212086
0.000470151311439
0.000116821561136
0.000234118040607
0.0
0.0
0.000116821561136
0.000116821561136
0.000116821561136
0.0
0.000116821561136
0.000351893315714
0.0
0.0
0.0
0.0
0.0
0.0
0.00094809071331
0.000234118040607
0.0526864836159
0.0
0.0303805505261
0.0
0.000234118040607
0.000116821561136
0.000116821561136
0.000116821561136
0.0018003654682
0.00119006242649
0.0
0.00106882291146
0.0
0.0
0.000114272510165
0.0
0.000116821561136
0.000234118040607
0.00168018011043
0.0
0.00167763105946
0.000116821561136
0.000351872923306
0.00119006242584
0.00106882291146
0.00119006242649
0.00131179314763
0.00119006242649
0.00106882291146
0.00131181354004
0.00119006242649
0.0
0.0
0.0
0.0
0.000234118040607
0.0
0.0
0.000815228911348
0.0
0.000234118040607
0.175896145049
0.0
0.000708131407787
0.0
0.00307003119496
0.000116821561136
0.0
0.0
0.00230091515538
0.0
0.00217876742133
0.000116821561136
0.000231568989636
0.000351893315711
0.000116821561136
0.000351893315714
0.000116821561136
0.000231568989636
0.000116821561136
