0.481548543812
0.415496771952
0.389288285629
0.142323582191
0.376189701574
0.0539342631617
0.000635060887577
0.00127282391359
0.0
0.0
0.000635060887577
0.000635060887577
0.000635060887577
0.0
0.000635060887577
0.00191331219484
0.0
0.0
0.0
0.0
0.0
0.0
0.00950101886927
0.00127282391359
0.00793927028019
0.0
0.0196855842668
0.0
0.0012728238843
0.000635060887577
0.000635060887577
0.000635060887577
0.159469444871
0.0105745898626
0.0
0.00581480501973
0.0
0.0
0.000621805822527
0.0
0.000635060887577
0.00127282391359
0.170370070995
0.0
0.00912767342828
0.000635060887577
0.00191320615432
0.00647504307193
0.00581480501973
0.00647504307366
0.00713809646077
0.00647504307368
0.00581480501973
0.00713820250129
0.00647504307368
0.0
0.0
0.0
0.0
0.00127282391359
0.0
0.0
0.00449611621913
0.0
0.0265322141409
0.00277410919457
0.0
0.082293160105
0.0
0.00841277410743
0.00056996987113
0.0
0.0
0.0125317852213
0.0
0.000753063661723
0.000635060887577
0.00126041109592
0.00191331219482
0.000635060887577
0.00191331219484
0.000635060887577
0.00125956884854
0.000635060887577
