0.00713820250129
0.0065596848561
0.00626434828958
0.00265131434511
0.00562111425118
0.00104727274978
0.000260202561845
0.000521476284261
0.0
0.0
0.000260202561845
0.000260202561845
0.000260202561845
0.0
0.000260202561845
0.000783830024408
0.0
0.0
0.0
0.0
0.0
0.0
0.00211211681912
0.000521476284261
0.0298362045268
0.0
0.00237503049769
0.0
0.000521476284261
0.000260202561845
0.000260202561845
0.000260202561845
0.00401165327301
0.00265131434511
0.0
0.00238114297563
0.0
0.0
0.000254594649709
0.0
0.000260202561845
0.000521476284261
0.00374364973025
0.0
0.00373804181811
0.000260202561845
0.000783785161111
0.22368980014
0.223641664484
0.223689855066
0.223738239548
0.260925592854
0.223641664484
0.298437300715
0.223689855066
0.0
0.0
0.0
0.0
0.000521476284261
0.0
0.0
0.00182323617538
0.0
0.000521476284261
0.00113576867674
0.0
0.0015774615889
0.0
0.0068426765844
0.000260202561845
0.0
0.0
0.00512756437978
0.0
0.00485511525612
0.000260202561845
0.000515868372124
0.000783830024401
0.000260202561845
0.000783830024408
0.000260202561845
0.000515868372124
0.000260202561845
