0.00950101886927
0.0132516878589
0.0135468011105
0.0123713622703
0.0142249194298
0.0171386161647
0.000188066766154
0.000376902860677
0.0
0.0
0.000188066766154
0.000188066766154
0.000188066766154
0.0
0.000188066766154
0.000566514604214
0.0
0.0
0.0
0.0
0.0
0.0
0.230277438023
0.000376902860677
0.00432552596259
0.0
0.00171594769003
0.0
0.000376902860677
0.000188066766154
0.000188066766154
0.000188066766154
0.00289891795879
0.00191606267449
0.0
0.130430269241
0.0
0.0
0.0001839882846
0.0
0.000188066766154
0.000376902860677
0.00270532530095
0.0
0.119990502109
0.000188066766154
0.000566481976361
0.00191606267344
0.00172083767239
0.00191606267448
0.00211208419127
0.00191606267449
0.00172083767239
0.00211211681912
0.00191606267449
0.0
0.0
0.0
0.0
0.000376902860677
0.0
0.0
0.130328831641
0.0
0.000376902860677
0.000820082556347
0.0
0.00114006811648
0.0
0.0049439901652
0.000188066766154
0.0
0.0
0.00370509617823
0.0
0.0035083176655
0.000188066766154
0.000372824379123
0.0453230496654
0.000188066766154
0.000566514604214
0.000188066766154
0.000372824379123
0.000188066766154
