0.0084273260109
0.0203720443181
0.0213509103599
0.0176310622839
0.0236926711708
0.00892856560858
0.000609298390558
0.00122118339189
0.0
0.0
0.000609298390558
0.000609298390558
0.000609298390558
0.0
0.000609298390558
0.00183567707999
0.0
0.0
0.0
0.0
0.0
0.0
0.00494806864675
0.00122118339189
0.0946626032367
0.0
0.0283342072057
0.0
0.00122046092526
0.000609298390558
0.000609298390558
0.000609298390558
0.00940323728975
0.00621209142951
0.0
0.00557869431031
0.0
0.0
0.000596553135703
0.0
0.000609298390558
0.00122118339189
0.00877388923804
0.0
0.00876114398318
0.000609298390558
0.00183557511795
0.00621209142625
0.00557869431031
0.0062120914295
0.0068481825345
0.00621209142951
0.00557869431031
0.00684828449654
0.00621209142951
0.0
0.0
0.0
0.0
0.00122118339189
0.0
0.0
0.00431072430973
0.0
0.00122118339189
0.0026724782839
0.0
0.003695035316
0.0
0.704374591624
0.000609298390558
0.0
0.0
0.0120222474764
0.0
0.0812505013195
0.000609298390558
0.02069742032
0.00183567707997
0.000609298390558
0.00183567707999
0.000609298390558
0.00120843813703
0.000609298390558
