0.000635060887577
0.000583650394282
0.000557384671639
0.000236056967696
0.000498908849967
9.32672909856e-05
2.31758862501e-05
4.64452241597e-05
0.0
0.0
2.31758862501e-05
2.31758862501e-05
2.31758862501e-05
0.0
2.31758862501e-05
6.98087704289e-05
0.0
0.0
0.0
0.0
0.0
0.0
0.000188066766154
4.64452241597e-05
0.0246419103308
0.0
0.000212011980773
0.0
4.64452241597e-05
2.31758862501e-05
2.31758862501e-05
2.31758862501e-05
0.000357076867428
0.000236056967696
0.0
0.000212011980773
0.0
0.0
0.0374954175839
0.0
2.31758862501e-05
4.64452241597e-05
0.0003332514958
0.0
0.000332741685606
2.31758862501e-05
6.98046919473e-05
0.000236056967566
0.000212011980773
0.000236056967696
0.000260198483364
0.000236056967696
0.000212011980773
0.000260202561845
0.000236056967696
0.0
0.0
0.0
0.0
4.64452241597e-05
0.0
0.0
0.00016129318075
0.0
4.64452241597e-05
0.000100817482655
0.0
0.00014047236572
0.0
0.000608788580364
2.31758862501e-05
0.0
0.0
0.00045632151485
0.0
0.000432111112328
2.31758862501e-05
4.59354139655e-05
6.98087704282e-05
2.31758862501e-05
6.98087704289e-05
2.31758862501e-05
4.59354139655e-05
2.31758862501e-05
