0.000635060887577
0.000583650394282
0.000557384671639
0.000236056967696
0.000498908849967
9.32672909856e-05
2.31758862501e-05
4.64452241597e-05
0.0
0.0
2.31758862501e-05
2.31758862501e-05
2.31758862501e-05
0.0
2.31758862501e-05
6.98087704289e-05
0.0
0.0
0.0
0.0
0.0
0.0
0.000188066766154
4.64452241597e-05
0.000532693864042
0.0
0.000211400732979
0.0
4.64452241597e-05
2.31758862501e-05
2.31758862501e-05
2.31758862501e-05
0.000357076867428
0.000236056967696
0.0
0.000212011980773
0.0
0.0
2.26660760559e-05
0.0
2.31758862501e-05
4.64452241597e-05
0.0003332514958
0.0
0.000332741685606
2.31758862501e-05
6.98046919473e-05
0.000236056967566
0.000212011980773
0.000236056967696
0.000260198483364
0.000236056967696
0.000212011980773
0.000260202561845
0.000236056967696
0.0
0.0
0.0
0.0
4.64452241597e-05
0.0
0.0
0.00016129318075
0.0
4.64452241597e-05
0.000100817482655
0.0
0.00014047236572
0.0
0.000608788580364
2.31758862501e-05
0.0
0.0
0.00045632151485
0.0
0.0376223603223
0.0376223486018
0.0376223603223
0.0376218505121
0.0376223603223
0.0376223603223
0.0376223603223
0.0376223603223
0.0376223603223
