0.00793927028019
0.020053306817
0.0211184098874
0.0184533343187
0.0236359091111
0.00870287841163
0.000532693864185
0.00106763386339
0.0
0.0
0.000532693864185
0.000532693864185
0.000532693864185
0.0
0.000532693864185
0.00160483903351
0.0
0.0
0.0
0.0
0.0
0.0
0.00432552596374
0.00106763386339
0.598063265469
0.0
0.122085777273
0.0
0.00106583274561
0.000532693864185
0.000532693864185
0.000532693864185
0.00821917170117
0.00543035116514
0.0
0.00487673582879
0.0
0.0
0.0245164970232
0.0
0.000532693864185
0.00106763386339
0.00766929350565
0.0
0.00765807768137
0.000532693864185
0.00160474930692
0.00543035116227
0.00487673582879
0.00543035116513
0.00598630334946
0.0291813079387
0.00487673582879
0.0296326117756
0.00543035116514
0.0
0.0
0.0
0.0
0.00106763386339
0.0
0.0
0.00376092222828
0.0
0.00106763386339
0.0487364307269
0.0
0.00323023960136
0.0
0.0946513874134
0.000400772064219
0.0
0.0
0.0105077409231
0.0
0.142488090767
0.000532693864185
0.0206196517834
0.0016048390335
0.000532693864185
0.00160483903351
0.000532693864185
0.00105641803912
0.000532693864185
