0.00581480501973
0.00534365227488
0.00510308835737
0.00216010702066
0.00457680596232
0.000853291238142
0.000212011980773
0.00042489306222
0.0
0.0
0.000212011980773
0.000212011980773
0.000212011980773
0.0
0.000212011980773
0.000638650399905
0.0
0.0
0.0
0.0
0.0
0.0
0.130430269241
0.00042489306222
0.0048767358275
0.0
0.00193450665896
0.0
0.00042489306222
0.000212011980773
0.000212011980773
0.000212011980773
0.00326823586427
0.00216010702066
0.0
0.223641664484
0.0
0.0
0.000207423689025
0.0
0.000212011980773
0.00042489306222
0.00304995239898
0.0
0.149152526155
0.000212011980773
0.000638613693571
0.00216010701949
0.00194000788911
0.00216010702066
0.0023811062693
0.00216010702066
0.00194000788911
0.00238114297563
0.00216010702066
0.0
0.0
0.0
0.0
0.00042489306222
0.0
0.0
0.129333650554
0.0
0.00042489306222
0.000924813643498
0.0
0.00128525284613
0.0
0.00557410601856
0.000212011980773
0.0
0.0
0.00417719691652
0.0
0.00395531178692
0.000212011980773
0.000420304770472
0.0398747330453
0.000212011980773
0.000638650399905
0.000212011980773
0.000420304770472
0.000212011980773
