0.0170183506546
0.0957101773822
0.752247386363
0.0133976096223
0.0884269072548
0.0217537826158
0.00474947201493
0.262566327725
0.705057311289
0.0342829918239
0.00474947737341
0.00474947737341
0.027695134012
0.0391074100901
0.0342825847081
0.617386571357
0.0267265650882
0.658360904148
0.0277977392751
0.00474947737341
0.121845073969
0.75299941923
0.00474947737341
0.738399912664
0.026666699515
0.00954663086315
0.00474947737341
0.00474947737341
0.0168339083037
0.0317508620201
0.659853080346
0.0538289159407
0.652587015105
0.0423253924715
0.00474947737341
0.842599897035
0.685432418247
0.841708800416
0.00474947737341
0.0497108714508
0.0251020597928
0.00236883931016
0.160186583384
0.00236883931016
0.408851275311
0.0
0.0
0.0
0.0
0.111034107545
0.0166748376412
0.0266290932179
0.0342826566979
0.00474947737341
0.634656397016
0.0192879209978
0.712992791846
0.935987684914
0.0237148665994
0.00954663086315
0.939238789711
0.923659637142
0.0267258338743
0.0
0.015325273103
0.00763050479023
0.0
0.00997615746334
0.00714166144292
0.0
0.00236883931016
0.303181701607
0.149114393448
0.144697243351
0.149114393448
0.845016967217
0.142505443524
0.634522336482
0.265001739515
0.146900190377
0.14032467098
0.0
0.14032467098
0.00701403400069
0.0242341150336
0.011963391531
0.0878753400654
0.0460701410826
0.0410409661054
0.00236832949996
0.0
0.0399680176314
0.014392439483
0.0399670048674
0.0399666663535
0.00236883931016
0.288732232797
0.939870812311
0.945321489862
0.00236883931016
0.843683719495
0.00236883891862
0.049710292382
0.048298571189
0.0398720237136
0.0715703974949
0.0376223603223
0.0665700112994
0.777360883304
0.0376223603223
0.0376223603223
0.0
0.00236883931016
0.00714203399155
0.739586512626
0.384150577597
0.00714203400073
0.0523947045596
0.011963391531
0.00950380680684
0.0047494773734
0.00236883931016
0.00236883931016
0.00236883931016
0.0
0.0
0.0
0.0324324061248
0.0616496353856
0.501093286944
0.00474947737341
0.0
0.246219629303
0.00236883931016
0.00236883931016
0.0192879214139
0.937825848938
0.343630395005
0.011963391531
0.00997616815214
0.848022941352
0.0
0.847397018901
0.72284277327
0.790983897228
0.0
0.42463922434
0.00714203360915
0.0
0.264823383332
0.00236832949996
0.0
0.0
0.00763050479023
0.0
0.560275708249
0.00763050479023
0.265151955833
0.5326145558
0.0
0.10449396101
0.311481851747
0.0342829918239
0.00236794127026
0.0497647977648
0.0400165212234
0.0
0.0
0.129295790788
0.00474947734171
0.00758461778249
0.743277106663
0.0
0.231175367903
0.0433232457056
0.0
0.0
0.838415737244
0.830523269769
0.0
0.272460300423
0.0253845825783
0.533133899029
0.021389059122
0.841972865012
0.014395823559
0.842001667482
0.040017473981
0.785961846591
0.0
0.0
0.314651599261
0.0
0.580808892962
0.00763050479023
0.00236883931016
0.0415176085963
0.00236883931016
0.838580099974
0.0076305047902
0.0
0.0
0.839144360892
0.0168339062712
0.0119521985
0.884739282841
0.0
0.00884272017149
0.724983257658
0.0
0.753199171054
0.783041608356
0.884712193548
0.00233510019736
0.736548320416
0.523577668412
0.234536306196
