0.000853291238142
0.00075690839563
0.0229945946296
0.000470151311439
0.000660926333052
0.000853291238142
0.000186912965872
0.0321642419995
0.0429478248542
0.00134133628908
0.000186912965872
0.000186912965872
0.0483430346819
0.00153948074703
0.00134133628908
0.0341372881111
0.00104727274978
0.0232856138555
0.0194632389741
0.000186912965872
0.00496557644788
0.0234547135131
0.000186912965872
0.0238052558917
0.00104727274978
0.00037535183627
0.000186912965872
0.000186912965872
0.000660926333052
0.00124289827051
0.0225587886251
0.000470151311439
0.0223680682517
0.037762828064
0.000186912965872
0.0250460271276
0.0229497874613
0.0250790031937
0.000186912965872
0.00194094656278
0.000470151311439
9.32672909856e-05
0.0073977161917
9.32672909856e-05
0.0164304360048
0.0
0.0
0.0
0.0
0.00519757737482
0.0563430346819
0.00104727274978
0.00134133628908
0.000186912965872
0.0221007442879
0.00075690839563
0.0239390774553
0.0282631452438
0.00104727274978
0.00037535183627
0.0280474880215
0.0283208540072
0.00104727274978
0.0
0.0562019947497
0.0266028103136
0.0
0.0266729017184
0.000280940107433
0.0
9.32672909856e-05
0.0116064756869
0.00114487826918
0.000950078221675
0.00114487826918
0.0233892836628
0.000853291238142
0.0197812186863
0.00627144278492
0.00104727274978
0.00075690839563
0.0
0.00075690839563
0.000280940107433
0.000950078221675
0.000470151311439
0.00450845507275
0.027244089571
0.0270995161474
9.32672909856e-05
0.0
0.037692451727
0.000565341731076
0.037692451727
0.037692451727
9.32672909856e-05
0.00912817388376
0.0275611529181
0.0367044678656
9.32672909856e-05
0.0251121687795
9.32672909856e-05
0.00194094656278
0.0270995161474
0.037692451727
0.0386304451156
0.0376223603223
0.0384827889828
0.0593643610637
0.0376223603223
0.0376223603223
0.0
9.32672909856e-05
0.000280940107433
0.0238717787741
0.0153247390011
0.000280940107433
0.00204241360681
0.000470151311439
0.00037535183627
0.000186912965872
9.32672909856e-05
9.32672909856e-05
9.32672909856e-05
0.0
0.0
0.0
0.000186912965872
0.00144019590561
0.0399132937874
0.000186912965872
0.0
0.00689035400855
9.32672909856e-05
9.32672909856e-05
0.00075690839563
0.0290082267164
0.0143941681124
0.000470151311439
0.0266729017184
0.0253498234073
0.0
0.0253152676309
0.0282493493046
0.0247601180287
0.0
0.016954170282
0.000280940107433
0.0
0.0135321016515
9.32672909856e-05
0.0
0.0
9.32672909856e-05
0.0
0.0207106675713
9.32672909856e-05
0.00871716828056
0.0497337327144
0.0
0.00428324496363
0.0179418347509
0.00134133628908
9.32672909856e-05
0.00194094656278
0.0267432780553
0.0
0.0
0.00602845134845
0.000186912965872
0.0266028103136
0.0247601180287
0.0
0.00982987710672
0.0454184780118
0.0
0.0
0.0248203248063
0.0248203248063
0.0
0.0414418933201
0.015794391642
0.0454241078086
0.000853291238142
0.0255473138002
0.0562019947497
0.0250132384275
0.000280940107433
0.0243631159573
0.0
0.0
0.0123890772817
0.0
0.0180378092142
0.0266028103136
9.32672909856e-05
0.00144019590561
9.32672909856e-05
0.0248203248063
9.32672909856e-05
0.0
0.0
0.0248520325492
0.000660926333052
0.000470151311439
0.0234779727805
0.0
0.000470151311439
0.0237632941405
0.0
0.0239868523509
0.0272367591672
0.027628631173
9.32672909856e-05
0.0247601180287
0.0196565307313
0.0283686786232
0.0606381083656
0.1313304614
0.0376223603223
0.00134133628908
9.32672909856e-05
0.0
0.0141498651837
0.0
0.0
0.0
0.0
0.0
9.32672909856e-05
9.32672909856e-05
0.0
0.0562958296072
0.000660926333052
0.000660926333052
0.000950078221675
0.00037535183627
0.0300967041377
0.00037535183627
0.0155075304841
0.0231205335561
0.00225667651283
0.00326303224945
0.0278415879354
0.000470151311439
0.000853291238142
0.000280940107433
0.0280975859132
0.0328529084709
0.000280940107433
0.00183992359999
0.0152581107461
0.000280940107433
0.0073977161917
0.000853291238142
0.0277781714924
0.000565341731076
0.000565341731076
0.0256137294238
0.00450845507275
0.000470151311439
0.000565341731076
0.000565341731076
0.000470151311439
0.00114487826918
0.0379756900726
0.0384827889828
0.0380472296876
0.0382636395796
0.027244089571
0.0397799332684
0.00104727274978
0.0382636395796
0.0430577649449
0.0279184477368
9.32672909856e-05
9.32672909856e-05
9.32672909856e-05
