0.0440565949685
0.49243969053
0.0519458376384
0.0240551552509
0.0264790493524
0.0193923378636
0.342141314041
0.00877892381356
0.00877892381416
0.0301305102098
0.0176415397966
0.0545315912739
0.220663796812
0.155177795161
0.0168318986078
0.0
0.0106366112828
0.0
0.0
0.0
0.324854012803
0.0106366112828
0.781176068904
0.0387859252731
0.00877638034262
0.00502213515174
0.0106366112828
0.00877891925002
0.00877892381414
0.00877892381416
0.00877892381416
0.00877892381416
0.00877892381416
0.00877892381416
0.00877892381416
0.00877892381416
0.00877892381416
0.00877892381416
0.00877892381416
0.0696432250819
0.0
0.0141470413956
0.00877892381416
0.0
0.256455426001
0.0
0.0
0.0331783592311
0.689352338985
0.473421686934
0.935580951209
0.341032959611
0.442240511988
0.585736402161
0.0
0.69459002606
0.00993558763345
0.243819895451
0.0
0.116062623437
0.0271793880313
0.641856226369
0.00877892381416
0.405611516241
0.0700260169081
0.00497706506862
0.642252229272
0.0
0.198920165582
0.258313107029
0.0106366112828
0.0409971778313
0.176505098036
0.0519250220513
0.496207775711
0.0544702316299
0.0544702316299
0.836288746525
2.28530992181
0.637254986131
