0.404265921709
0.793466294833
0.945309657883
0.00432921020262
0.416879436109
0.232316639906
0.0
0.42657967089
0.102070736532
0.167286444093
0.0
0.0
0.19427535331
0.232440876271
0.101905706875
0.631665323492
0.0480037789641
0.0
0.0837688636181
0.426856680692
0.0
0.00143708113479
0.236975759792
0.282621067487
0.276118703455
0.0
0.0
0.105924432142
0.0
0.0401628284743
0.230891899981
0.0402501058378
0.0
0.0
0.276547274263
0.0743667093496
0.0
0.133531535557
0.00885042287749
0.0989444851104
0.0470051669024
0.247700911191
0.170485606302
0.0
0.00143708113479
0.295158684187
0.165977503763
0.114916060251
0.35096528554
0.0
0.00969505612137
0.0
0.0
0.0
0.0
0.0
0.00969505612137
0.0623573484751
0.0
0.00143708113479
0.0194923979823
0.27953074996
0.320127401676
0.0634775630649
0.00969505612137
0.00969505612137
0.27111546738
0.0182768549428
0.00969505612137
0.0220190399167
0.176991569692
0.0854568151957
0.0756013146236
0.126246158555
0.523802027533
0.269604102088
0.27115990495
0.0853350979107
0.00969505612137
0.0194923979823
