0.000818692429707
0.00137804437698
0.00143708113479
4.44493704174e-05
0.0123206730363
0.00240330413931
0.0
0.0016794597907
0.0011477577764
0.00804022631167
0.0
0.0
0.0114176798435
0.000845409099977
0.000236056967696
0.00299431457904
0.000357808081245
0.0
0.000260202561845
0.0246419043376
0.0
2.31758862501e-05
0.00638632255135
0.0167425912249
0.0202282981399
0.0
0.0
0.00155699803449
0.0
0.000952684443995
0.0160357960588
6.98087704289e-05
0.0
0.0
0.00401158794313
6.98087704289e-05
0.0
0.000872245237425
2.31758862501e-05
0.000406093298725
4.64452241597e-05
0.00164781906625
0.00258136126654
0.0
2.31758862501e-05
0.0266028102843
0.00143708113479
0.00146682253023
0.00486113530133
0.0
2.31758862501e-05
0.0
0.0
0.0
0.0
0.0
2.31758862501e-05
0.0111727824624
0.0
0.0376223603223
4.64452241597e-05
0.00106287495281
0.00530510162943
0.0188625365785
2.31758862501e-05
2.31758862501e-05
0.00095353012155
0.000164220499267
2.31758862501e-05
0.000212011980773
0.000923793466852
0.000116821561136
9.32672909856e-05
0.00219656690363
0.0135362746286
0.0088857961916
0.0033957916747
0.000116821561136
2.31758862501e-05
4.64452241597e-05
