0.313627640682
0.439930742298
0.525749760786
0.014786593476
0.628659690743
0.150121638178
0.0
0.436437657698
0.203180522159
0.345571273215
0.0
0.0
0.352662021256
0.2744917079
0.222954321658
0.825822063437
0.0623859001592
0.0
0.211010902056
0.561853768857
0.0
0.00763050479023
0.269126683411
0.505252773993
0.312259579896
0.0
0.0
0.0387773374939
0.0
0.028767331059
0.389470447003
0.0276517363131
0.0
0.0
0.359299870408
0.0604926331203
0.0
0.142429512474
0.0107583369216
0.15438782371
0.0247329515039
0.423388519704
0.381463914098
0.0
0.0077179339493
0.612649439412
0.211267758128
0.272017565902
0.437093696569
0.0
0.0115874376675
0.0
0.0
0.0
0.0
0.0
0.0115874376675
0.211549144318
0.0
0.0136336602103
0.029848754679
0.353830307278
0.56937679852
0.140135376716
0.037621341072
0.0376223603221
0.2447292315
0.088088826015
0.0376223603223
0.090231746849
0.204643106052
0.129844181785
0.118350011408
0.496655955258
2.62244444773
0.609865678223
0.629870890816
0.129762113257
0.0376223603223
0.0491866221036
