0.00920558086966
0.0634210139855
0.0834391746653
0.000703119718498
0.179931071342
0.000639351580403
0.0
0.0189157509005
0.0466127942376
0.0318927480928
0.0
0.0
0.014610131247
0.00950649595772
0.222954321658
0.170614829225
0.00401969662501
0.0
0.260340625012
0.200986257479
0.0
0.000260202561845
0.0887347056973
0.0820263521691
0.0101036852745
0.0
0.0
0.0175342209705
0.0
0.0107153280177
0.0321614239623
0.0181890506266
0.0
0.0
0.0919984762799
0.000603880989088
0.0
0.0189455797555
0.000260202561845
0.00456948971783
0.000521476284261
0.0219000968005
0.0291397169246
0.0
0.000260202561845
0.0938442925154
0.0161795711657
0.0401796181759
0.00376214080533
0.0
0.000260202561845
0.0
0.0
0.0
0.0
0.0
0.000260202561845
0.0102197779196
0.0
0.000260202561845
0.0185215195733
0.0200756988102
0.0269471337475
0.010112634813
0.000260202561845
0.000260202561845
0.00970462459717
0.00184422620606
0.000260202561845
0.00238114297563
0.00880996897467
0.00131181354004
0.00104727274978
0.1117858952
0.210007347339
0.126031532997
0.196539938302
0.00131181354004
0.000260202561845
0.000521476284261
