0.28825832652
0.223055366878
0.246570440828
0.00385065026209
0.324194204383
0.239546402254
0.0
0.295515595004
0.0909490694401
0.15335241215
0.0
0.0
0.319858769589
0.283868976576
0.0168406992644
0.433635744578
0.0720705718697
0.0
0.0219086852031
0.350493475987
0.0
0.00164859985665
0.171720493241
0.343605165888
0.317424708716
0.0
0.0
0.0719892139656
0.0
0.0323132050866
0.269210985537
0.0630951547153
0.0
0.0
0.263330402362
0.015751569951
0.0
0.076646621325
0.01314181632
0.0367289562605
0.0511450635019
1.36111552556
0.134457675755
0.0
0.00164855499335
0.477814214303
0.145423953832
0.15258564828
0.340522555774
0.0
0.0141470353832
0.0
0.0
0.0
0.0
0.0
0.0141470413956
0.0779284472133
0.0
0.00164859985665
0.0169606573939
0.260928336753
0.442720590277
0.0999888381106
0.0141470413956
0.0141470413956
0.244119948094
0.0240148938337
0.0141470413956
0.0314723744028
0.306324682426
0.033374833911
0.0190461568021
0.170145425441
0.422290549864
0.37238439748
0.226874533429
0.0341672495129
0.0141470413956
0.0285458099092
