0.0308619651735
0.0265973013051
0.0623174801714
0.00373236652031
0.136862903108
0.0367907579035
0.0
0.106735022617
0.0445703605583
0.154750863333
0.0
0.0
0.0810456096895
0.021826160404
0.00971680212353
0.203367577036
0.0535705188329
0.0
0.0110997781888
0.0842486503191
0.0
0.00190022748612
0.133180583775
0.135114207493
0.113884754962
0.0
0.0
0.00444935467031
0.0
0.0793821449826
0.164923299914
0.0231027980253
0.0
0.0
0.0847359488286
0.0243501018873
0.0
0.165460036317
0.00144135228603
0.148197211181
0.0135879108102
0.0787204541869
0.107412891774
0.0
0.00190020366578
0.127555601075
0.0791221144384
0.152732957208
0.103592801654
0.0
0.00190022748612
0.0
0.0
0.0
0.0
0.0
0.00190022748612
1.16979783012
0.0
0.0112527824869
0.0131298340868
0.0990604426282
0.280967580697
0.0310720291333
0.00190022748612
0.00190022748612
0.0366790251247
0.0134950353245
0.00190022748612
0.0197713955559
0.0250853023507
0.0399928733651
0.0381536740069
0.105614389869
0.214952114668
0.205726060231
0.212043112501
0.0399928733651
0.00190022748612
0.00380951824902
