0.639930943427
0.381541736123
0.402349866752
0.002466730454
0.266837584619
0.130212764995
0.0
0.263756665863
0.0412602169354
0.0949771554288
0.0
0.0
0.189707769232
0.216776584332
0.00835004392554
0.358984455057
0.0636965560882
0.0
0.00920558086966
0.275051535948
0.0
0.000818692429707
0.214213995668
0.156518954693
0.25917603968
0.0
0.0
0.0114392286899
0.0
0.0176260017868
0.128195522144
0.039138330492
0.0
0.0
0.126984662879
0.0347224381183
0.0
0.0340474793317
0.0114765730891
0.0434132364813
0.074560350581
0.288112991755
0.101404846612
0.0
0.000818692429707
0.217349944855
0.12499151939
0.0640352577735
0.323971982929
0.0
0.0123212782186
0.0
0.0
0.0
0.0
0.0
0.0123212842841
0.030701964366
0.0
0.000818692429707
0.00164092564343
0.275214081182
0.308708763713
0.0424354965673
0.0123212842841
0.0123212842841
0.197775155875
0.0171467006261
0.0123212842841
0.018783653156
0.188261368677
0.063437851944
0.0503688706219
0.0726578204239
0.313350453629
0.151577740995
0.141045568827
0.0510942957606
0.0123212842841
0.0248184245557
