0.0248184245557
0.0194923979823
0.0194283979823
0.000139900175164
0.0252216381111
0.0128188348654
0.0
0.0216967491082
0.00230062786077
0.00569011208183
0.0
0.0
0.0229819364824
0.0233265983483
0.000473083643291
0.0274951271289
0.000598687734016
0.0
0.000521476284261
0.0220057509849
0.0
4.64452241597e-05
0.0128198544857
0.01811980368
0.0260793135018
0.0
0.0
0.00312119285013
0.0
0.00190954277315
0.006978854083
0.000139900175164
0.0
0.0
0.0124051231387
0.000139900175164
0.0
0.00174829054352
4.64452241597e-05
0.000813992521537
9.30781083388e-05
0.0285442483284
0.00517584110097
0.0
4.64452241597e-05
0.028008508251
0.00288073280457
0.00293887644668
0.0231144473348
0.0
4.64452241597e-05
0.0
0.0
0.0
0.0
0.0
4.64452241597e-05
0.00364951820007
0.0
4.64452241597e-05
9.30781083388e-05
0.0226472909604
0.029669885935
0.0384984008312
0.037621341072
0.0376223603221
0.0486916468526
0.0377634049351
0.0376223603223
0.0378111964168
0.0483837806592
0.0377160059972
0.037692451727
0.0397957513397
0.0490892365499
0.0454453666803
0.0409951445759
0.0377160059972
0.0376223603223
0.0752215447583
