0.0123212842841
0.00969505612137
0.00966305612137
6.98087704289e-05
0.0125193354349
0.00638581681964
0.0
0.0107840224129
0.00114775774784
0.00283753530077
0.0
0.0
0.0114176795306
0.0115874376675
0.000236056967696
0.0136336602102
0.000298601045755
0.0
0.000260202561845
0.0109364704231
0.0
2.31758862501e-05
0.00638632662983
0.00901490988117
0.0129402407752
0.0
0.0
0.00155699803449
0.0
0.000952684443995
0.0034797986899
6.98087704289e-05
0.0
0.0
0.0061802029637
6.98087704289e-05
0.0
0.00087225003459
2.31758862501e-05
0.000406093298725
4.64452241597e-05
0.0141462606052
0.00258136126654
0.0
2.31758862501e-05
0.0138846427734
0.00143708113479
0.0014660758919
0.0114813621608
0.0
2.31758862501e-05
0.0
0.0
0.0
0.0
0.0
0.0376223603223
0.00190022746165
0.0
2.31758862501e-05
4.64452241597e-05
0.0112527824869
0.0146945980849
0.000899216395311
2.31758862501e-05
2.31758862501e-05
0.0110924624167
0.000164220499267
2.31758862501e-05
0.000212011980773
0.0107845962232
0.000116821561136
9.32672909856e-05
0.00219656690363
0.0114900521138
0.00784618224423
0.00339596013987
0.000116821561136
2.31758862501e-05
4.64452241597e-05
