0.049087308246
0.057059447321
0.103838183203
0.000997453474701
0.0978008093754
0.0612392561599
0.0
0.138630004026
0.0247094341786
0.0612890349112
0.0
0.0
0.0617190110985
0.0470766375002
0.00440423871842
0.146641628801
0.0811791245898
0.0
0.00485511525613
0.0757761877319
0.0
0.000432111112329
0.122880403482
0.151607011272
0.080130184083
0.0
0.0
0.0153472489506
0.0
0.0178208314624
0.0958951039212
0.00120032867479
0.0
0.0
0.0472541437683
0.0552861698924
0.0
0.260487900367
0.000362673512283
0.487462804802
0.000866028148745
0.0384044484717
0.041194578141
0.0
0.000432111112329
0.0583990440182
0.0816005469455
0.230290505824
0.0794524642632
0.0
0.000432111112329
0.0
0.0
0.0
0.0
0.0
0.000432111112329
0.153495142041
0.0
0.000432111112329
0.000866028148745
0.0480436144914
0.118337263451
0.0168146986106
0.000432111112329
0.000432111112329
0.0323766886907
0.00306323977421
0.000432111112329
0.0062584733694
0.0126756454921
0.0945040378214
0.0941402121897
0.0728534275259
0.159860268443
0.160652095615
0.0665576000113
0.0945040378213
0.000432111112329
0.000866028148745
