0.917468287135
0.917468287135
1.0
1.0
1.0
1.0
1.0
1.0
1.0
1.0
1.0
1.0
0.0
0.0
0.0
0.0
1.0
1.0
1.0
0.913834440355
1.0
0.845899126438
0.693849677594
0.693849677594
0.726816405414
0.694376702126
0.694376702126
0.694376702126
0.694376702126
0.694376702126
0.694376702126
0.983132498468
0.657984736038
0.995914748021
0.995914748021
0.651910709856
0.982416209828
0.309190496079
0.348037032785
0.348037032785
0.588791760147
0.588791760147
0.38711902399
0.38711902399
0.38711902399
0.38711902399
0.38711902399
0.38711902399
0.38711902399
0.38711902399
0.981727269565
0.99147242552
0.99147242552
0.976867436811
0.976867436811
0.976867436811
0.976867436811
0.976867436811
0.993562140935
0.596331345955
0.596331345955
0.596331345955
0.349803537419
0.606400270815
0.606400270815
0.606400270815
0.606400270815
0.606400270815
0.606400270815
0.606400270815
0.606400270815
0.606400270815
0.606400270815
0.606400270815
0.606400270815
0.606400270815
0.606400270815
0.987920478225
0.998471067915
0.998471067915
0.998471067915
0.998471067915
0.998471067915
0.998471067915
0.998471067915
0.69062222271
0.69062222271
0.991866152024
0.987898744966
0.987898744966
0.964132852327
0.995244931487
0.996793292137
0.586210010103
0.586210010103
0.997018153494
0.997018153494
0.423288027009
0.18870571514
0.990283244624
0.990283244624
1.0
1.0
0.942536575968
0.942536575968
0.964519330051
0.99304055902
1.0
0.64536962634
0.70588398671
0.66889780332
0.98746826876
0.511554852356
0.511554852356
0.511554852356
0.993669119481
0.851257983977
0.796202452144
0.352507806624
0.575737263046
0.575737263046
 0.550672535002
 0.983163082478
 0.929979134066
 0.894187045794
 0.886699065812
 0.648739218945
 0.658192328564
 0.995291296271
 0.784130251993
 0.384750083201
 0.629604087193
 0.981264706076
 0.974238858561
 0.914284089438
 0.9602698228
 0.909092618191
 0.504637463356
 0.673899090683
 0.97724996018
 0.97724996018
 0.944069956024
 0.944069956024
 0.983623959899
 0.417203897941
 0.988526133842
 0.977890723244
 0.977890723244
 0.986953702466
 0.515795105026
 0.59954540501
0.380610613434
1.0
0.954043210239
0.954043210239
0.99650598887
1.0
0.802673864734
1.0
1.0
0.995977407871
0.869355906494
0.886300986302
0.99635374067
1.0
0.958306339035
0.923223653769
0.135862939038
0.872970648156
0.952605478246
0.933503141789
0.70
0.690010031551
0.690010031551
1.0
0.941747181844
1.0
0.992399483591
0.992399483591
0.899498523127
0.899498523127
0.905002790321
0.905002790321
0.850138109206
0.850138109206
1.0
0.928739118508
0.928739118508
1.0
1.0
0.801244205443
0.742153141032
0.742153141032
0.966358735959
0.966358735959
0.989550029694
0.989550029694
0.124906113586
0.950215197529
0.454463211105
0.902631309567
0.354305687629
0.99359148859
0.99359148859
0.966721464663
0.97235199354
0.947624602909
0.964474736932
0.764187684632
0.995296009189
0.881092712603
0.639596751113
0.78169512137
0.767553958041
0.7
0.7
0.93270976249
0.951574666139
0.830937634067
0.413433961666
0.413433961666
0.413433961666
0.413433961666
0.927438825991
0.927438825991
0.927438825991
1.0
1.0
0.714949189007
0.996180595913
0.996180595913
0.923570834745
0.78637599733
1.0
1.0
0.988607889252
0.126953981183
0.0
0.0
0.0
0.0
0.0
0.0
0.0
0.0
0.0
0.0
0.0
0.0
0.0
0.0
0.0
0.0
0.0
0.0
0.0
0.0
0.0
0.0
0.0
0.0
0.0
0.0
0.0
0.0
0.0
0.0
0.0
0.917001589846
0.674095871502
0.862649397563
0.965430617147
0.830382250527
0.968044556978
0.965178714787
0.993380702799
0.993380702799
0.993380702799
0.993380702799
0.993380702799
0.993380702799
0.993380702799
0.993380702799
0.993380702799
0.993380702799
0.992042436137
0.992042436137
1.0
0.153608889416
0.945730085395
1.0
0.0865780410489
1.0
0.991190524352
0.996833968169
0.996833968169
0.996833968169
0.994162438981
0.619668041453
0.996812607927
1.0
1.0
1.0
1.0
0.996812475104
1.0
0.998819678774
0.998819678774
0.998819678774
0.998819678774
0.998819678774
0.998819678774
0.998819678774
0.998819678774
0.998819678774
0.998819678774
0.998819678774
0.995632162485
0.0
0.0
0.0
0.265216709352
0.997607901642
0.438385210289
0.552077034028
0.421472668262
0.421472668262
0.421472668262
0.421472668262
0.421472668262
0.421472668262
0.421472668262
0.421472668262
0.924862980326
0.748191261509
0.727278470625
0.974316644681
0.0
0.979498280071
0.979498280071
0.979498280071
0.979498280071
0.979498280071
0.979498280071
0.979498280071
0.979498280071
0.979498280071
0.979498280071
0.979498280071
0.979498280071
0.983528531682
0.983528531682
0.59701941552
0.976490742254
0.986441339188
0.986441339188
0.986441339188
0.899803229165
0.899803229165
0.988118134915
0.988118134915
0.988118134915
0.988118134915
0.846907733208
0.846907733208
0.846907733208
0.846907733208
0.757589069431
0.757589069431
0.389618615833
0.995448814733
0.995448814733
0.995448814733
0.991010700394
0.991010700394
0.991010700394
1.0
1.0
1.0
0.995448814733
0.995448814733
0.995448814733
0.919597001999
0.919597001999
0.942454209821
0.942454209821
0.942454209821
0.942454209821
0.99543227693
0.97415627092
0.97415627092
0.989378376334
0.989378376334
0.955187247129
0.955187247129
0.942666623931
0.942666623931
0.979999982464
0.984255348473
0.984255348473
0.984255348473
0.984255348473
0.984255348473
0.0
0.0
0.0
1.0
0.913115077174
0.964889680592
0.96535621483
0.995966093631
0.995966093631
1.0
1.0
1.0
1.0
0.99265223739
0.99265223739
0.979916353819
0.979916353819
0.900164183464
0.997040458753
0.997040458753
0.997040458753
0.989228686971
0.989228686971
0.993011682336
0.0
0.0
0.0
0.0
0.0
0.0
0.0
0.0
0.0
0.0
0.0
0.0
0.0
0.0
0.0872474292492
0.950533973258
0.950533973258
0.0686545738961
0.0686545738961
0.0686545738961
0.0742846385469
0.0742846385469
0.0742846385469
0.0742846385469
0.430825278503
0.430825278503
0.430825278503
0.430825278503
0.430825278503
0.430825278503
0.0920761615206
0.0920761615206
0.847134290391
0.847134290391
0.847134290391
0.847134290391
0.847134290391
0.0706859073251
0.645043973047
0.645043973047
0.0800396392809
0.0800396392809
0.0800396392809
0.213042321918
0.213042321918
0.213042321918
0.213042321918
0.213042321918
0.213042321918
0.887203205812
0.887203205812
0.887203205812
0.887203205812
0.887203205812
0.236235532644
0.735132288113
0.328061114522
0.328061114522
0.0799607113465
0.983083542259
0.983083542259
0.465766190196
0.465766190196
0.0973864688793
0.739131346334
0.739131346334
0.739131346334
0.0781620400103
0.0781620400103
0.0781620400103
0.0781620400103
0.123009794017
0.123009794017
0.123009794017
0.0
0.0
0.0
1.0
1.0
1.0
1.0
1.0
1.0
1.0
1.0
1.0
0.0
0.0
0.0
0.89520742242
0.878550091008
0.989338966248
0.996559694168
0.996588884258
0.992283536958
0.991827552015
0.996840428936
0.996840428936
0.996840428936
0.873226398493
0.993035892503
0.993035892503
0.993035892503
1.0
0.948754368549
0.984858403022
0.989921798783
1.0
0.99132720087
0.98467702392
0.952735018213
0.0
1.0
0.0
0.248851844474
0.0
0.0
0.451693294494
0.118997068293
0.00349057032743
0.0
0.9556066904
0.9556066904
0.800894922058
0.800894922058
1.0
0.991670130647
0.816050527467
0.816050527467
0.783883801517
0.783883801517
0.981390918978
0.834512815456
0.708354801086
0.814404074249
0.814404074249
0.425587555877
0.908127914226
0.752868029633
0.846006453969
0.401691416947
0.401691416947
0.401691416947
0.779383420206
0.779383420206
0.737787953484
0.737787953484
0.737787953484
0.509774204131
0.562918775486
0.924215097066
0.413858522773
0.816006033919
0.514779710181
0.997545198179
0.443733818444
0.863036485809
0.863036485809
0.863036485809
0.888085796731
0.378560798962
0.378560798962
0.409397421647
0.877734072905
0.498758926968
0.498758926968
0.983242189181
0.614413396469
0.614413396469
0.614413396469
0.979369242709
0.987972089454
0.987972089454
1.0
0.996005615118
0.988015923962
0.988015923962
0.988015923962
1.0
0.984048367864
0.988054486477
1.0
0.996005615118
1.0
1.0
1.0
0.964612540994
0.991981953862
0.991981953862
0.996015370988
0.960034137503
0.960034137503
0.996005615118
1.0
1.0
0.995986146621
0.991991484835
0.987996350357
0.987996350357
0.984011071042
0.984011071042
0.984011071042
0.984011071042
0.984011071042
0.995976355549
1.0
1.0
1.0
0.98811693302
1.0
0.992134707185
0.987957878433
0.987957878433
0.987957878433
0.987995259152
0.987995259152
0.983943760011
0.983943760011
1.0
0.987995259152
0.987995259152
0.996005615118
1.0
0.968034948932
0.952096559348
0.952096559348
0.952096559348
0.952096559348
0.952096559348
0.987957878433
0.987957878433
1.0
0.980164734446
0.980164734446
0.987948387787
0.987948387787
0.987948387787
0.996015370988
0.983956804607
0.987996611599
0.987996611599
0.987996611599
1.0
0.99600557618
0.98395227763
0.98395227763
0.98395227763
0.995986146621
0.983952865151
0.983952865151
0.983952865151
0.992001319635
0.992001319635
0.987976748015
0.987976748015
0.988024713681
0.988024713681
0.995986146621
0.983961661796
0.988107038657
0.964019483104
0.964019483104
0.964019483104
0.964019483104
0.964077724594
0.964077724594
0.980066358799
0.980066358799
0.980066358799
1.0
0.0
0.996019912254
0.980411463149
0.980411463149
0.980411463149
0.983012825378
0.983012825378
0.983012825378
0.983012825378
1.0
1.0
0.0
0.0
0.0
1.0
1.0
1.0
1.0
1.0
1.0
0.0494841028507
0.0494841028507
0.0494841028507
0.0494841028507
0.0494841028507
0.0
0.0
0.0
0.0
0.98141262675
0.555018578982
0.960579779642
1.0
0.485683757108
0.552337805991
0.927123807165
0.276614891172
0.276614891172
0.276614891172
0.276614891172
0.276614891172
0.276614891172
0.451693294494
0.0875692565439
0.118997068293
0.119405214525
0.00349057032743
0.0
1.0
1.0
1.0
1.0
1.0
1.0
1.0
1.0
0.0
0.0
0.0
0.0
0.0
0.657984736038
0.657984736038
0.651910709856
0.658657648301
0.0
0.976867436811
0.964132852327
0.995244931487
1.0
1.0
0.996793292137
0.990283244624
1.0
0.70588398671
0.70588398671
0.995028358548
0.590965528398
0.915440581768
0.915440581768
0.651910709856
0.651910709856
0.982416209828
0.309190496079
0.588791760147
0.586210010103
0.690496621569
1.0
0.66889780332
1.0
0.915440581768
1.0
0.887929649579
0.924701078296
0.408776913955
0.408776913955
0.408776913955
0.907305127132
0.907305127132
0.907305127132
0.979898266403
0.613963234462
0.414608891161
0.996019143071
0.988877338002
1.0
1.0
1.0
0.996137261563
0.870641909363
1.0
1.0
1.0
0.996180912216
0.782481802895
0.782481802895
0.782481802895
1.0
1.0
1.0
0.937257668753
0.675514312153
0.965325149661
0.695736819831
0.0244631394648
0.0244631394648
0.0244631394648
1.0
0.754788485215
0.806361504149
1.0
0.690353854067
1.0
0.0
0.0
0.932400655197
0.166161286662
0.166161286662
0.166161286662
0.166161286662
0.166161286662
1.0
0.895186095208
0.99586576704
1.0
1.0
0.144547718509
0.144547718509
0.144547718509
0.646003831702
0.646003831702
0.879107817584
0.378808408578
0.966358735959
0.984366120959
0.984366120959
0.989550029694
0.989550029694
0.989550029694
0.944450599108
0.944450599108
0.944450599108
0.944450599108
1.0
1.0
1.0
1.0
1.0
1.0
1.0
1.0
1.0
1.0
0.969943477687
0.969943477687
0.913115077174
0.964889680592
0.99597167942
0.99597167942
1.0
1.0
0.945087574674
0.965711143863
1.0
1.0
0.965278853493
1.0
0.900164183464
0.900164183464
1.0
0.922596710663
0.993011682336
0.0
0.0
0.0
0.0
0.0
0.906630250533
0.906630250533
0.0
0.0
0.0
0.0
0.978781585555
0.914646318617
0.914646318617
0.519954253821
0.0
0.0
0.0
0.0
0.0
0.0
0.333797520823
0.333797520823
0.333797520823
0.0
0.0
0.0
0.995816173008
0.996147755112
0.661434286888
0.501861137338
0.626074451942
0.35201954892
0.676621697996
0.71971756019
0.546831504429
0.394975974948
0.388429974937
0.713340396353
0.243206154313
0.759084566989
0.178868202886
0.178868202886
1.0
0.968269139798
0.890214790094
0.901759536821
0.646885658962
0.978776318303
0.848397877921
0.848397877921
0.706525855492
0.699310902393
0.905282900843
0.903066483518
0.58005629989
0.213072323243
1.0
0.284197900316
0.97963717818
0.472515579408
0.695190009692
0.065738746328
0.065738746328
1.0
0.996019912254
0.899803229165
0.988118134915
0.988118134915
0.988118134915
0.988118134915
0.846907733208
0.846907733208
0.846907733208
0.846907733208
0.757589069431
0.757589069431
0.995448814733
0.995448814733
1.0
0.995448814733
0.995448814733
0.995448814733
0.919597001999
0.919597001999
0.942454209821
0.942454209821
0.989378376334
0.989378376334
0.955187247129
0.955187247129
0.986441339188
0.986441339188
0.956574962645
1.0
1.0
0.991010700394
0.97415627092
0.59701941552
0.996097376464
0.00678899372446
0.0
0.988016964065
0.988016964065
1.0
0.991906250451
0.991906250451
0.9959534448
0.9959534448
0.975782207843
0.975782207843
0.975782207843
1.0
0.979800848813
0.984096003273
0.984096003273
1.0
0.988162827615
1.0
1.0
1.0
0.987927394214
0.752241225229
0.752241225229
0.752241225229
0.752241225229
0.752241225229
0.752241225229
0.744204932724
0.927679364824
0.927679364824
0.992272087912
0.992301501179
0.996318858108
0.991886970221
0.991886970221
0.980047987727
0.980047987727
0.975734475156
0.975734475156
0.975734475156
0.975734475156
0.975734475156
0.995923930902
0.995923930902
0.995982892993
1.0
1.0
0.991964908318
1.0
0.987800850992
0.987800850992
0.987800850992
0.980293618737
0.980293618737
0.983734388326
0.983734388326
0.983734388326
0.983734388326
1.0
0.980293618737
0.980293618737
0.9959534448
1.0
0.976094616648
0.976094616648
0.976094616648
0.976094616648
0.952397713574
0.952397713574
0.952397713574
0.987800850992
0.987800850992
0.995982892993
0.976198150939
0.976198150939
0.987791280095
0.987791280095
0.99194561953
0.99194561953
0.992064408958
0.979925639578
0.979925639578
0.988385328649
0.976401485691
0.976401485691
0.976401485691
0.965740862619
0.965740862619
0.964837736954
0.964837736954
0.983821622737
0.983821622737
0.960755721048
0.972379690121
0.972379690121
0.972379690121
0.972379690121
0.995933806389
0.976364004534
0.995963285814
0.959924052337
0.959924052337
0.959924052337
0.959924052337
0.959924052337
0.959924052337
0.971957562908
0.971957562908
0.971957562908
0.972080749777
0.972080749777
0.874948100575
0.962270206783
0.954117085384
0.954117085384
0.939524978987
0.987517150554
0.962567719055
0.984225794177
0.987575739062
0.969542936518
0.873174678143
0.861776031768
0.153608889416
1.0
0.0865780410489
1.0
0.991190524352
0.867334156177
0.996833968169
0.996833968169
0.996833968169
0.994162438981
0.619668041453
1.0
1.0
0.996812475104
1.0
0.998819678774
0.700580760344
0.998819678774
0.998819678774
0.998819678774
0.998819678774
0.998819678774
0.998819678774
0.998819678774
0.998819678774
0.998819678774
0.0
0.991683666553
0.991683666553
0.874948100575
0.874948100575
0.874948100575
0.874948100575
0.874948100575
0.874948100575
0.874948100575
0.874948100575
0.99226982188
0.988880692644
1.0
0.99651378833
0.993326253536
0.918552395194
0.918552395194
1.0
0.8709166584
0.978019619295
0.978019619295
0.987441041486
0.798788821434
0.991659820163
0.991659820163
0.991659820163
0.991611746637
0.991611746637
0.99579407395
0.988218159686
0.951805093353
0.861587159678
0.861587159678
0.99579407395
0.962270206783
0.962270206783
0.962270206783
0.962270206783
0.991647444595
0.991647444595
0.954117085384
0.954117085384
0.954117085384
0.954117085384
0.954117085384
0.954117085384
0.954117085384
0.954117085384
0.995781951492
0.926903877958
0.995818216721
0.987416656349
0.987416656349
0.992499492924
0.939524978987
0.939524978987
0.939524978987
0.939524978987
0.939524978987
0.878784654718
0.878784654718
0.941109058239
0.863517078955
0.987517150554
0.987517150554
0.807317937668
0.983403365755
0.962567719055
0.983350914742
0.983350914742
0.984225794177
0.984225794177
0.987575739062
0.987575739062
0.987575739062
0.991599845418
0.995818216721
0.969542936518
0.969542936518
0.942342789016
0.942342789016
0.942342789016
0.942342789016
0.942342789016
0.942342789016
0.942342789016
0.987567376595
0.981182340513
0.873174678143
0.992362154582
0.992418280201
0.0
0.365476187238
0.0
0.0
0.0
0.0279799562797
0.631289636129
0.631289636129
0.934741141802
0.946388666759
0.772098091513
0.927851661303
0.993380702799
0.993380702799
0.993380702799
0.996321425435
0.996321425435
0.996321425435
0.996321425435
0.996321425435
0.996321425435
0.996321425435
0.986590858364
0.986590858364
0.986590858364
0.996614575356
0.610387474219
0.610387474219
0.610387474219
0.610387474219
0.769216094479
0.128748478871
0.749145113737
0.749145113737
0.749145113737
0.861024254189
0.708595751051
0.708595751051
0.708595751051
0.708595751051
0.98453605357
0.255357375641
1.0
1.0
1.0
0.956421065416
0.956421065416
0.956421065416
0.0
0.0
0.0
0.952385530381
0.709244960574
0.708989434893
0.696426701297
1.0
1.0
1.0
1.0
1.0
1.0
1.0
1.0
1.0
1.0
1.0
1.0
1.0
1.0
1.0
1.0
1.0
1.0
1.0
1.0
1.0
1.0
1.0
1.0
1.0
1.0
1.0
1.0
1.0
1.0
1.0
1.0
1.0
1.0
1.0
1.0
0.997170578332
0.997170578332
0.982223751642
0.992226545421
0.672708671794
0.915053449976
0.691176300748
0.0
0.0
0.0
0.0
0.0
1.0
1.0
1.0
0.992008543929
0.996041353516
1.0
0.0
0.0
0.0
0.0
0.0
0.0
0.0
0.0
0.0
0.0
0.0
0.0
0.0
0.0
0.0
0.0
0.0
0.987098126494
0.0
0.0
0.0
0.0
0.0
0.0
0.0
0.0
0.0
0.0
0.0
0.0
0.576165188637
0.0
0.0
0.0
0.0
0.0
0.0
0.0
0.0
0.945303367557
0.0
0.992173748911
0.992173748911
0.584023641443
0.760093824934
0.760093824934
0.994572613825
0.93620863355
0.336612502853
0.846006453969
0.943886174744
0.929940662861
0.920767437134
0.0
0.979854378828
0.979854378828
0.979854378828
0.979854378828
0.979854378828
0.979854378828
0.979854378828
0.979854378828
0.979854378828
0.979854378828
0.979854378828
0.987972089454
0.992010602327
0.992010602327
0.992010602327
0.992066887862
1.0
0.988068244558
1.0
0.435371706483
0.992116535415
0.991966916141
0.928029883295
0.968034948932
0.980164734446
0.983956804607
0.983956804607
0.983956804607
0.995986146621
0.995986146621
0.995986146621
0.988198352372
0.988024713681
0.955983689741
0.992150356316
0.992150356316
0.992150356316
0.983961661796
0.992066887862
1.0
0.996010444373
1.0
0.992066887862
0.964019483104
0.964077724594
0.99598112118
0.996000605281
0.939872300443
0.939872300443
0.939872300443
0.939872300443
0.939872300443
0.939872300443
0.939872300443
0.939872300443
0.939872300443
0.939872300443
0.939872300443
0.939872300443
1.0
0.988865258635
0.988865258635
0.988865258635
0.988865258635
0.988865258635
0.99228087812
0.995828762518
0.979353783554
0.979353783554
0.979353783554
0.979353783554
0.979353783554
0.979353783554
0.979353783554
0.979353783554
0.979353783554
0.979353783554
0.979353783554
0.979353783554
0.979353783554
0.979353783554
0.979353783554
0.895391040225
0.895391040225
1.0
1.0
0.995839134252
0.995839134252
0.983590815456
0.983590815456
0.983590815456
0.991797952478
0.97976578326
0.97976578326
0.911035329627
0.807712047683
0.975597201198
0.975597201198
0.975597201198
0.975597201198
0.975597201198
0.975597201198
0.975597201198
0.975597201198
0.975597201198
0.975597201198
1.0
1.0
0.987901635643
0.984824586618
0.98865529808
1.0
1.0
1.0
0.250449658754
0.281738767036
0.979444881718
1.0
1.0
0.0
0.0
0.0
0.0224517354483
0.290772560267
0.80447992156
0.105530505548
0.48559135859
0.0947772243714
0.825614602591
0.0
0.0
0.530381268437
0.367857319125
0.524684648627
0.446238299814
0.446238299814
0.446238299814
0.95935989415
0.555018578982
0.950407001602
0.950407001602
0.950407001602
0.950407001602
0.950407001602
0.956782053571
0.698796443134
0.428809030681
0.428809030681
0.428809030681
0.941406442398
0.941406442398
0.941406442398
0.417271324611
0.592940840025
0.581836667174
0.974238858561
0.97724996018
0.944069956024
0.569703685444
0.569703685444
0.569703685444
0.569703685444
0.569703685444
0.569703685444
0.569703685444
0.569703685444
0.569703685444
0.569703685444
0.569703685444
0.569703685444
