0.000281516978737
0.00896065739385
0.000570072686723
0.00101690132166
0.00647928843879
0.0
0.0137220659497
0.00411200558013
0.0
0.00169346362806
0.00106763386339
0.00532309641822
0.0
0.00137680334111
0.000281516978737
0.00539562317986
0.0150419368936
0.0
0.0
0.000186908579202
0.0011697728728
0.00901701227572
9.20584879503e-05
0.0112434913247
0.0053187975455
0.000966483013874
4.58714139655e-05
0.0
0.0144761884304
0.000521476284261
0.00660223080908
0.00168762673375
0.00440492350311
0.0672186004348
0.000646349009348
0.000951625701269
0.0
0.00794481871082
0.0
0.0
0.00440491778793
4.64452241597e-05
0.0154450721469
0.00120517472292
0.00180152601705
0.0
0.0103182347656
0.0119753827455
0.0
0.00342898313257
0.00947770268975
0.0516210066386
0.00656290455848
0.00651783661065
