0.368790084548
0.548465374649
0.635891067992
0.322624102659
0.724330508873
0.497545183608
0.0321062280548
0.00444073622618
0.311333704768
0.437956546602
0.800798785101
0.0164208002209
0.250868116466
0.0251204577846
0.64795500309
0.634603454724
0.564360534417
0.0549408845893
0.330004574463
0.0
0.0
0.627541259577
0.0172596340333
0.016420800221
0.00318107069199
0.0
0.217043373689
0.204307257625
0.0630108603068
0.0
0.54647911654
0.217947259142
0.0951031555346
0.111214986927
0.845464695061
0.499383846585
0.0499224119718
0.0342471843359
0.812465683808
0.84384049566
1.44835782836
0.293277833403
0.0706127618941
0.269305622738
0.488444933197
0.00932481362735
0.00932481361501
0.00932481362735
0.00464799989992
0.00464799989992
0.00932481362735
0.00932481362735
0.706739164368
0.692037665827
0.384538835998
0.03089971167
0.651178498844
0.004538272204
0.669802204008
0.2211404155
0.0291758911465
0.8402612392
0.00464799989991
0.0295588691769
0.0548256278014
0.0883350269816
0.375435851257
0.0443744462855
0.0
0.0
0.400652586443
0.0279506008244
0.0
0.0
0.0
