0.000592278693193
0.0431138432967
0.0910857232266
0.000570067466627
0.0134614310018
0.0
0.0
0.0
0.0
0.0
0.0893972289513
0.00411896038682
0.0
0.0
0.0131963061467
0.0
0.000284449608666
0.000284449608666
0.000570072686723
0.00779570813239
0.00717173232898
0.000570072686723
0.0284598087359
0.0359470178457
0.0
0.0298836340447
0.0
0.0
0.0
0.00114487826918
0.0120089914601
0.000262449044866
0.0
0.00469763201835
0.00780430902632
0.0195497145095
0.0
0.0124019822564
0.0
0.0292321006466
0.0
0.00530795841624
0.0
0.00561512393512
0.00378337515918
0.0552484995367
0.0
0.047165876363
0.0
0.00113881683619
0.0107246877437
0.00693220831367
0.0073840480107
0.0
0.012320401668
0.0
0.0
0.0014340756241
0.0
0.000284449608666
0.00561512393512
0.000570072686723
0.000570072686723
0.0826261878654
0.0201847991431
0.235431579643
0.297702765691
