0.00409071077874
0.200417477057
0.0544898756945
0.00174828489621
0.0620739964296
0.0
0.0
0.0
0.0
0.0
0.0486614661129
0.0128463125704
0.0
0.0
0.00937389851161
0.0
0.000872250034724
0.0112937132744
0.0042667585085
0.0265884909899
0.00661695883787
0.00142213229258
0.163213332909
0.0491329301481
0.0
0.00174829054378
0.0
0.0
0.0
0.0035118760302
0.0172026692155
0.000849499859146
0.0
0.00716311652027
0.00791924642559
0.000918166216443
0.0
0.00378421347891
0.0
0.00557948908321
0.0
0.0854350824894
0.0
0.00468658659822
0.00199466035121
0.141415180186
0.0
0.154680636441
0.0
0.0131491036094
0.584238805252
0.00555848738546
0.0317461953029
0.0
0.0796996015237
0.0
0.0
0.00439945781871
0.0
0.000872250034724
0.0201391020504
0.00174829054379
0.00174829054379
0.053982288897
0.00790747976017
0.0192674881544
0.0107246827088
