0.0181205349299
0.0438541849682
0.0609552850937
0.000367529327726
0.0295030329927
0.0
0.0
0.0
0.0
0.0
0.0518075790055
0.0031987385886
0.0
0.0
0.00581480501973
0.0
0.000212011980773
0.000212011980773
0.00042489306222
0.00822494350401
0.0142034223416
0.00033673666215
0.0213355188817
0.00729379774949
0.0
0.00042489306222
0.0
0.0
0.0
0.00961021384085
0.00823690577149
0.000212011980773
0.0
0.0169387918998
0.0113906799216
0.00548981812238
0.0
0.00923828940472
0.0
0.0102464390994
0.0
0.00395531178693
0.0
0.0111987425976
0.0322833611232
0.0537297893999
0.0
0.0215364094021
0.0
0.00255920646013
0.00798954802093
0.013168551757
0.0120960230875
0.0
0.0162651431609
0.0
0.0
0.00106882291146
0.0
0.0296223603223
0.0699912324469
0.0672215447583
0.0672215447583
0.0778965645177
0.26749865206
0.0230777765078
0.0204054333115
