0.00853440334768
0.106108861406
0.0947183255632
0.00091610038667
0.182180768027
0.0
0.0
0.0
0.0
0.0
0.118415401811
0.0473353155284
0.0
0.0
0.0125518418245
0.0
0.000457092922666
0.000457092922666
0.00091610038667
0.0125382233109
0.0115335891798
0.0149242224189
0.0948057945643
0.0188674546138
0.0
0.00091610038667
0.0
0.0
0.0
0.00183992359999
0.017790074759
0.000457092922666
0.0
0.00755256115537
0.0212721442419
0.0311968499861
0.0
0.0199575601734
0.0
0.0471493267429
0.0
0.00853440334768
0.0
0.387925679372
0.135908996147
0.0947174325058
0.0
0.0180787367594
0.0
0.00339890395806
0.00468658659822
0.0142365657621
0.026149195544
0.0
0.112310168489
0.0
0.0
0.00230473747958
0.0
0.000457092922666
0.0090286015948
0.00091610038667
0.00091610038667
0.134133602782
0.0111987425976
0.0114807349789
0.0056151239351
