0.0657023366709
0.214180093308
0.091578331281
0.00120364585918
0.0532111955328
0.0
0.0
0.0
0.0
0.0
0.108904954899
0.0094990372973
0.0
0.0
0.0212973505784
0.0
0.000635060887577
0.000635060887577
0.00127282391359
0.707226692718
0.0422173990225
0.0185216727077
0.255062726044
0.0492353283911
0.0
0.00127282391358
0.0
0.0
0.0
0.00255654914636
0.0288017963311
0.000567221135053
0.0
0.0104986264578
0.0344178887011
0.0217926294003
0.0
0.0735580697099
0.0
0.112211873846
0.0
0.0226603310464
0.0
0.0125518418245
0.00845415591644
0.158894170824
0.0
0.0604762737426
0.0
0.0435979914972
0.0265886393232
0.0723718806985
0.0593952386797
0.0
0.0655632053789
0.0
0.0
0.101440337132
0.0
0.000635060887577
0.0333815330202
0.00127282391359
0.00127282391359
0.152679372604
0.0082313943789
0.0271036415859
0.00780430929889
