0.000866028148745
0.0128467588075
0.0150283757802
9.30781083388e-05
0.0256328766657
0.0
0.0
0.0
0.0
0.0
0.0308838834924
0.0268114182375
0.0
0.0
0.00127282391359
0.0
4.64452241597e-05
4.64452241597e-05
9.30781083388e-05
0.0194729880523
0.00116977289859
0.0736829909671
0.0096250413037
0.00191049795034
0.0
9.30781083388e-05
0.0
0.0
0.0
0.000186912965872
0.00180234986852
4.64452241597e-05
0.0
0.000766522037664
0.00127282385935
0.00318209888837
0.0
0.00202115541215
0.0
0.00474947737341
0.0
0.000866028148745
0.0
0.0154483864408
0.018044035338
0.025334573156
0.0
0.00517648171851
0.0
0.00153455030949
0.00174829048434
0.00287902296755
0.0134253128602
0.0
0.0035536833138
0.0
0.0
0.0247355560058
0.0
4.64452241597e-05
0.00091610038667
9.30781083388e-05
9.30781083388e-05
0.0141180172589
0.00042489306222
0.00151257447523
0.000570072686721
