0.3421776645
2.51295280189
1.04150844987
0.0478024748934
0.64902115925
0.0
0.0
0.0
0.0
0.0
0.710494667063
0.185967997177
0.0
0.0
0.132676132643
0.0
0.00645670374217
0.0143202235678
0.0241579200213
0.215205890231
0.096814349285
0.0119978942041
1.27190860222
0.171940742117
0.0
0.0161926793636
0.0
0.0
0.0
0.0420508442402
0.220734506174
0.00633423734483
0.0
0.0989625403173
0.108934169206
0.0743770736776
0.0
0.113081678175
0.0
0.178709979115
0.0
0.152988334071
0.0
0.107198690006
0.0543699683016
0.793493081898
0.0
0.716990058258
0.0
0.270880221213
0.200536695038
0.514511884003
0.188467927315
0.0
0.542824482302
0.0
0.0
0.0327722545798
0.0
0.00645670374217
0.0885615015818
0.0129614776075
0.0129614776075
0.689721432392
0.0441862578915
0.107904194879
0.0438592881071
