0.0309869446545
0.0478025328692
0.0478025328692
0.0668678215354
0.031827454788
0.0
0.0
0.0
0.0
0.0
0.0176667713824
0.000666383004973
0.0
0.0
0.00127282391359
0.0
4.64452241597e-05
4.64452241597e-05
9.30781083388e-05
0.00127139038584
0.00116977289859
9.30781083388e-05
0.00169340981811
0.0124354045775
0.0
9.30781083388e-05
0.0
0.0
0.0
0.000186912965872
0.00180234986852
4.64452241597e-05
0.0
0.000766522037664
0.00127282385935
0.00318209888837
0.0
0.00202115541215
0.0
0.00474947737341
0.0
0.000866028148745
0.0
0.00091610038667
0.000617396078268
0.0159080781774
0.0
0.00517699687802
0.0
0.00153455030949
0.00174829048434
0.00287902296755
0.00264518053719
0.0
0.003554443165
0.0
0.0
0.000234118040607
0.0
4.64452241597e-05
0.00091610038667
9.30781083388e-05
9.30781083388e-05
0.011170104921
0.00042489306222
0.00952797132371
0.000570072686721
