0.00774416864953
0.0161395285141
0.00430659610407
9.30735178572e-05
0.00447221301871
0.0
0.0
0.0
0.0
0.0
0.0089442060478
0.000675742404985
0.0
0.0
0.0057741336144
0.0
4.64452241597e-05
4.64452241597e-05
9.30781083388e-05
0.00127139038584
0.00116977289859
9.30781083388e-05
0.0179435366859
0.0371238535902
0.0
0.0672215447583
0.0
0.0
0.0
0.000186912965872
0.0226472909607
4.64452241597e-05
0.0
0.000766521525664
0.00127282391359
0.00318209888837
0.0
0.00362179529891
0.0
0.0010927859952
0.0
0.000866028148745
0.0
0.00091610038667
0.000617396078268
0.0085097401417
0.0
0.00517611215735
0.0
0.00153455030949
0.00174829048434
0.00287902296755
0.00264518053719
0.0
0.003554443165
0.0
0.0
0.000234118040607
0.0
4.64452241597e-05
0.00091610038667
9.30781083388e-05
9.30781083388e-05
0.0149793390774
0.00042489306222
0.010453772801
0.0298836169177
