0.00507964953129
0.0961851723858
0.0599726717435
0.00116976269363
0.011248400173
0.0
0.0
0.0
0.0
0.0
0.0291071075994
0.00859780778401
0.0
0.0
0.00111741347528
0.0
0.000583650394282
0.0201031752765
0.00116977289859
0.0422125345277
0.544318255399
0.00116967501503
0.101527525707
0.0385865113561
0.0
0.00116977289859
0.0
0.0
0.0
0.0175101151838
0.0227370246109
0.000583650394282
0.0
0.0100160401222
0.0158070295731
0.0380703128127
0.0
0.0128810104922
0.0
0.00416278918312
0.0
0.0279349703859
0.0
0.0115335891798
0.00776872978174
0.0565086262839
0.0
0.064036594338
0.0
0.00762530566565
0.00661695883787
0.0277901628294
0.0249712483914
0.0
0.0293345649695
0.0
0.0
0.00294317082748
0.0
0.000583650394282
0.0310568033892
0.00116977289859
0.00116977289859
0.0640152062825
0.0141394223416
0.0333812078234
0.00717173232896
