0.0374938676295
0.72449513982
0.522462324153
0.0175412382324
0.322227780946
0.0
0.0
0.0
0.0
0.0
1.83902082764
0.147004118233
0.0
0.0
0.139898904014
0.0
0.00888579622237
0.00888579622237
0.0133049574911
0.110237915288
0.0291071075994
0.0300493006301
0.550924760564
0.16885436855
0.0
0.0089442060478
0.0
0.0
0.0
0.060145466762
0.277211228923
0.00391860052199
0.0
0.0781752921012
0.0860305515468
0.0353636189278
0.0
0.0857018263004
0.0
0.192501627428
0.0
0.0636120649591
0.0
0.120225477489
0.0629493075271
0.461869423943
0.0
0.289365852711
0.0
0.0140803293144
0.0486614655482
0.171951028902
0.0727938871856
0.0
0.254337563456
0.0
0.0
0.0139572772363
0.0
0.00888579622237
0.0987686461119
0.0178573056643
0.0178573056643
0.435696384889
0.0520933804284
0.122783296158
0.0893972178014
