0.000432111112329
0.0143645849998
0.00466283876416
4.64452241597e-05
0.00789689506897
0.0
0.0
0.0
0.0
0.0
0.0087905290814
0.000332448681234
0.0
0.0
0.000635060887577
0.0
2.31758862501e-05
0.0374950002914
4.64452241597e-05
0.000634546998901
0.0202272878382
4.64411456782e-05
0.0146017973072
0.000898179215652
0.0
4.64452241597e-05
0.0
0.0
0.0
9.32672909856e-05
0.000899216395311
2.31758862501e-05
0.0
0.000382465275519
0.000635060860459
0.00158737070189
0.0
0.00100835990235
0.0
0.00236883931016
0.0
0.000432111112329
0.0
0.000457092922666
0.000308059716513
0.0143712198356
0.0
0.0125198063477
0.0
0.00076562731713
0.01141768436
0.00143622621628
0.00131960547258
0.0
0.00177304228824
0.0
0.0
0.000116821561136
0.0
2.31758862501e-05
0.000457092922666
4.64452241597e-05
4.64452241597e-05
0.00745882374517
0.000212011980773
0.000754948029089
0.000284449608665
