0.0101877923372
0.112529568014
0.165514300314
0.00960227302275
0.0363577291632
0.0
0.0
0.0
0.0
0.0
0.12494137065
0.00846201900354
0.0
0.0
0.016690079046
0.0
0.000792098878607
0.000792098878607
0.00158761542206
0.0280860724035
0.0346158415928
0.00158761134358
0.0808152519471
0.0967037559325
0.0
0.0105280745001
0.0
0.0
0.0
0.00318902056218
0.00938074571394
0.0224579753048
0.0
0.0131001997058
0.0502915110522
0.0315800766299
0.0
0.0265183216728
0.0
0.0545038577719
0.0
0.014806141798
0.0
0.0122609048402
0.0105489791661
0.157396180805
0.0
0.0899534864614
0.0
0.0159824244007
0.0205748853332
0.0260646480266
0.0270836749965
0.0
0.0977448950239
0.0
0.0
0.00399494462841
0.0
0.000792098878607
0.0155663443931
0.00158761542206
0.00158761542206
0.151228240612
0.0228628759802
0.750668659418
0.235862222567
