0.210659988567
0.023948153942
0.0118270089281
0.502380691047
0.0
0.304525499084
0.550420398248
0.517918644176
0.770893999587
0.66453552547
0.0231837984245
0.14620510962
0.0
0.459306501441
0.0
1.97005756262
0.335045056763
1.14634759499
0.413044960634
0.892928067901
0.175563879019
0.472279533364
0.400078959024
1.05817978219
0.698601715126
0.845853142495
0.0
0.909691589812
0.385253925481
0.70911862154
0.225141365113
1.02927967589
0.661709198005
0.906143638154
0.693181974235
0.97009338126
0.946376584683
0.750644908581
0.878528216958
0.839597215849
0.539057072496
0.538634762195
0.833029177396
0.104824654365
0.766320608803
0.520439680826
0.605362979566
0.840644811232
0.602429984141
0.0
0.68266675894
1.0144084969
0.892317608967
0.298400628545
0.154813692739
0.925146615946
0.785237185939
0.829498370202
0.251673348469
0.782100945886
0.91678721482
0.0168167083385
0.625068217703
0.0122663971865
0.263621356119
0.00837019154248
0.304958323688
0.00837019154248
0.0483239997144
0.631374914675
0.00837019154248
0.692326031585
0.768565030595
0.817178343251
0.59940228173
0.0220517175712
0.897806140954
0.692055813367
0.479582652131
0.953672311499
0.591611087304
0.228052548604
0.607170525075
0.204112274357
0.470421859231
0.746113563359
0.192278806815
0.217782058858
0.945254778654
0.0253019881749
0.595171437075
0.87930788995
0.725474321396
1.05006969882
0.788017421187
0.457951878071
0.497051916839
0.907532825979
0.757416722556
0.721534888252
0.497150138735
0.127466953526
0.620293021541
0.286487578548
0.415115211173
0.354994652268
0.304535956111
0.016816616075
0.0168167082504
0.01681670828
0.0168167083124
