0.000558115885457
2.31758862501e-05
6.98087704289e-05
0.0220218222027
0.0
0.000874262980584
0.00469998961368
0.00476555110207
0.00360795283241
0.0177591460401
0.0376223603223
0.0100799272064
0.0
0.00429611444895
0.0
0.0231828413385
0.00200350305742
0.0144213065592
0.0296215739085
0.0140909592759
0.000635574665627
0.00152627454881
0.00152677894839
0.00957226427152
0.00382909652373
0.0295416500164
0.0
0.016832517766
0.00877892381416
0.0246249771547
0.000872250034724
0.0146012614238
0.0188145365786
0.016765918545
0.0246165462579
0.00877891944805
0.0296213912044
0.0296223544239
0.029574356212
0.0295543883359
0.0164198729028
0.014710603753
0.0182838550609
0.000609298390558
0.0117363658947
0.00174116938797
0.00193952231909
0.0121288892811
0.00334778373163
0.0
0.00591544631121
0.0147105981737
0.0143105427656
0.0131622486131
0.000482183350254
0.00835419154248
0.00877892381401
0.0128384741936
0.000873856970828
0.00817544906455
0.0084696870978
4.64452241597e-05
0.00469998961368
4.64452241591e-05
0.00171048563997
2.31758862501e-05
0.00076562731713
2.31758862501e-05
0.0231837984245
0.0177431470235
2.31758862501e-05
0.0132890166998
0.0133931414139
0.0231830966143
0.00742749792561
8.48215611363e-05
0.00354038460003
0.0143838343086
0.0110924624169
0.00861663535679
0.00645670374217
0.00652794975162
0.00763050479023
0.000532693864185
0.0296223603221
0.0172616905293
0.00780598966159
0.00644070374217
0.0131360138616
6.91975226346e-05
0.00982051326274
0.023183798398
0.0210023716723
0.00925425181391
0.014146154202
0.00817531959845
0.0023225298079
0.0219331063151
0.00729252666435
0.0295118500727
0.00917297490056
0.000616016387026
0.00660641192627
0.0231837983922
0.00277785155484
0.00129060645509
0.00076562731713
4.64452241597e-05
4.64452240251e-05
4.64452241597e-05
4.64452241597e-05
