0.0
0.000210276512141
6.98087704289e-05
6.98087704289e-05
0.0
0.0
0.0
0.00693281305839
0.0
0.0
0.0
0.0
0.0
0.0
0.0
0.0
0.0
0.000139900175164
0.0
0.0
0.000210276512141
0.000139900101752
6.98087704269e-05
0.0
6.98087704289e-05
0.0
6.98087704289e-05
6.98087704289e-05
0.0
6.98087704289e-05
0.0
0.0
0.000280940033628
0.0
0.0
0.000856878958363
0.0
0.0
6.98087704289e-05
6.97965349842e-05
0.0
0.0
0.0
0.0
6.98087704289e-05
6.98087704289e-05
6.98087704289e-05
0.000138370744582
0.0
0.0
0.0
0.0
0.0
0.0
6.98087704289e-05
0.0
0.0
0.000210264276696
6.98087704289e-05
0.000208747081167
0.000139900175164
0.0
0.000139900175164
0.000139900175162
0.0
6.98087704289e-05
6.98087704289e-05
0.0
6.98087700374e-05
0.0
0.0
0.000210264203284
0.0
6.98087704289e-05
0.000423138520732
0.000210276512141
0.000139900175164
0.0
0.0
6.98087704289e-05
0.000210276512139
0.00118809454305
0.0
0.000139900175164
6.82793398462e-05
0.0
6.98087704289e-05
0.0
0.0
0.0
0.00145263944736
6.98087700374e-05
0.00211592916798
6.97965349842e-05
6.98087704289e-05
0.00868196987817
0.000138370744582
0.000210263508696
0.0
6.98087704289e-05
0.0
6.98087704289e-05
0.0
0.0
0.0
0.000210276511737
0.0
0.0
0.0
6.98087704289e-05
0.0
6.98087704289e-05
0.0
6.98087704289e-05
0.0
0.0
6.98087704289e-05
0.0
0.0
0.000638650399905
6.98087704289e-05
0.000280927871988
0.000210276512141
6.98087704289e-05
6.98087704289e-05
0.0
0.0
0.0
0.0
0.0
0.000139900175164
6.98087704289e-05
0.0936253765721
0.000210276512141
0.0
0.0
6.98087704289e-05
0.000208555081558
0.0
6.98087704289e-05
0.0
0.0
0.0
6.98087704289e-05
0.0
6.97965349842e-05
0.000210276512141
6.98087704289e-05
0.000139900101752
0.000351893315714
0.000350059572331
0.0
0.0
0.0
6.98087704289e-05
6.98087704289e-05
0.0
6.82793398462e-05
0.000210276512141
0.0
6.98087704289e-05
0.0
0.0
0.0
6.98087704289e-05
0.0
0.000638650399903
0.0
0.0
0.0
0.0
6.98087704289e-05
0.0
0.0
0.0
0.0
0.0
6.98087704289e-05
0.0
0.0
0.000139900101752
0.000351893315714
0.0
0.000638650399905
6.82793398462e-05
0.000210276512141
0.0
0.000138178744582
0.0
0.0
0.0
0.0
0.000139900175164
6.98087704289e-05
6.82793398462e-05
0.000139900175164
0.000210276512141
0.000280940107433
0.000139900175164
0.000210276512141
6.98087704289e-05
6.98087704289e-05
0.0
0.0
0.0
6.98087704289e-05
0.00506198666822
0.0
0.0
0.0
6.98087704289e-05
6.98087704289e-05
0.0
0.0
0.0
6.98087704289e-05
0.0
0.000210276512141
0.0
6.98087704289e-05
0.0
0.0
0.0266028103135
0.000210276433859
0.00496890736865
0.000139891718701
6.98087704289e-05
6.98087704289e-05
6.98087700374e-05
6.98087704289e-05
0.0
0.0
6.98087704289e-05
0.0
0.0
0.0
0.0
0.00838922729726
0.000210264276696
0.0
0.0
0.000280940057293
0.00943990173572
6.98087704289e-05
6.98087700374e-05
0.0023067930308
0.00487367905609
6.82793398462e-05
0.000139900174773
0.0
0.000139900175164
6.98087704289e-05
0.0
0.000280940107041
0.0
0.0
6.98087704289e-05
0.0
6.98087704289e-05
6.98087704289e-05
0.0
0.0
6.98086970162e-05
6.98087704289e-05
0.0
0.0
0.000139900175164
6.98087704289e-05
0.000653799940923
0.0
0.000139900175164
