0.000212011980773
0.000188066766154
0.00888579622237
0.0156748871173
0.000212011956302
0.000164220499267
0.000164220499267
0.000188066766154
0.000407236982875
0.00591634706763
0.000188066766154
0.00018755695596
0.00209642073618
9.32672909856e-05
0.000164220499267
0.00014047236572
0.000148220499266
9.32672909856e-05
0.00480442997127
0.000116817482655
9.32672909856e-05
0.000116821561136
4.64452241597e-05
4.64452241597e-05
2.31758862501e-05
0.0
0.0
0.0
0.00458608655652
4.64408896782e-05
0.00035780397667
0.000481669436973
0.00014047236572
0.0
6.98087704289e-05
0.0
0.0
0.00058364514205
0.0
2.31758862501e-05
0.0
0.00469998961368
0.0
0.000236056967696
0.000116183750942
2.31758862501e-05
4.64452241597e-05
2.31758862501e-05
6.9808745958e-05
2.31758862501e-05
2.31758862501e-05
6.98042861969e-05
0.0
0.00519025982963
0.0
2.31758862501e-05
4.64452241597e-05
0.0
0.0
2.31758862501e-05
0.0
0.00469998961355
2.31758862501e-05
0.00469998961368
0.0
0.00458608655652
0.00469998961355
0.000164220499267
0.0
2.31758862501e-05
0.0018681674314
6.98087704289e-05
2.31758862501e-05
4.59354139655e-05
4.59354139655e-05
0.0
2.31758862501e-05
2.31758862494e-05
2.31758862501e-05
0.000308798964307
4.64411456782e-05
0.0
0.0
9.27574552965e-05
0.0
9.32672909856e-05
0.0168333500304
0.000818692429577
2.31758862501e-05
0.00095353012155
0.0
0.00106371563833
0.0
0.0
0.00276573812031
6.98087704289e-05
0.0
0.0
9.32672909856e-05
2.26660760559e-05
6.98087704289e-05
0.00491276287738
0.00469998961368
0.000953524709448
0.0129402407458
0.0043445691371
0.0
0.0
2.31758862501e-05
0.00480538975858
0.0
2.31758862501e-05
0.00485882956719
0.00485882954288
0.000116247750942
0.0
0.00265475774714
0.0
0.000164220474796
0.0
0.00619907256524
2.31758862501e-05
0.0
4.64452241597e-05
2.31758862501e-05
0.0
0.0
2.31758862501e-05
0.0
0.0
0.0
0.0
4.64452241597e-05
4.64452241597e-05
0.0
2.31758862501e-05
0.0
2.31758862494e-05
0.0
0.0
4.64452241597e-05
2.31718077685e-05
0.0003332514958
0.0
0.00454540487482
4.64452241597e-05
0.0
0.00469998961368
0.0
0.0
2.31758862501e-05
0.0374954175839
0.0
0.000188066766154
0.0
2.31758862501e-05
0.0
2.31758862501e-05
0.0
0.0
0.0141470413956
0.0
0.00076562731713
2.31758862494e-05
2.31758862501e-05
2.31758862501e-05
0.0
4.64452241597e-05
2.31758862501e-05
0.00536288785372
0.000140467692825
6.98087704289e-05
