0.00362964692184
0.0168615116122
0.00806479604419
0.0133560868884
0.0400897489999
0.000280940107433
0.00450996572646
0.0313342841009
0.0307038600992
0.000711088027797
0.0184561837963
0.000282455715668
0.00303842577089
0.0
0.00510423971082
0.0114180179619
0.0
0.0
0.0249290909945
0.00563124045626
0.0342912832896
0.0193551821687
0.0153376363779
0.0111235671159
0.00312913892936
0.00699876800068
0.0203736207224
0.00370362440145
0.000422361835337
0.0069765906438
0.00230679748894
0.000423138520595
0.000783830024407
0.00828603455744
0.00328933809542
6.98087704289e-05
0.0
0.0937779098478
0.0
0.00543940758987
0.00107789356371
0.00165211502354
0.00641098752299
0.000711088027795
0.00122681990746
0.010646669712
0.00345865623637
0.00246127836584
0.0024238605263
0.0470527634715
0.00547325826428
0.0015347031057
0.00270942897929
0.0284120016947
0.000435592820958
0.000280940053197
0.000280940107433
0.000280940107433
0.000280940107433
0.000280940107433
0.000280940107433
0.000280940107433
0.000280940107433
0.00795358456598
0.000566514604214
0.00206884156167
0.0147609076469
0.00656507026603
0.0123878090482
0.0229531068337
0.0180473872953
0.00714112967096
0.00321652540768
0.00487376616418
0.0151864031331
0.000856878958363
0.000856878958363
0.00100390800015
0.00672609059729
0.0105233814257
6.98087704289e-05
0.00974954470837
0.0216169620654
0.0111231019426
0.0515737393156
0.00255687904974
0.0342242189378
0.00783741892453
0.00378884836936
0.0158276154346
0.0163156043313
0.00191331219484
0.000929404779388
0.0105289321239
0.0252056121015
0.00592303529098
0.00222738171653
0.0119899526384
0.0322823027632
0.0391787142563
0.00702908009867
0.00345176190042
6.98087704289e-05
0.0384550930627
0.0266083606236
0.0157177955556
0.00303842045618
0.00592303526386
0.00275503689557
0.0286749395799
5.10899704058e-05
0.00373147285299
0.00351711919096
0.00415299166201
0.0464266058837
0.0144658122465
0.00445353001655
0.00398038134741
0.00908970728273
0.00605218954732
0.00549073122053
0.00853489319272
0.00183567707999
0.0263866772537
0.00652693747589
6.98087704289e-05
0.00543940758987
0.00152857195686
0.0038750747413
0.00491893434034
0.0226144920262
0.0121036408823
0.0165537164025
