0.0381968211302
0.0268323945828
0.0812430396811
0.0938240809214
0.0667813855039
0.00158936541115
0.0717071268678
0.0748576590647
0.347396161654
0.019661768771
0.130583924802
0.00958751490451
0.0919211522607
0.0
0.169088599955
1.27059372797
0.0
0.0
0.273424045093
0.0272547010798
0.158329823214
0.208156152534
0.170648677786
0.103479474326
0.0624440383802
0.248376654237
0.160240783977
0.0950366273984
0.0721546264882
0.269485957902
0.0323350716169
0.0871245508687
0.165995915573
0.0862891909959
0.0843578799051
0.00378295772549
0.0
0.0114180179619
0.0
0.183958083093
0.0291611731638
0.0983263027809
0.249042185427
0.0302624567299
0.0242128397678
0.212868237306
0.144423194386
0.0769126776788
0.149709819603
0.277036650703
0.273187576567
0.145475266306
0.027346363755
0.0657310955541
0.031442514286
0.0205095625427
0.0205095645715
0.0205095645715
0.0205095645702
0.0205095645715
0.0205095645715
0.0205095645715
0.0205095645715
0.139015916056
0.0123158443693
0.123682870314
0.155789489079
0.310753461703
0.104112516023
0.183586618663
0.176703992737
0.230854854654
0.0996573039463
0.160234697263
0.178849898679
0.0449116480204
0.0468940305169
0.0550411459841
0.351194884239
0.093374238576
0.00377678332873
0.12350810681
0.107610684066
0.0315062275656
0.318632502479
0.306185419487
0.169325177723
0.218937834868
0.0542024478711
0.252440493219
0.204340605875
0.0289313857201
0.0508503379361
0.448101956491
0.208730589796
0.119062404793
0.0782073817617
0.235169278491
0.111730307653
0.308807757314
0.132865944918
0.0850426419522
0.00378436134588
0.13278461259
0.201755035329
0.123415249699
0.13236483528
0.0738727216876
0.140655450738
0.0813634093267
0.00337550510565
0.159613735013
0.0445387146991
0.114655580171
0.0876203323819
0.374465290171
0.0760027148939
0.353813653513
0.319883859994
0.380995444314
0.41940709661
0.119905068307
0.0142743591632
0.128078284906
0.289771265218
0.00507765471379
0.0159910901956
0.0426328448642
0.0537415877213
0.0646704667194
0.0596007521323
0.146251883843
0.101717762246
