0.00152857198295
0.0160342162182
0.0375005928939
0.012966531472
0.0142185094598
0.000139326364701
0.000423134186249
0.0272990698575
0.00013990017503
0.00183567707999
0.000280940107433
0.00320528295406
0.0444722369467
0.017851535749
0.00122471666668
0.013065486101
0.0283187388177
0.0016802959395
0.0132828423593
0.000139900175164
0.000423138520732
0.0
0.0151518028688
0.000537212799859
0.00288385841288
0.000566514604214
0.0294391431618
0.0131724011718
0.00246673045355
6.98087704289e-05
6.98087704289e-05
0.00496890752171
6.98087704289e-05
0.000638650399904
0.000280927871577
0.104705878976
0.00238657929788
0.000210276512141
0.0
0.000139900175164
0.0
6.98086970162e-05
6.98087704289e-05
0.000210276512141
0.000210276512139
6.98087704289e-05
0.000139900175164
0.000210276512141
0.0562723710866
0.000280940107041
6.98086970162e-05
0.0670126769304
6.98087704289e-05
6.98087704289e-05
0.000255893315714
0.000349979885131
0.0027073662449
0.000280940107433
6.98087704269e-05
0.000210276512139
0.0353250334921
0.0
0.0
0.0
0.0321083565244
0.0
6.98087704282e-05
0.000423138520732
0.018560860809
0.00582522285588
0.00102914686886
0.0291159694566
0.00376788100787
0.0108873065002
0.0374846453485
0.000885481770212
6.98087704289e-05
6.98006134658e-05
0.0320482990485
6.98087704289e-05
0.0
0.00160483894682
0.00145262721231
0.0246719035097
0.0506928072366
0.00320402033711
0.0706801598045
0.0388646103862
0.00396077968974
0.00380234325162
0.0216173727143
0.0207330767063
0.0245210859673
