0.000507383343722
0.00465188553867
0.00418317212567
0.0010359659741
0.00143708110827
4.64452240251e-05
0.00014047236572
0.00134874636037
4.64452241597e-05
0.0220218222027
7.72672909856e-05
0.00106371130385
0.0131614772053
0.000765622238484
0.000407236982876
0.00100751666267
0.00364470315048
0.0220212483925
0.00103597139605
4.64452241597e-05
0.000140468287239
0.0
0.00335510726737
0.00016129318075
0.000956704255083
0.000188066766154
0.00247440563285
0.000980879892957
0.000818692429556
2.31758862501e-05
2.31758862501e-05
0.00164859430491
2.31758862501e-05
0.000212011980773
9.3263212367e-05
6.98087704289e-05
0.0123212842841
6.98087704289e-05
0.0
4.64452241597e-05
0.0
2.31758617792e-05
2.31758862501e-05
6.98087704289e-05
6.98087704282e-05
0.0376223603223
4.64452241597e-05
6.98087704289e-05
0.000116821561136
9.32672908551e-05
2.31758617792e-05
0.03749477028
2.31758862501e-05
2.31758862501e-05
8.48174826547e-05
0.000116183750942
0.000898526888158
9.32672909856e-05
2.31758862494e-05
6.98087704282e-05
0.000357808081245
0.0
0.0
0.0
0.000467294458725
0.0
2.31758862494e-05
0.00014047236572
0.0010908340318
0.00737586564846
0.000357808052985
0.00130074558087
0.0220209973764
0.00485882954023
0.000407236982746
0.0003332514958
2.31758862501e-05
2.31758862501e-05
0.000407236982876
2.31758862501e-05
0.0
0.000532693835288
0.000482179271772
0.000765627317
0.00518953738551
0.00106307782814
0.0054817778306
0.00827173397892
0.00131960547245
0.0012617524342
0.00546117573313
0.00254587154438
0.00429576507254
