0.00645670374217
0.00645670374217
0.00645670374217
0.00645670374217
0.00645670374217
0.00645670374217
0.00645670374217
0.00645670374217
0.00645670374217
0.00645670374217
0.00645670374217
0.00645670374217
0.00645670374217
0.00645670374217
0.00645670374217
0.00645670374217
0.00645670374217
0.00645670374217
0.00645670374217
0.00645670374217
0.00645670374217
0.00645670374217
0.00645670374217
0.00645670374217
0.00916203487818
0.00916203487818
0.00916203487818
0.374450238888
0.374704261612
0.378157261891
0.333222470354
0.377194677566
0.377516344572
0.329954289281
0.371461500157
0.331092926128
0.444512269786
0.0697504251035
0.0780475775907
0.0780551706861
0.00272850677252
0.00547106925487
0.0176924679746
0.393319963849
0.371958267648
0.373733002539
0.345293389913
0.321754928863
0.356118587841
0.481788217377
0.481400853822
0.450304899992
0.762158374688
0.0430866287968
0.175011079278
0.656485161977
0.0
0.0
0.0109989550119
0.266466547368
0.0226584590539
0.0362149761069
0.45250400123
0.198926394629
0.333600985128
0.0563069457936
0.178614405976
0.0262604026475
0.16082952859
0.209636839594
0.286332751048
0.00566162114768
0.13638050242
0.700105324417
0.0953576168955
0.196226949049
0.0427724561899
0.544685826839
0.134907431079
0.566327692031
0.0134538836164
0.110447929589
0.469051039362
0.0727869728371
0.150593206278
0.065647161178
0.278006166864
0.128881442924
0.51948412546
0.707517778032
0.00645572358775
0.00645487959029
0.20698144978
0.269053571609
0.181667875591
0.451040568656
1.28593665872
0.33719017535
0.2425745632
0.785819362714
0.407764171468
0.115665152692
0.0964366023936
0.223828280826
0.529372804773
0.204332360079
0.125620811749
0.18401712721
0.498923122194
0.67723982988
0.57013896449
0.554872858376
0.61227987606
0.189160786571
0.414952618475
0.497228604597
0.119523857032
0.409686100627
0.275988322054
0.0695424172207
