0.00164859985665
0.00164859985665
0.00164859985665
0.00164859985665
0.00164859985665
0.00164859985665
0.00164859985665
0.00164859985665
0.00164859985665
0.00164859985665
0.00164859985665
0.00164859985665
0.00164859985665
0.00164859985665
0.00164859985665
0.00164859985665
0.00164859985665
0.00164859985665
0.00164859985665
0.00164859985665
0.00164859985665
0.00164859985665
0.00164859985665
0.00164859985665
0.0033048837611
0.0033048837611
0.0033048837611
0.0892970796262
0.0892970796262
0.0892970796262
0.073533777934
0.0892491717883
0.0923706849419
0.0724668792218
0.0934315765039
0.0813824016076
0.11975468311
0.0552295008548
0.0598413428737
0.0345191170646
0.00164859985649
0.0033048837611
0.0134080781525
0.120231733056
0.151606580929
0.154139800172
0.155640081819
0.156567992268
0.160091180999
0.219584672771
0.175309470604
0.193278567591
0.285614056045
0.0693117488292
0.440936540745
0.144596192128
0.0
0.0
0.0127347912763
0.0936971566596
0.101460934747
0.0104835872079
0.300234133938
0.446252231023
0.638640122534
0.0805319629921
0.306257514009
0.0474387119775
0.357678968548
0.311667476146
0.457304027734
0.00129871001743
0.541168996103
0.311679746805
0.226779369077
0.506016926005
0.0489220528419
0.381466616554
0.413179368608
0.373146981421
0.00774845695357
1.11898638217
0.243339363594
0.178213293044
0.191951059635
0.240895504022
0.375633826859
0.130936042503
0.313022120679
0.293217745174
0.00164773021132
0.00164633286951
0.141361595212
0.107134293237
0.0785048835082
0.256521181952
0.109830946262
0.127786261648
0.344112496961
0.505096924259
0.36928468811
0.011697233293
0.0345204535615
0.0675800583048
0.400425807585
0.225423014022
0.14284216439
0.127221545606
0.351250764164
0.598414191044
0.292364276775
0.307550292407
0.181408769784
0.298235808715
0.284183104522
0.211057592516
0.0209494477742
0.456546394939
0.27030353556
0.019722921178
