0.00247440563285
0.00247440563285
0.00247440563285
0.00247440563285
0.00247440563285
0.00247440563285
0.00247440563285
0.00247440563285
0.00247440563285
0.00247440563285
0.00247440563285
0.00247440563285
0.00247440563285
0.00247440563285
0.00247440563285
0.00247440563285
0.00247440563285
0.00247440563285
0.00247440563285
0.00247440563285
0.00247440563285
0.00247440563285
0.00247440563285
0.00247440563285
0.00496125770546
0.00496125770546
0.00496125770546
0.140885707936
0.141138404772
0.144693125628
0.125817624131
0.149045834654
0.160104699266
0.112721115017
0.180829447048
0.160262459558
0.209731165337
0.0671467222496
0.0912622479521
0.101172128438
0.00247216569324
0.00496124262794
0.0271816854988
0.192220192135
0.229340707128
0.212520514223
0.23514936542
0.271002591323
0.255508061284
0.342222699345
0.358895700174
0.337140290586
0.430318936152
0.0442070161284
0.397030471281
0.37436788696
0.0
0.0
0.0582055701607
0.217609056588
0.174791636215
0.0519744132039
0.532233388253
1.78287422553
0.703850788473
0.303789467808
0.485782242905
0.0736739885697
0.508413945605
0.598474528418
0.623249650555
0.00223288980625
0.599882935357
0.49939222726
0.291774446481
0.552801331812
0.0706529734281
0.561522037301
0.530984998964
0.507692381403
0.0189020226066
0.449696938734
0.428785233174
0.219659863305
0.376651629466
0.302930228641
0.599470169139
0.113860710061
0.327277451364
0.392007253173
0.00247352952128
0.00247291472175
0.187589560777
0.14908898798
0.107496709342
0.460052402996
0.200295646405
0.229894330169
0.400742630448
0.632517349712
0.42967535602
0.0175792751059
0.00997216488791
0.115779469251
0.199294327698
0.447778499365
0.176842507172
0.252995992987
0.528366652187
0.745464809221
0.562698020429
0.47733069303
0.218528078409
0.438175481237
0.425725432385
0.261527159574
0.0520313266947
0.53302285814
0.297967357805
0.0497524397205
