0.00618020299158
0.00618020299158
0.00618020299158
0.00618020299158
0.00618020299158
0.00618020299158
0.00618020299158
0.00618020299158
0.00618020299158
0.00618020299158
0.00618020299158
0.00618020299158
0.00618020299158
0.00618020299158
0.00618020299158
0.00618020299158
0.00618020299158
0.00618020299158
0.00618020299158
0.00618020299158
0.00618020299158
0.00618020299158
0.00618020299158
0.00618020299158
0.0293408255299
0.0293408255299
0.0293408255299
0.37739749961
0.377398509124
0.377295689148
0.356404956649
0.390637331868
0.401928024467
0.354268321246
0.406522944671
0.358547158575
0.43106982153
0.0941767444276
0.124792547657
0.1377174788
0.0231816814361
0.0286423857828
0.0465864972914
0.42890927669
0.476933234304
0.481023851922
0.472037891804
0.477633975038
0.435235794589
0.666755402876
0.666183586785
0.641407741219
0.946859465921
0.108654532955
0.44278738508
0.841254784824
0.0
0.0
0.0399524097908
0.400680081252
0.135667292331
0.0701319235051
0.771715271701
0.496548980611
0.818981502014
0.289991718108
0.293863574962
0.0583640897049
0.297964928732
0.720874859067
0.861843644811
0.00552622380999
0.558630657011
2.16637818616
0.116473263485
0.55675645151
0.0923499730419
0.781229857513
0.412480851283
1.01387836052
0.0587044769143
0.312001873341
0.863900827991
0.193203996551
0.44648345005
0.186063946604
0.492161383056
0.307854746516
0.723129532269
1.09544271407
0.0061793075087
0.0061787570671
0.636954315715
0.620035499815
0.116062350092
0.819593151284
0.698596748152
0.511500916032
0.484258242908
1.21877291785
0.746256521804
0.0429759447985
0.0240874021691
0.143240733055
0.745743371324
0.351423872256
0.134691719699
0.25681163277
1.02578200957
1.28758018718
0.971872065932
0.975314908716
0.638523224906
0.257877282426
0.650452744624
0.695147644049
0.0609122465161
0.83177725511
0.455511708817
0.0242558829998
