0.00705293528907
0.00705293528907
0.00705293528907
0.00705293528907
0.00705293528907
0.00705293528907
0.00705293528907
0.00705293528907
0.00705293528907
0.00705293528907
0.00705293528907
0.00705293528907
0.00705293528907
0.00705293528907
0.00705293528907
0.00705293528907
0.00705293528907
0.00705293528907
0.00705293528907
0.00705293528907
0.00705293528907
0.00705293528907
0.00705293528907
0.00705293528907
0.0141617489475
0.0141617489475
0.0141617489475
0.347372835383
0.347916394267
0.354391486285
0.354850269314
0.368570994798
0.379379870966
0.348857990854
0.392041446016
0.389387739153
0.403682450701
0.0616862602985
0.0824449106986
0.10307849241
0.00705096004801
0.0118885749513
0.075726249844
0.422610838149
0.434722535219
0.447781673959
0.42378528569
0.469847816178
0.458673855078
0.609330706631
0.644886805219
0.622416222847
0.868940740503
0.0646061412339
0.342906383086
0.61009704893
0.0
0.0
0.0758271303701
0.459316307857
0.0915151345615
0.0339776693416
0.940273897433
0.557617827049
0.663852137229
0.260652472743
0.352991304241
0.0396457591516
0.610950024074
0.446738103205
0.53260596952
0.00640307234102
0.514867208974
0.780713659637
0.26675484907
0.687026936865
0.0836421359426
2.30831153408
0.362467747277
0.840282625688
0.0556529051614
0.382939549691
0.698816824635
0.227508154291
0.343768526399
0.383230249156
0.551279000672
0.201655964791
0.571573777399
0.835983907327
0.00705193680477
0.0070506051531
0.505141173821
0.432442207229
0.104159274715
0.689299396303
0.543173089224
0.435832984352
0.350978976039
1.03806675985
0.644562680722
0.055137482803
0.0285500991415
0.112061375843
0.60823595325
0.399890990696
0.18526836382
0.238074264074
0.85946547289
1.07617249505
0.759793181413
0.750857641765
0.575449374232
0.463197492993
0.657325285619
0.492219712116
0.0354572703791
0.626596014242
0.329225444873
0.0220818981189
