0.000260202561845
0.000260202561845
0.000260202561845
0.000260202561845
0.000260202561845
0.000260202561845
0.000260202561845
0.000260202561845
0.000260202561845
0.000260202561845
0.000260202561845
0.000260202561845
0.000260202561845
0.000260202561845
0.000260202561845
0.000260202561845
0.000260202561845
0.000260202561845
0.000260202561845
0.000260202561845
0.000260202561845
0.000260202561845
0.000260202561845
0.000260202561845
0.000521476284261
0.000521476284261
0.000521476284261
0.0138763627884
0.0138763627884
0.0138763627884
0.0145259371238
0.0145259371238
0.0145259371238
0.0145259371238
0.0148532347413
0.0148532347413
0.0155129379652
0.00184422620606
0.00265131434511
0.00265131434511
0.000260202561845
0.000521476284261
0.00211211681912
0.0185695292297
0.0232619529793
0.0236376996804
0.0291460737
0.0475470612469
0.0383707876197
0.0338766012219
0.0462143644614
0.0501381620352
0.0651302912738
0.0155620302836
0.0232003612578
0.0330686805722
0.0
0.0
0.00104727274978
0.013396750015
0.0174475494207
0.0383711488126
0.063996771276
0.0522256040938
0.0513620931076
0.00877783078526
0.0506353169085
0.0086368328634
0.0263810947972
0.0786086078529
0.0516351054807
0.000260202561845
0.0229233901972
0.0614955470968
0.0130238828353
0.0390359216642
0.0339683265492
0.0356674741935
0.0222295950614
0.059505112586
0.00119588766159
0.0209990695802
0.0779919843945
0.0100748918267
0.0525433767933
0.00591304103059
0.046000503311
0.0416905972974
0.0502032524607
0.0620568335666
0.000260198483364
0.000259628751651
0.0118580282311
0.0348935164829
0.0438661319981
0.0990554390558
0.119446940449
0.111222984171
0.11382213839
0.155389662841
0.139682545898
0.0640010787761
0.0863489959426
0.133873788889
0.113223102422
0.137416154496
0.0891198435038
0.150232029082
0.0996316275486
0.111424763623
0.107967772845
0.182545767168
0.145012847991
0.215859190702
0.274549012648
0.21907924297
0.307037189442
0.230517980789
0.189845283375
0.17573790287
