0.00311209014501
0.00311209014501
0.00311209014501
0.00311209014501
0.00311209014501
0.00311209014501
0.00311209014501
0.00311209014501
0.00311209014501
0.00311209014501
0.00311209014501
0.00311209014501
0.00311209014501
0.00311209014501
0.00311209014501
0.00311209014501
0.00311209014501
0.00311209014501
0.00311209014501
0.00311209014501
0.00311209014501
0.00311209014501
0.00311209014501
0.00311209014501
0.00624080320315
0.00624080320315
0.00624080320315
0.172058123106
0.172058123106
0.172058123106
0.153511246468
0.169207390852
0.172348076478
0.152425098286
0.168479690183
0.156430592286
0.184556208626
0.0261488375498
0.0167386755544
0.0210144903344
0.00311209014485
0.00845231192251
0.0256594408972
0.221031442583
0.155545104756
0.162230889004
0.11204767704
0.181266734633
0.253232058357
0.285609839038
0.270291510435
0.201095055223
0.360089938168
0.0342456877884
0.143193294746
0.466749359082
0.0
0.0
0.0248997735205
1.12268197062
0.0533959949206
0.0235545199256
0.508408651188
0.215360643661
0.177806812986
0.0925577038825
0.118241722951
0.0111360137755
0.173666414828
0.156155325519
0.14046803263
0.00272382830955
0.199556261653
0.399945823571
0.113679614647
0.179085000345
0.0683618067106
0.458630540511
0.167667428557
0.488494102322
0.0482323062981
0.0936967137772
0.355525782461
0.0992315127186
0.0643719591341
0.0653077393583
0.202063856044
0.0520412088016
0.257359418102
0.394024403695
0.00311205008424
0.00311208431885
0.337855050454
0.332738160421
0.0384841953586
0.299949749565
0.265458148048
0.186867182216
0.0701583158348
0.596399088061
0.325042710205
0.0240172144601
0.0125478988119
0.0618915400814
0.437568424851
0.166118126712
0.155248057946
0.104144434792
0.432479453874
0.554728242946
0.393710808806
0.4054314446
0.302817828545
0.163908245609
0.178665440864
0.336341470376
0.0126196718968
0.406587340438
0.0744143518069
0.0293875665975
