0.00143708113479
0.00143708113479
0.00143708113479
0.00143708113479
0.00143708113479
0.00143708113479
0.00143708113479
0.00143708113479
0.00143708113479
0.00143708113479
0.00143708113479
0.00143708113479
0.00143708113479
0.00143708113479
0.00143708113479
0.00143708113479
0.00143708113479
0.00143708113479
0.00143708113479
0.00143708113479
0.00143708113479
0.00143708113479
0.00143708113479
0.00143708113479
0.00288073280457
0.00288073280457
0.00288073280457
0.0776391006377
0.0776391006377
0.0776391006377
0.0726980029321
0.107112265595
0.1182204
0.0706563805697
0.120002229425
0.120003608451
0.143375572775
0.0620694494023
0.129246184814
0.122788834636
0.00143547201701
0.00288072025038
0.0116840821645
0.1044260791
0.131526347547
0.133711222161
0.222248501834
0.21535464497
0.152106524881
0.266941041706
0.242701812181
0.249143425665
0.271865763501
0.0352105387938
0.229528214797
0.239573028737
0.0
0.0
0.034822273526
0.167758572324
0.0532400384344
0.101294540288
0.404119739489
0.447742395058
0.377593732262
0.129600923907
0.216411316623
0.0208782490827
0.311412793992
0.50787493593
0.354808108582
0.00122876833465
0.399340454455
0.35492453502
0.15724374339
0.419092139801
0.0919824317677
0.402916996724
0.385000119957
0.386711511082
0.00695718424434
0.226605993969
0.456387384008
0.168868986123
0.250920511481
0.233374559033
0.462981444793
0.187157376846
0.353259002574
0.365255734782
0.0246409693062
0.0246392307689
0.173181704747
0.18497602552
0.163714862184
0.319991614338
0.206626931127
0.356495093703
0.276364997093
0.638131602523
0.277141948679
0.0992788315924
0.0951451587051
0.152810875341
0.275940856698
1.27522174638
0.109300998321
0.204504614046
0.304038221558
0.465463377567
0.316950322932
0.372769713444
0.183016138916
0.364160697398
0.562998628266
0.300076505313
0.137397556056
0.379653477817
0.30706087481
0.0948123786768
