9.32672909856e-05
9.32672909856e-05
9.32672909856e-05
9.32672909856e-05
9.32672909856e-05
9.32672909856e-05
9.32672909856e-05
9.32672909856e-05
9.32672909856e-05
9.32672909856e-05
9.32672909856e-05
9.32672909856e-05
9.32672909856e-05
9.32672909856e-05
9.32672909856e-05
9.32672909856e-05
9.32672909856e-05
9.32672909856e-05
9.32672909856e-05
9.32672909856e-05
9.32672909856e-05
9.32672909856e-05
9.32672909856e-05
9.32672909856e-05
0.000186912965872
0.000186912965872
0.000186912965872
0.00496557644788
0.00496557644788
0.00496557644788
0.00519757737482
0.00519757737482
0.00519757737482
0.00519757737482
0.00531445818023
0.00531445818023
0.00555001044761
0.000660926333052
0.000950078221675
0.000950078221675
9.32672909856e-05
0.000186912965872
0.00075690839563
0.00664079460465
0.0083133533076
0.0084471748712
0.0104070152504
0.0108495408322
0.0104070152504
0.0116064756869
0.0131991476712
0.0143832418065
0.0451989612565
0.00149609560364
0.00731132135786
0.020662338437
0.0
0.0
0.00037535183627
0.012548832901
0.00137159815581
0.000596910019125
0.019837378502
0.0099067750677
0.0355597035968
0.00578796986896
0.00676299701633
0.025066765827
0.0233642144887
0.0187121521046
0.0151845919731
9.32672909856e-05
0.00765537679541
0.0240874443832
0.0039494969487
0.0207643227219
0.00183992349561
0.0285490614276
0.00752631851681
0.0242470202903
0.000470151311439
0.0345214556256
0.0252975153629
0.00352162303618
0.00807336609961
0.00206702496202
0.021507683833
0.0405081416328
0.0195244596975
0.0295819494161
9.32672909856e-05
9.32672909856e-05
0.0126143589933
0.0111941272244
0.0390811235304
0.0476542596044
0.0964359120728
0.11834949193
0.0954489944986
0.113197156836
0.0997288709527
0.0938723215766
0.131329443268
0.131329415979
0.131107371632
0.0951451776217
0.118324651984
0.118350011408
0.0205095645713
0.0200612781724
0.0202843330202
0.0907636235993
0.096310911391
0.0863500114083
0.0863500114083
0.0863500114083
0.0863500114083
0.0795119876301
0.0795119876301
0.0795119876301
