0.000507383343722
0.000507383343722
0.000507383343722
0.000507383343722
0.000507383343722
0.000507383343722
0.000507383343722
0.000507383343722
0.000507383343722
0.000507383343722
0.000507383343722
0.000507383343722
0.000507383343722
0.000507383343722
0.000507383343722
0.000507383343722
0.000507383343722
0.000507383343722
0.000507383343722
0.000507383343722
0.000507383343722
0.000507383343722
0.000507383343722
0.000507383343722
0.00101690132166
0.00101690132166
0.00101690132166
0.0271271589501
0.0271271589501
0.0271271589501
0.0284007594667
0.0284007594667
0.0284007594667
0.0284007594667
0.0290426196606
0.0290426196606
0.0932336509629
0.058524287419
0.0599449432692
0.0599449554093
0.000507383343722
0.00101690132166
0.00411986353451
0.0363372656219
0.0455663455504
0.0463063013825
0.0933449191714
0.119865495914
0.104573888177
0.0950402719032
0.106300694338
0.112390070678
0.122653894536
0.0180241044184
0.059793321272
0.0495270713769
0.0
0.0
0.00204241360681
0.0389508593489
0.00777152826375
0.00326106493125
0.103724165058
0.10746905452
0.120194590572
0.0510296222807
0.144148410641
0.027562087478
0.10811602688
0.104927136503
0.0792441589907
0.000440664543699
0.0690383149406
0.11605234445
0.0232519462793
0.104909304206
0.0156677149826
0.104227333465
0.0704941874779
0.122885339065
0.00246364281621
0.0790336057348
0.175973705096
0.0430722698804
0.0653148788256
0.057493647922
0.213018311517
0.118179846959
0.0946473048244
0.174953469642
0.0376215216023
0.0376199554475
0.0741121480781
0.129909693908
0.627311984704
0.212505175799
0.181235666773
0.221557339136
0.120089709997
0.223942328565
0.07766001453
0.00359657676916
0.0390801075313
0.158792900154
0.0856752005982
0.158723540576
0.0348153074636
0.0663546735589
0.120169413285
0.0956150679489
0.145119773474
0.131179858707
0.0550976890778
0.0528649805922
0.1865396729
0.10386744297
0.0439265193014
0.139970241713
0.0736005488363
0.024304011558
