0.00454540487482
0.00454540487482
0.00454540487482
0.00454540487482
0.00454540487482
0.00454540487482
0.00454540487482
0.00454540487482
0.00454540487482
0.00454540487482
0.00454540487482
0.00454540487482
0.00454540487482
0.00454540487482
0.00454540487482
0.00454540487482
0.00454540487482
0.00454540487482
0.00454540487482
0.00454540487482
0.00454540487482
0.00454540487482
0.00454540487482
0.00454540487482
0.00911870338099
0.00911870338099
0.00911870338099
0.262480370662
0.262988815235
0.270215023252
0.289502302547
0.276728865553
0.28763885394
0.240538362205
0.296902677287
0.283805080095
0.333588339545
0.0833414222115
0.0916414095873
0.0870547956292
0.00454293949708
0.0105689801264
0.0253276352785
0.303230693447
0.272301051739
0.272457637383
0.320905714636
0.276066682979
0.481747803471
0.466494171044
0.532670955535
0.454418546733
0.76309075888
0.0777649075871
0.455524782036
0.427022565629
0.0
0.0
0.049809308919
0.326399106768
0.213035863294
0.0386723940793
0.629370581691
0.428692436741
0.656571804735
0.236914723541
0.331269353555
0.0183581063529
0.217732978844
0.435028724688
0.488252422472
0.00415630594512
0.380578311451
0.74536071975
0.113888254916
0.369817790672
0.0955707451174
0.646269088804
0.274072447365
0.869335031971
0.0222990385796
0.37010624886
0.717671196372
0.154859246799
0.305923889927
0.134074670584
0.541385414344
0.258404187281
0.500508469818
0.718721988763
0.004544568166
0.00454294714575
0.519239879691
0.432946740765
0.0779202655806
0.649906255609
0.407475078495
0.390438381326
0.663671706737
1.01839271354
2.0790293516
0.113168424848
0.0997543235627
0.246943818622
0.525688983679
0.272539793571
0.282129383304
0.253935016779
0.84848949292
0.993325543157
0.72921387017
0.78086020914
0.4207164326
0.34004302087
0.62550874289
0.635996381376
0.138817606081
0.775098382543
0.461831788598
0.10265635837
