0.00131960547258
0.00131960547258
0.00131960547258
0.00131960547258
0.00131960547258
0.00131960547258
0.00131960547258
0.00131960547258
0.00131960547258
0.00131960547258
0.00131960547258
0.00131960547258
0.00131960547258
0.00131960547258
0.00131960547258
0.00131960547258
0.00131960547258
0.00131960547258
0.00131960547258
0.00131960547258
0.00131960547258
0.00131960547258
0.00131960547258
0.00131960547258
0.00264518053719
0.00264518053719
0.00264518053719
0.0652820943691
0.0654132597568
0.0689349867163
0.0617610436228
0.0765631074632
0.0795584536979
0.0795024073558
0.0952553253341
0.0827355083922
0.115716558971
0.053032035383
0.114220661148
0.107585884812
0.00131800114014
0.0026451680021
0.0107270928004
0.0903600936547
0.111634645127
0.109768092378
0.207273917689
0.212679877119
0.173946962209
0.235389614315
0.300740255673
0.232662663356
0.278552741993
0.0287311130127
0.335693201412
0.317948859458
0.0
0.0
0.0106465724186
0.164285298982
0.0750423634354
0.0437322650965
0.35448162201
0.43953578559
0.407139739274
0.128871548644
0.262445580828
0.0426611676522
0.378297684792
0.367751270049
0.381528279296
0.00119115399827
0.421493153446
0.263485743858
0.364506810281
0.376099789127
0.0816255924482
0.467176375376
0.216307448492
0.439166727716
0.0210118120127
0.299494736478
0.31914658474
0.158995468395
0.19372982542
0.316062793174
0.570244941503
0.139701523501
0.353170797433
0.406233019044
0.00131956637525
0.00131902661252
0.185598988238
0.139389482421
0.0533894878094
0.317073055119
0.193513436695
0.210540949932
0.229743437085
0.591921616258
0.340342234559
0.0682630636164
0.0863490037526
0.104046977112
0.248071984308
0.363886749822
0.184376597888
0.240073602833
0.506923378915
0.654910742762
0.40145868366
0.520137061907
0.270937662144
1.36938480511
0.617876787338
0.387355422308
0.215875508452
0.462221573336
0.367517421291
0.192555426476
