0.000532693864185
0.000532693864185
0.000532693864185
0.000532693864185
0.000532693864185
0.000532693864185
0.000532693864185
0.000532693864185
0.000532693864185
0.000532693864185
0.000532693864185
0.000532693864185
0.000532693864185
0.000532693864185
0.000532693864185
0.000532693864185
0.000532693864185
0.000532693864185
0.000532693864185
0.000532693864185
0.000532693864185
0.000532693864185
0.000532693864185
0.000532693864185
0.00106763386339
0.00106763386339
0.00106763386339
0.0284879430378
0.0284879430378
0.0284879430378
0.0298258427721
0.0298258427721
0.0298258427721
0.0298258427721
0.0305001232499
0.0305001232499
0.0318595362948
0.00377670074105
0.00543035116514
0.00543035116514
0.000532693864185
0.00106763386339
0.00432552596374
0.0381639576966
0.0848764967053
0.0483251212863
0.0936005409815
0.0640568739815
0.0930876172579
0.112228177803
0.114109661512
0.104645119345
0.187876306169
0.0818856592781
0.241814003547
0.123479224728
0.0
0.0
0.0768467326814
0.159317645464
0.130063560022
0.00347564087895
0.177308562368
0.182190059569
0.258730513902
0.0712869555594
0.104578305014
0.0146551990725
0.137562691663
0.174691302082
0.235145019276
0.000532693864185
0.198079879449
0.139517766855
0.0519841035758
0.183518057079
0.0486966376761
0.188679166765
0.164091423266
0.176217233146
0.00262934605617
0.147831755969
0.124794699171
0.158743634397
0.085831837199
0.0549130840545
0.226366178593
0.10549723285
0.166525741902
0.188278517523
0.000532667963545
0.000532184004025
0.106877978334
0.0972972873643
0.0352374481332
0.168693576635
0.125587466504
0.162794995779
0.1833939621
0.297920345357
0.287948476183
0.0826608484026
0.118348992136
0.124676796692
0.208149072557
0.109073195144
0.659827367156
0.168642105707
0.223556924947
0.26161144735
0.151320214145
0.228356878591
0.127102614824
0.184553925814
0.216884255913
0.225624275446
0.0893692499992
0.283884151733
0.182019485247
0.10398991977
