0.000164220499267
0.000164220499267
0.000164220499267
0.000164220499267
0.000164220499267
0.000164220499267
0.000164220499267
0.000164220499267
0.000164220499267
0.000164220499267
0.000164220499267
0.000164220499267
0.000164220499267
0.000164220499267
0.000164220499267
0.000164220499267
0.000164220499267
0.000164220499267
0.000164220499267
0.000164220499267
0.000164220499267
0.000164220499267
0.000164220499267
0.000164220499267
0.000329111379171
0.000329111379171
0.000329111379171
0.0257474045274
0.0262558491007
0.0337444557088
0.0380946220982
0.0262672045313
0.0260232792177
0.045697381487
0.02694967007
0.0256682903608
0.0375682031653
0.00116381625003
0.0016724037902
0.00167304619088
0.000164220474665
0.00032911137904
0.0100409679621
0.0502049537448
0.0328318116856
0.0336307225367
0.0602239338035
0.0514176953681
0.0478877375443
0.0504448872026
0.0520073899832
0.0402411239073
0.0660870551846
0.0337928837253
0.0490910125505
0.040359501153
0.0
0.0
0.000660926333052
0.0111680655863
0.00243882315263
0.00105178770066
0.06906944799
0.0743731886296
0.0886673791398
0.105236959057
0.103469077925
0.229059156329
0.123111399504
0.0529924701269
0.0606933152168
0.000164215884314
0.0520451148777
0.0589415817194
0.0218568402455
0.0709934454458
0.0203329064872
0.039912682799
0.0693516791301
0.0720290347356
0.000827861603781
0.0480142950349
0.0731044266277
0.00648220438858
0.0115010745514
0.00370046418058
0.069091639185
0.0304520474914
0.0345770152824
0.0498861963697
0.000164220499267
0.000164220499267
0.0222640752843
0.0197522654407
0.0275781219936
0.0396455988442
0.0264799104207
0.0350151828233
0.0220341700502
0.0747659141008
0.0187353216666
0.00116330643983
0.0250657626981
0.0512042486842
0.0564993671033
0.021393396684
0.0145972173836
0.0715647313152
0.0757047967362
0.074962613127
0.0474248419225
0.0955525515272
0.0320507365382
0.042937102161
0.0806071598839
0.034056475591
0.00868424157038
0.0449731036024
0.0315927960364
0.00746611023144
