0.0177591515077
0.0177591515077
0.0177591515077
0.0177591515077
0.0177591515077
0.0177591515077
0.0177591515077
0.0177591515077
0.0177591515077
0.0177591515077
0.0177591515077
0.0177591515077
0.0177591515077
0.0177591515077
0.0177591515077
0.0177591515077
0.0177591515077
0.0177591515077
0.0177591515077
0.0177591515077
0.0177591515077
0.0177591515077
0.0177591515077
0.0177591515077
0.0181930685441
0.0181930685441
0.0181930685441
0.0597680744404
0.0821120600468
0.086748968051
0.148402952221
0.0644526433925
0.0743824869404
0.0728654256237
0.0985400570899
0.0809430768794
0.134725310941
0.0203895408937
0.0217276858592
0.00729271721604
0.000457092793845
0.000916100385847
0.00371126744075
0.0529639253833
0.0920480798531
0.139033328604
0.141241995036
0.0782104168109
0.0781434466659
0.147229994695
0.128707895753
0.118244087363
0.125451654879
0.00841588051857
0.0576691453616
0.0616471942098
0.0
0.0
0.00183992359999
0.0699538698439
0.0424893859223
0.0542143105922
0.0658474958585
0.0709484106857
0.116273276308
0.0614400269948
0.0568368526265
0.0202942331887
0.0471740709176
0.145870262646
0.0792585006309
0.000457088438435
0.0250436758963
0.0927700451505
0.00791749062463
0.0953029763915
0.501183600378
0.0835837981928
0.0399719084523
0.0860756806166
0.00220167566128
0.0491783801583
0.117574178004
0.0442226721565
0.0218685851547
0.0473402075982
0.164453318595
0.0216613519173
0.0466791073725
0.110494822595
0.00045708790094
0.000457092897172
0.0325208245523
0.0844655338673
0.0157477381413
0.124366741942
0.0427057250784
0.0683813641264
0.042698217462
0.161192664265
0.0960205031564
0.00323933255685
0.00183991411952
0.0188065810071
0.0888834204502
0.0920866256665
0.0481781740446
0.0256278039949
0.130528128774
0.11524378276
0.0967118122578
0.123533675386
0.0540359765737
0.0812114575574
0.116949617628
0.074850509171
0.0339675446164
0.13538215574
0.0567759219301
0.0524462752392
