0.00158737070189
0.00158737070189
0.00158737070189
0.00158737070189
0.00158737070189
0.00158737070189
0.00158737070189
0.00158737070189
0.00158737070189
0.00158737070189
0.00158737070189
0.00158737070189
0.00158737070189
0.00158737070189
0.00158737070189
0.00158737070189
0.00158737070189
0.00158737070189
0.00158737070189
0.00158737070189
0.00158737070189
0.00158737070189
0.00158737070189
0.00158737070189
0.00318209888837
0.00318209888837
0.00318209888837
0.120628763955
0.121924264615
0.124388981431
0.124238383276
0.125361093311
0.127855159516
0.108642800745
0.131740384753
0.136381057295
0.156951595117
0.0242053255008
0.0566852964177
0.0552278407156
0.00158531574892
0.0031820845508
0.106104988708
0.223944929698
0.213117098617
0.233218571945
0.242146799996
0.30682724607
0.329896858645
0.367547253953
0.360406552786
0.417031014578
0.409185709644
0.0653751687781
0.328760867466
0.276725143548
0.0
0.0
0.0465082471628
0.180028876124
0.0529408143158
0.0102856405106
0.315713729822
0.517562661946
0.60829085319
0.239536522497
0.285208783826
0.121651855572
1.3848340804
0.463886459519
0.446871666466
0.00144449295139
0.588809739949
0.299517939949
0.290146471805
0.498258786471
0.0479282055606
0.617654209641
0.263660635068
0.594914286043
0.0192250578434
0.369249664626
0.42384474529
0.116272967247
0.253368091659
0.29170108519
0.585140888432
0.199089606367
0.432523572397
0.433254746969
0.00158659708256
0.00158594645023
0.132834255909
0.129070854493
0.108729650891
0.308363699348
0.161096085551
0.242911043687
0.154508187931
0.566548066908
0.218788169495
0.0112624108142
0.0235759592719
0.0864768188616
0.210794654572
0.311499812476
0.137303969278
0.127626061829
0.460354228843
0.555249518235
0.440213741327
0.393209405619
0.144541186594
0.385482495455
0.456629902402
0.234564723173
0.0268684678037
0.403706168623
0.21534080904
0.0273247933681
