0.00254587154438
0.00254587154438
0.00254587154438
0.00254587154438
0.00254587154438
0.00254587154438
0.00254587154438
0.00254587154438
0.00254587154438
0.00254587154438
0.00254587154438
0.00254587154438
0.00254587154438
0.00254587154438
0.00254587154438
0.00254587154438
0.00254587154438
0.00254587154438
0.00254587154438
0.00254587154438
0.00254587154438
0.00254587154438
0.00254587154438
0.00254587154438
0.00510463481334
0.00510463481334
0.00510463481334
0.147836035378
0.148379594262
0.15115381904
0.134536442396
0.167588659303
0.178282394814
0.131759707509
0.184769532183
0.170572685888
0.198370230339
0.0662079057238
0.106144859802
0.113739887498
0.00254391874537
0.0166697231246
0.0201350597483
0.207117028489
0.210221429566
0.236008948265
0.332427087192
0.273034528106
0.298354931305
0.4169226167
0.442026062759
0.432127320105
0.553616805793
0.133974866562
0.59003979579
0.511181523149
0.0
0.0
0.077216335586
0.202555907122
0.202729102643
0.0375203593127
0.459657489407
0.607148131525
0.790129174277
0.241218625231
0.375522002431
0.0687911170637
0.584207369207
0.637189861936
0.563279801014
0.00228652291509
0.502931879636
0.498414389616
0.347250266591
0.56465728489
0.162782277758
0.552929791107
0.348279106573
0.680012243235
0.0228231994286
0.376405359495
0.539128920968
0.187229186141
0.321770921946
0.303541892537
2.04187372231
0.399030614828
0.566677699811
0.752170445403
0.0296212765389
0.0296200153436
0.328901660469
0.275963311769
0.213973111475
0.486562129942
0.28287148025
0.223311778126
0.304311056619
0.886080467027
0.540485792231
0.0602877523689
0.0217535914721
0.0797800133792
0.28850163108
0.460767523727
0.224783398061
0.226686887139
0.772046407306
0.972534122745
0.613798453104
0.694912969845
0.199288514077
0.565166303215
0.751554786656
0.433221425074
0.0460223843822
0.52811724716
0.370920052781
0.0342017650152
