0.00174167919817
0.00174167919817
0.00174167919817
0.00174167919817
0.00174167919817
0.00174167919817
0.00174167919817
0.00174167919817
0.00174167919817
0.00174167919817
0.00174167919817
0.00174167919817
0.00174167919817
0.00174167919817
0.00174167919817
0.00174167919817
0.00174167919817
0.00174167919817
0.00174167919817
0.00174167919817
0.00174167919817
0.00174167919817
0.00174167919817
0.00174167919817
0.0313408636342
0.0313408636342
0.0313408636342
0.120631694663
0.120632620194
0.120512118353
0.125054933806
0.113933413452
0.125055910357
0.125039910382
0.129650874025
0.0816734738262
0.177900915314
0.100829483448
0.0927384828439
0.105694505831
0.0296196891791
0.0313408468319
0.0384793519767
0.190609868989
0.209840253772
0.217212071017
0.235984299179
0.304092290924
0.236596470592
0.300786644054
0.273209886324
0.266646265895
0.411709791343
0.122867955434
0.325015679955
0.174655957034
0.0
0.0
0.0361237216267
0.0703300924187
0.117432964278
0.0656436399934
0.426459287216
0.39609356911
0.410945034132
0.128210300086
0.23534627755
0.0215659036673
0.151125135877
0.29583386916
0.507959701877
0.00162793821638
0.299000746749
0.484289740832
0.0797462357799
0.357280654382
0.0423849605505
0.351404528802
0.186763824659
0.390941068511
0.00828597162301
0.344236116169
0.388818809825
0.130823874944
0.236405834582
0.090573770969
0.303377804218
0.168303157061
0.322317804911
0.486397755434
0.0017408395918
0.00174020856185
0.13882445463
0.1358312736
0.119692524834
0.535003476051
0.242164923417
0.34263497402
1.52205861679
0.617298968758
0.660959017417
0.100422077587
0.0954489932878
0.170770415901
0.328753129383
0.275218819552
0.177973764264
0.197692957406
0.315865220626
0.47434071742
0.24103315637
0.38977791387
0.247191051615
0.228250176128
0.539573082052
0.304462276808
0.112774672232
0.516811183288
0.331891348885
0.0838024017996
