0.00459647439242
0.00459647439242
0.00459647439242
0.00459647439242
0.00459647439242
0.00459647439242
0.00459647439242
0.00459647439242
0.00459647439242
0.00459647439242
0.00459647439242
0.00459647439242
0.00459647439242
0.00459647439242
0.00459647439242
0.00459647439242
0.00459647439242
0.00459647439242
0.00459647439242
0.00459647439242
0.00459647439242
0.00459647439242
0.00459647439242
0.00459647439242
0.00922129840609
0.00922129840609
0.00922129840609
0.261044146974
0.261044146974
0.261044146974
0.226225681229
0.26052707709
0.271747626829
0.224071192064
0.276878836703
0.26483057118
0.307667887799
0.0690139000623
0.101440875996
0.0999842086737
0.00459439306377
0.011626219352
0.0394119482125
0.329991617137
0.312159111833
0.33050907304
0.31106775736
0.347692680154
0.339913072359
0.473711371949
0.550062659018
0.469655041835
0.563660617563
0.0419328920301
0.389452283335
0.582999286273
0.0
0.0
0.0404343137498
0.33814183706
0.0942984947714
0.0701286642864
0.487236818683
0.259105036283
0.473134858596
0.169549938843
0.265310472747
0.0338546481813
0.235546327015
0.241629660259
0.299288984947
0.00412617810169
0.294475589641
0.697469226432
0.114371992223
0.260987270062
0.0743496567013
0.493427263654
0.169117600142
0.746440500335
0.0325143786806
0.212276328711
0.639136278234
0.111181786523
0.226599727717
0.124444142065
0.434393469789
0.207590509437
0.393787602654
0.664922976416
0.00459637790996
0.0045956567483
0.436506921791
0.478758922136
0.103828805535
0.553252169787
0.496823457171
0.337380668653
0.303851806223
0.970108132849
0.635499906668
0.083710719392
0.0863491512899
0.152036837453
0.655183186748
0.298409743062
0.222137100671
0.204262595853
0.758434377042
0.911466245082
0.670609719429
0.819855670571
0.527590481585
0.385562480614
0.624862128579
1.99516695444
0.21907565965
0.801192350867
0.387394382479
0.19918871386
