0.0018681674314
0.0018681674314
0.0018681674314
0.0018681674314
0.0018681674314
0.0018681674314
0.0018681674314
0.0018681674314
0.0018681674314
0.0018681674314
0.0018681674314
0.0018681674314
0.0018681674314
0.0018681674314
0.0018681674314
0.0018681674314
0.0018681674314
0.0018681674314
0.0018681674314
0.0018681674314
0.0018681674314
0.0018681674314
0.0018681674314
0.0018681674314
0.0207075281239
0.0207075281239
0.0207075281239
0.122984379281
0.123238149648
0.126672873231
0.117788037343
0.132438279067
0.135553442163
0.115759856151
0.149841277786
0.109471537975
0.171464519142
0.0788875496243
0.0632421171991
0.0696166318203
0.0188598714659
0.0207075113457
0.0273677982439
0.161100015168
0.286612240838
0.322838555545
0.323746111722
0.31532754754
0.200652824286
0.442111454525
0.429063222415
0.389878788048
0.492982456441
0.250210126505
1.65103908997
0.328752709683
0.0
0.0
0.0623778826309
0.14346697773
0.120857424666
0.0120829310988
0.357617805677
0.396497486251
0.753366194997
0.16647419086
0.367545275672
0.0490379366504
0.329295085757
0.428014275734
0.421929741327
0.00160847246191
0.526122742378
0.447126498092
0.249690741383
0.405888140431
0.058270721983
0.345363133239
0.414715614096
0.570644184813
0.119532737935
0.441932256958
0.511015600723
0.150161236528
0.397621411721
0.127244543688
0.59015992324
0.260940800303
0.512195961596
0.575935986308
0.00186808982942
0.00186666708311
0.257522654577
0.199174882118
0.0603091042236
0.335151923616
0.179148385381
0.185027485325
0.325465147321
0.637256056449
0.456382236959
0.0132604834684
0.00752630018528
0.0410397472901
0.35900736279
0.230892856563
0.241341376314
0.247004423575
0.564577217333
0.717222082388
0.44549107629
0.440692197681
0.227612093055
0.336179954144
0.487415016398
0.390637040783
0.0234454955615
0.457246336789
0.343424956732
0.0423408807536
