2.31758862501e-05
2.31758862501e-05
2.31758862501e-05
2.31758862501e-05
2.31758862501e-05
2.31758862501e-05
2.31758862501e-05
2.31758862501e-05
2.31758862501e-05
2.31758862501e-05
2.31758862501e-05
2.31758862501e-05
2.31758862501e-05
2.31758862501e-05
2.31758862501e-05
2.31758862501e-05
2.31758862501e-05
2.31758862501e-05
2.31758862501e-05
2.31758862501e-05
2.31758862501e-05
2.31758862501e-05
2.31758862501e-05
2.31758862501e-05
4.64452241597e-05
4.64452241597e-05
4.64452241597e-05
0.00982623647938
0.0100789333151
0.0136336541713
0.0107396785121
0.00993276786294
0.00982000793693
0.00982051774713
0.0102136397302
0.00957226022073
0.01136696556
0.000164220499267
0.000236052377215
0.000236056967696
2.31758861196e-05
4.64452241591e-05
0.000188066766153
0.00957418269975
0.0117613498793
0.010063927267
0.00951615988044
0.00823101292809
0.00841233325558
0.0113797821318
0.0123206207201
0.00857036130988
0.0153192290888
0.000382469582458
0.00181501188276
0.00574029969096
0.0
0.0
9.32672909856e-05
0.00311209014501
0.000340498962195
0.000148216420785
0.00491201789586
0.00245789579716
0.00414267478842
0.00143707577631
0.00167871312614
0.000164215884314
0.00152737722629
0.00299351387284
0.00374122228386
0.0366496136015
0.00193188746897
0.00617969315015
0.000980879892957
0.00261822953088
0.000457092896573
0.00705227106762
0.00186816740591
0.00598051338172
0.000116821561136
0.00164859483085
0.00645669843285
0.000857158509802
0.0020027903719
0.000513198206704
0.00248438002891
0.000980879892957
0.00485882956735
0.00554137607514
2.31758862501e-05
2.31758862501e-05
0.0031271973896
0.00277580757877
0.000507383343722
0.0048530460317
0.00645669923244
0.00348056447386
0.00174167919803
0.00665655748301
0.0045447627029
0.000164220499267
9.32672909856e-05
0.000432111086235
0.0056631500063
0.00140508113479
0.000506824653979
0.00103597139605
0.0112527824867
0.00692110496528
0.00631679745132
0.00709941028435
0.00667313618333
0.00127766818376
0.00459646977482
0.00459567386944
0.000260198227364
0.00410442866943
0.00401158794298
0.000284449608665
