0.0016794597907
0.0016794597907
0.0016794597907
0.0016794597907
0.0016794597907
0.0016794597907
0.0016794597907
0.0016794597907
0.0016794597907
0.0016794597907
0.0016794597907
0.0016794597907
0.0016794597907
0.0016794597907
0.0016794597907
0.0016794597907
0.0016794597907
0.0016794597907
0.0016794597907
0.0016794597907
0.0016794597907
0.0016794597907
0.0016794597907
0.0016794597907
0.00336676954443
0.00336676954443
0.00336676954443
0.0816328715234
0.0820197846487
0.0891770319294
0.108978246411
0.085929602832
0.0856701873284
0.0856701873284
0.0885713393979
0.0872742304687
0.152760879723
0.0450254113282
0.0500642440177
0.0500234898064
0.00167945973741
0.00336676954415
0.0336546043566
0.148269815214
0.14690384328
0.190619982122
0.207404267261
0.249536590911
0.217377119295
0.24768920144
0.224874591985
0.18285878718
0.318913254099
0.0634645416994
0.365566620721
0.192618375056
0.0
0.0
0.00676523703624
0.119335031884
0.173111791867
0.010811157956
0.33064326236
0.482828976065
0.353911605157
0.200261849735
1.45429407873
0.103295929208
0.284331716105
0.450954883572
0.360323056295
0.0015642609547
0.289256440998
0.294986038861
0.141008014427
0.380345767624
0.0564715571403
0.354242260147
0.433135980693
0.435918777014
0.00809208637878
0.307588328964
0.325197764551
0.125276760361
0.149073224722
0.20188378152
0.373699663392
0.0342798823379
0.252972650999
0.463747184797
0.00167943094691
0.00167870804326
0.209324897869
0.170188082463
0.144734552912
0.50519975792
0.179468273832
0.19377290719
0.236112594905
0.485574413829
0.331072284354
0.0250631373106
0.00676523700885
0.106984860072
0.287314765325
0.212114208789
0.0992041765515
0.244736875639
0.462552315313
0.544690803291
0.406722655608
0.452204978967
0.129846742814
0.261260249968
0.308268560068
0.264798455928
0.0508329239733
0.444490121912
0.20425921355
0.0167317382004
