0.00103597139605
0.00103597139605
0.00103597139605
0.00103597139605
0.00103597139605
0.00103597139605
0.00103597139605
0.00103597139605
0.00103597139605
0.00103597139605
0.00103597139605
0.00103597139605
0.00103597139605
0.00103597139605
0.00103597139605
0.00103597139605
0.00103597139605
0.00103597139605
0.00103597139605
0.00103597139605
0.00103597139605
0.00103597139605
0.00103597139605
0.00103597139605
0.0385078886911
0.0386341369533
0.0386351497173
0.0908191066756
0.0908199685396
0.0906966510576
0.0933792279935
0.0822736551579
0.093380215808
0.0933802158324
0.0946724118261
0.0666223158274
0.0932821739895
0.0461587514623
0.0363348815724
0.0412616709285
0.0376196553915
0.0386351388946
0.0292067764746
0.101887862055
0.121267387008
0.11462456792
0.136153819063
0.181724282647
0.123942234177
0.155515219598
0.145916104367
0.166320906416
0.208054145724
0.0630480947336
0.244326553322
0.149343544231
0.0
0.0
0.00417145858312
0.104239310494
0.054044040398
0.00667096077745
0.234352825463
0.252224527121
0.235759208444
0.180456263771
0.244214526377
0.0711600135714
0.126658051784
0.31924317833
0.291414970634
0.000887367997976
0.110012099826
0.256597006042
0.0665898964022
0.258769876317
0.0255676616889
0.238230950497
0.252235930449
0.210531326121
0.0197595425719
0.127326577361
0.224115270562
0.154985736723
0.159935869708
0.0693267332287
0.22425355147
0.110872915267
0.112975933416
0.282542299002
0.00103595849885
0.00103518498246
0.124246498353
0.135318799689
0.0662422112877
0.355490521247
0.182850480858
0.226055848606
0.197317862926
0.340391895846
0.253715950788
0.0846871864776
0.118349008326
0.169170937772
0.233261284231
0.203502141706
0.168310431838
0.994903796218
0.354837187059
0.394439812661
0.295950285488
0.399757723765
0.197168693459
0.239763215059
0.334384424035
0.203756759189
0.150481290451
0.323894478842
0.196237701676
0.0998767048895
