0.0032323195637
0.0032323195637
0.0032323195637
0.0032323195637
0.0032323195637
0.0032323195637
0.0032323195637
0.0032323195637
0.0032323195637
0.0032323195637
0.0032323195637
0.0032323195637
0.0032323195637
0.0032323195637
0.0032323195637
0.0032323195637
0.0032323195637
0.0032323195637
0.0032323195637
0.0032323195637
0.0032323195637
0.0032323195637
0.0032323195637
0.0032323195637
0.00648210287399
0.00648210287399
0.00648210287399
0.179048133127
0.179048133127
0.179048133127
0.187820005937
0.187820005937
0.187820005937
0.187820005937
0.192255481901
0.192255481901
0.200723234747
0.0163280232194
0.0262057272059
0.0260274918264
0.0032323195637
0.0088117810646
0.0183620931695
0.231524848066
0.233222025678
0.22479653076
0.155806977984
0.219203722768
0.227151424526
0.304760207049
0.360367078784
0.352765453906
0.388850037997
0.0497536519566
0.25819494732
0.23225417905
0.0
0.0
0.0473020961697
0.338380721357
0.0739350695309
0.0347426494142
0.466119084578
0.186079755194
0.370776206555
0.207405577564
0.21147671731
0.0228849749304
0.129084810593
0.230833335948
0.18654898663
0.00279905102535
0.175806603791
0.64881171021
0.170277452086
0.193262010468
0.0325749713374
0.508462127415
0.155899103181
0.68201243557
0.0254272583178
0.143356062935
0.384740929768
0.0847802190615
0.146185928708
0.0876085481541
0.326804980242
0.178816205325
0.265723139022
0.575501055375
0.0246408534227
0.0246394007602
1.28754478904
0.938656720067
0.074252768561
0.473634389953
0.206620990195
0.240068487531
0.139922618833
0.720105898067
0.520761050434
0.0249917364307
0.0130339003894
0.0491962944432
0.499023132325
0.173439990314
0.105607191453
0.125190877915
0.856945255726
0.884792745687
0.869385143831
0.765702262324
0.300747755995
0.187351973504
0.344604670384
0.434975821166
0.0116376480956
0.517296384229
0.0828831833396
0.00500892107633
