0.00299431457917
0.00299431457917
0.00299431457917
0.00299431457917
0.00299431457917
0.00299431457917
0.00299431457917
0.00299431457917
0.00299431457917
0.00299431457917
0.00299431457917
0.00299431457917
0.00299431457917
0.00299431457917
0.00299431457917
0.00299431457917
0.00299431457917
0.00299431457917
0.00299431457917
0.00299431457917
0.00299431457917
0.00299431457917
0.00299431457917
0.00299431457917
0.00600444532664
0.00600444532664
0.00600444532664
0.14771378857
0.147844953957
0.151845343302
0.148234085545
0.154931153507
0.157954465629
0.14619957974
0.162304696167
0.169664423151
0.197160756748
0.0446061767285
0.0791936875415
0.0776248738552
0.00299228883579
0.00600443110594
0.0426801286385
0.190587004383
0.221063335754
0.219834987601
0.250967197957
0.38208626971
0.324132088361
0.432830654219
0.390792925557
0.374946328769
0.52391979328
0.0430273094031
0.427648076377
0.253465738171
0.0
0.0
0.0163509161153
0.156950814011
0.192623930493
0.0599996767481
0.458836718015
0.597483702731
0.758694475431
0.360170662455
0.451756156106
0.0525184801094
0.460999180568
1.83042819284
0.585218781373
0.00247720464233
0.341790236107
0.723548087182
0.287637722363
0.582445259548
0.145523723992
0.446949296491
0.406805606552
0.561447181677
0.0199699278137
0.312837914962
0.482795648852
0.212799289404
0.232675330296
0.294145482481
0.635727220052
0.138572990194
0.413442908138
0.417586680091
0.00299341184963
0.00299274934042
0.229933967103
0.263668814231
0.10565025248
0.55531734951
0.209635301361
0.401629079462
0.295523262818
0.696187909582
0.435717851438
0.021289491233
0.0187802828617
0.103879088568
0.308516001127
0.503189986496
0.169720343797
0.319478072659
0.631481565561
0.804733156572
0.633409171139
0.524728686401
0.245126397622
0.363373532539
0.539545333416
0.241159731972
0.0779269566789
0.617609084828
0.309555604934
0.0395614516354
