9.32672909856e-05
9.32672909856e-05
9.32672909856e-05
9.32672909856e-05
9.32672909856e-05
9.32672909856e-05
9.32672909856e-05
9.32672909856e-05
9.32672909856e-05
9.32672909856e-05
9.32672909856e-05
9.32672909856e-05
9.32672909856e-05
9.32672909856e-05
9.32672909856e-05
9.32672909856e-05
9.32672909856e-05
9.32672909856e-05
9.32672909856e-05
9.32672909856e-05
9.32672909856e-05
9.32672909856e-05
9.32672909856e-05
9.32672909856e-05
0.000186912965872
0.000186912965872
0.000186912965872
0.00496557644788
0.00496557644788
0.00496557644788
0.00519757737482
0.00519757737482
0.00519757737482
0.00519757737482
0.00531445818023
0.00531445818023
0.00555001044761
0.000660926333052
0.000950078221675
0.000950078221675
9.32672909856e-05
0.000186912965872
0.00075690839563
0.00664079460465
0.0083133533076
0.0084471748712
0.0149804435511
0.0179624327139
0.010348815165
0.0207755899691
0.0170101071004
0.017884563236
0.0174041227138
0.031839487646
0.0622225447514
0.0681105791848
0.0
0.0
0.131330461113
0.0248997736162
0.0274153209057
0.000593468285234
0.0443584939951
0.0581114529076
0.0639473087903
0.0303752628973
0.00661568545426
0.000660926306958
0.04627062785
0.0160849844331
0.0325292355579
9.32672909856e-05
0.0581146551204
0.0397870735946
0.00301093558871
0.0886426200738
0.00179856419998
0.0758254773512
0.0552643307228
0.0337511131259
0.000443490056407
0.0127347859195
0.0441900898519
0.0173064901895
0.0104669976592
0.0151188003542
0.0770947721952
0.0293169195581
0.0359914188998
0.0410446743788
9.32547560401e-05
9.32672909856e-05
0.0468815349055
0.0112600635209
0.00204190379608
0.0196014910453
0.0109989369985
0.0100295064291
0.036122940171
0.0656458433435
0.049765437373
0.000660926333052
0.000375347757789
0.0017393363639
0.0113721416825
0.034650195326
0.0767688582208
0.00413009918311
0.0529281807492
0.0735471549894
0.0449301143845
0.0426249917657
0.00304336245011
0.0105197750777
0.0462917252764
0.0404318534308
0.00104725944683
0.0553155219694
0.0411287697272
0.00114487826918
