0.000382469610001
0.000382469610001
0.000382469610001
0.000382469610001
0.000382469610001
0.000382469610001
0.000382469610001
0.000382469610001
0.000382469610001
0.000382469610001
0.000382469610001
0.000382469610001
0.000382469610001
0.000382469610001
0.000382469610001
0.000382469610001
0.000382469610001
0.000382469610001
0.000382469610001
0.000382469610001
0.000382469610001
0.000382469610001
0.000382469610001
0.000382469610001
0.0378543869051
0.0379806351673
0.0379816479313
0.0563642176501
0.0563650795557
0.0562391539844
0.0489384229057
0.0566066246016
0.0677764834414
0.0479113427009
0.0681971619112
0.0481478317558
0.0689288722317
0.0593950322583
0.0365396551643
0.0350482302244
0.0376196240945
0.0379816369834
0.0470931845108
0.0873397106307
0.0784765489934
0.0773091036989
0.120269768813
0.101026439983
0.069707097707
0.110776896751
0.11899836575
0.13535697647
0.161354827324
0.431693058443
0.25410196336
0.098658794987
0.0
0.0
0.031880847046
0.035507669252
0.0271237237123
0.00244927630645
0.0731355658351
0.0454458801159
0.142690420654
0.0637531198148
0.0664660322163
0.0355217379239
0.0666443811545
0.0449700410256
0.108877370662
0.000382465531519
0.105096008811
0.111946286627
0.0106567633949
0.121753708337
0.00876047861432
0.0668087406146
0.0504963510548
0.139017604881
0.00187881213288
0.070127895909
0.0918185469424
0.0261290378296
0.0619504749195
0.00877163261152
0.13684546648
0.0504204498035
0.141350145653
0.180607004004
0.000382448193593
0.000382469582458
0.0501445047644
0.0488475764104
0.0184871876544
0.112393394514
0.0451302261995
0.0609373593499
0.126966087548
0.133875015246
0.0797374931484
0.00271118008735
0.00153947116006
0.00713934072653
0.0559035903147
0.0366151630006
0.0820100662706
0.06556408901
0.0984132799384
0.142756514534
0.0866749369838
0.124786853615
0.0600040832594
0.0297640801624
0.133964857056
0.0439204713803
0.0158901600776
0.184849073773
0.0725323181154
0.00461496187925
