0.000980879892957
0.000980879892957
0.000980879892957
0.000980879892957
0.000980879892957
0.000980879892957
0.000980879892957
0.000980879892957
0.000980879892957
0.000980879892957
0.000980879892957
0.000980879892957
0.000980879892957
0.000980879892957
0.000980879892957
0.000980879892957
0.000980879892957
0.000980879892957
0.000980879892957
0.000980879892957
0.000980879892957
0.000980879892957
0.000980879892957
0.000980879892957
0.00196606390906
0.00196606390906
0.00196606390906
0.0600996825163
0.0603523793521
0.0639071002083
0.0359730151594
0.0691968987372
0.0802675730491
0.0328881790995
0.08180947217
0.0811697740999
0.0851802844367
0.0273592136813
0.0380891696654
0.0620055133649
0.000978662149444
0.00196604892036
0.00796972043499
0.077368789606
0.0995740669586
0.0969252488674
0.121785759567
0.0878885481355
0.0823296374287
0.132317431474
0.13864797256
0.124623437281
0.156338944204
0.0105740445653
0.249626912937
0.127546749933
0.0
0.0
0.00311901378875
0.113785684324
0.0357860699893
0.00630576947454
0.300440325104
0.288415884199
0.35732850532
0.0548626064396
0.140970495123
0.0218567998992
0.277338179552
0.286920776944
0.190369697367
0.000703129492773
0.351766507731
0.116339777246
0.694622811367
0.23363597518
0.00750156184261
0.265719274251
0.180079282557
0.251219881333
0.00460975452355
0.227034840586
0.121235000895
0.0492418582802
0.103932155665
0.147959063125
0.346855564525
0.0587654443339
0.116718276113
0.200125904229
0.000980838952898
0.000980039207563
0.166260529139
0.128107546582
0.0231438680757
0.0638456869034
0.0953037812011
0.0283745665601
0.0799036317526
0.247566367153
0.112780914928
0.00694993124403
0.00394948196016
0.0183470231008
0.0887062329977
0.156223246579
0.050920338469
0.0666550841394
0.295636890078
0.404157149593
0.329514003682
0.251285669886
0.0588539377666
0.364391577028
0.206855473791
0.111245950497
0.0129903251308
0.135303695236
0.159462225789
0.0120632509678
