0.00193246664915
0.00193246664915
0.00193246664915
0.00193246664915
0.00193246664915
0.00193246664915
0.00193246664915
0.00193246664915
0.00193246664915
0.00193246664915
0.00193246664915
0.00193246664915
0.00193246664915
0.00193246664915
0.00193246664915
0.00193246664915
0.00193246664915
0.00193246664915
0.00193246664915
0.00193246664915
0.00193246664915
0.00193246664915
0.00193246664915
0.00193246664915
0.00387417769586
0.00387417769586
0.00387417769586
0.0947369748392
0.114278298714
0.0984211777055
0.0793467751424
0.102574043596
0.113633846498
0.0662493291605
0.129377964617
0.116811159827
0.167916850391
0.0919650770209
0.0974849036623
0.103942745952
0.00193027298021
0.00387416280343
0.0157236897061
0.130434748853
0.213986813887
0.240751631146
0.286552347532
0.257021474417
0.212566945887
0.336870148968
0.352967022511
0.269396366794
0.36328604277
0.103244194921
0.525094811012
0.249636233632
0.0
0.0
0.0582434922374
0.204411293382
0.075297701752
0.052371781715
0.472948578067
0.593564602422
0.710900055977
0.126636817148
0.289463561577
0.0515993748671
0.577036270783
0.342275166319
0.693196384831
0.00177812148145
1.53225432355
0.559684931188
0.352839102946
0.531940335745
0.0247775721353
0.515729571664
0.503450633816
0.704519339499
0.100319133843
0.541861023107
0.566394592109
0.218162077792
0.545880919339
0.295501322684
0.503269682503
0.208674417748
0.410425150147
0.484081342242
0.00193159940708
0.00193099613205
0.173386234456
0.127153035461
0.0692465893842
0.322879478936
0.138472076581
0.142322670038
0.300044274266
0.673350388894
0.384135977039
0.0137172787781
0.00778565173616
0.0536672218218
0.198093355141
0.399115786023
0.197143425476
0.110845963652
0.47205422361
0.668472926526
0.407408142861
0.454626880105
0.140739981609
0.417056864518
0.503568594231
0.297727315102
0.0230742762042
0.429447162927
0.366626193563
0.0238201390832
