0.00143708113479
0.00143708113479
0.00143708113479
0.00143708113479
0.00143708113479
0.00143708113479
0.00143708113479
0.00143708113479
0.00143708113479
0.00143708113479
0.00143708113479
0.00143708113479
0.00143708113479
0.00143708113479
0.00143708113479
0.00143708113479
0.00143708113479
0.00143708113479
0.00143708113479
0.00143708113479
0.00143708113479
0.00143708113479
0.00143708113479
0.00143708113479
0.0209189655189
0.0209189655189
0.0209189655189
0.0824882219829
0.0832976028443
0.101516464389
0.150861711901
0.0884832489359
0.0989252736326
0.0907084333241
0.102575829804
0.0908282090758
0.136945864058
0.0483989180598
0.0397630693559
0.0273520613859
0.0195023745204
0.0209189486581
0.071267284308
0.115627621544
0.129136992742
0.113747129049
0.12650801032
0.212290422854
0.237315265975
0.177251494088
0.254977074134
0.233079107274
0.269443325084
0.0611018058385
0.166119766
0.144174237958
0.0
0.0
0.030408661335
0.0936419461554
0.0374459698275
0.0519292568845
0.278909342372
0.303430829454
0.363420948852
1.1736031727
0.199383426133
0.104883727085
0.238509423823
0.36034529204
0.208064754088
0.00115299857581
0.1261336432
0.290558387593
0.0555199285587
0.182158516911
0.060987373652
0.261586132794
0.198813861442
0.372510442191
0.00698483340997
0.081313467333
0.244346756013
0.0948593427741
0.100310660542
0.0455949409097
0.239227214498
0.0463320270707
0.132775680775
0.197965113376
0.0014370669141
0.0014362513246
0.206514855439
0.205272914034
0.0506895475195
0.368631032722
0.0556131607812
0.199293246748
0.12847194361
0.367378903875
0.237083395774
0.0520605725936
0.00578796314793
0.0856679973917
0.191019511788
0.128243600089
0.0701966284847
0.180746272991
0.385998924686
0.319458952652
0.298766335279
0.341080589566
0.129526339078
0.128984416487
0.286287988345
0.169599223582
0.00898576098054
0.356066196381
0.0609940928988
0.00911072012764
