0.00566402982367
0.00566402982367
0.00566402982367
0.00566402982367
0.00566402982367
0.00566402982367
0.00566402982367
0.00566402982367
0.00566402982367
0.00566402982367
0.00566402982367
0.00566402982367
0.00566402982367
0.00566402982367
0.00566402982367
0.00566402982367
0.00566402982367
0.00566402982367
0.00566402982367
0.00566402982367
0.00566402982367
0.00566402982367
0.00566402982367
0.00566402982367
0.0111827451485
0.0111827451485
0.0111827451485
0.325858917069
0.326112895195
0.329562742885
0.31594195855
0.322501843814
0.333708206118
0.313822142162
0.342507508297
0.321939768471
0.360497247426
0.0346233444557
0.0310064074616
0.0374703718972
0.00553940761214
0.0111213366599
0.0454189944198
0.372741072659
0.36312732399
0.374976840909
0.280747889487
0.393474051244
0.321321695589
0.47966802982
0.439039013872
0.378806824505
0.735360802088
0.0514758134314
0.353564878928
0.582897500557
0.0
0.0
0.0113756608035
0.437748564239
0.0647351806577
0.0366080538692
0.420674172093
0.196287809054
0.582001697234
0.189714178164
0.287231726915
0.0564847892239
0.204969168518
0.307544726722
0.382025620416
0.00500327529418
0.197857860284
0.745383180144
0.0885092516603
0.338663696854
0.0880458670344
0.607257125213
0.233478562973
0.713840361637
0.030385754137
0.400636188369
0.436797329161
0.199793590937
0.196008520081
0.128328192348
0.287742398582
0.0907316000428
0.426309179445
0.627556799216
0.00566394310298
0.00566169465361
0.498603295047
0.506368643677
0.0856196426003
0.589403900727
0.528085245133
0.383250352214
0.328484215567
0.873836382388
0.523959019531
0.115960255737
0.13132949433
0.195561393619
1.68100414557
0.272974175125
0.202964918096
0.23315315387
0.74520312265
0.976782622323
0.765628164735
0.752647065507
0.676864121393
0.24815276698
0.42788716086
0.654191346275
0.112867969462
0.725862763268
0.263458770211
0.102834876507
