0.00667313618334
0.00667313618334
0.00667313618334
0.00667313618334
0.00667313618334
0.00667313618334
0.00667313618334
0.00667313618334
0.00667313618334
0.00667313618334
0.00667313618334
0.00667313618334
0.00667313618334
0.00667313618334
0.00667313618334
0.00667313618334
0.00667313618334
0.00667313618334
0.00667313618334
0.00667313618334
0.00667313618334
0.00667313618334
0.00667313618334
0.00667313618334
0.00912436592994
0.00912436592994
0.00912436592994
0.390805398186
0.390806728097
0.39070586786
0.347843279306
0.392927220303
0.393364674693
0.345539666602
0.386657212925
0.346681773063
0.396957373145
0.0175867591377
0.0242843385607
0.0178457766631
0.00247197018917
0.0049612418458
0.0201510456916
0.40936438767
0.373004618386
0.357569779573
0.289222735546
0.312806129322
0.310373936795
0.459045479702
0.465484752812
0.376768924246
0.69310578132
0.058434639915
0.224407508003
0.565330222887
0.0
0.0
0.00304446142993
0.304808241784
0.0289432465109
0.0313558154042
0.486668332311
0.21888551216
0.376248620648
0.128605813804
0.130341888969
0.0320834904121
0.142500792312
0.24685769974
0.352167121402
0.00584709516927
0.140143970527
0.639842442877
0.0586639178141
0.252139920445
0.054264144717
0.577599020188
0.204833184349
0.589598586789
0.0463588214854
0.18275319432
0.436012706397
0.136727626063
0.160172666224
0.0455266356452
0.201075670781
0.090625876262
0.451883438944
0.518214694729
0.00667215605454
0.00667050008528
0.301409672955
0.293964395975
0.0550560401465
0.404947637231
0.61092124929
0.328228330017
0.247938716674
0.809952450314
0.421117712234
0.0919358615968
0.0963099312377
0.146221167004
0.677716970187
0.18145451211
0.124757174453
0.199159514454
0.578557249111
0.840670441807
0.580911316751
0.646871217813
1.11359810998
0.270325335999
0.463116877637
0.529269085663
0.14495469182
0.514053305425
0.388373014157
0.129511931372
