0.00585222596864
0.00585222596864
0.00585222596864
0.00585222596864
0.00585222596864
0.00585222596864
0.00585222596864
0.00585222596864
0.00585222596864
0.00585222596864
0.00585222596864
0.00585222596864
0.00585222596864
0.00585222596864
0.00585222596864
0.00585222596864
0.00585222596864
0.00585222596864
0.00585222596864
0.00585222596864
0.00585222596864
0.00585222596864
0.00585222596864
0.00585222596864
0.0218648461412
0.0218648461412
0.0218648461412
0.214945313949
0.233638558581
0.2524840244
0.293312713233
0.217352088853
0.235306847122
0.190539263713
0.259896492984
0.199083289785
0.390437737067
0.0960366823142
0.123290889066
0.132894248708
0.0160336476734
0.0218648314296
0.0553143305752
0.297770314292
0.380313716595
0.463832929615
0.472450779167
0.390619148303
0.414609840594
0.58730522316
0.589792813742
0.503188984802
0.798482874372
0.0892297317904
0.510757219137
0.574550645599
0.0
0.0
0.0445417446783
0.355982430446
0.112615926854
0.116179423037
0.694315197049
0.426206623603
0.681618480963
0.24344067754
0.326132325402
0.0723722653724
0.422008296945
0.480958903362
0.609684032684
0.0057376660755
0.563686071855
0.864122381676
0.121287074858
0.512261008693
0.116709316446
0.699504639005
0.314573135441
0.931717704
0.0944162586178
0.243516437504
2.40490793294
0.277964187611
0.473270571974
0.13692078173
0.531589755608
0.356131660083
0.694084157239
0.893580409496
0.00645601495384
0.0064553556289
0.384660075082
0.414652611316
0.176471221322
0.699133056546
0.467575958723
0.415343016349
0.389113407138
1.07424744679
0.718313050815
0.0450633757337
0.0252974995729
0.159578785108
0.436886983649
0.450183079844
0.1237380667
0.225041540115
0.9220080665
0.852132774597
0.611845520966
0.914011593659
0.434352836618
0.317436132045
0.757802936567
0.637958858884
0.0777254092421
0.777759239943
0.397902683316
0.0466715043869
