0.00261823360936
0.00261823360936
0.00261823360936
0.00261823360936
0.00261823360936
0.00261823360936
0.00261823360936
0.00261823360936
0.00261823360936
0.00261823360936
0.00261823360936
0.00261823360936
0.00261823360936
0.00261823360936
0.00261823360936
0.00261823360936
0.00261823360936
0.00261823360936
0.00261823360936
0.00261823360936
0.00261823360936
0.00261823360936
0.00261823360936
0.00261823360936
0.0155352984984
0.0155352984984
0.0155352984984
0.15196756102
0.151968725847
0.151851719979
0.164782102372
0.172543795967
0.183742614888
0.163849209955
0.187153107683
0.167103585529
0.206370957127
0.0689288874
0.0635647679056
0.0622037407046
0.012937611584
0.0260792968675
0.0819463972134
0.243164726322
0.260277998238
0.281540783889
0.251725588419
0.365894354862
0.203186408903
0.337582753691
0.298293587963
0.343397982799
0.429833555168
0.118760737541
0.404674559595
0.321201819534
0.0
0.0
0.0886445772521
0.179303357933
0.160275295012
0.0691486793089
0.511323524489
0.547856123229
0.671372122167
0.181594962466
0.378139618697
0.0700136552622
0.493695435402
0.581193101313
0.592261598194
0.00204740096791
0.52901193841
0.555856303029
0.233369215346
1.6868702936
0.0952242330288
0.685891546005
0.747516664633
0.634225448784
0.0577703549183
0.506020193288
0.509154017525
0.213156238258
0.25592216601
0.268941925565
0.563116434186
0.116989172729
0.321187502617
0.354874655577
0.00261735193376
0.00261589348775
0.190532031426
0.166479624608
0.104392487796
0.481316033861
0.195139839904
0.424720785648
0.356578597548
0.676423621622
0.36719344432
0.0186044561899
0.0207643105349
0.0865041438823
0.338631397581
0.414303673013
0.17750711853
0.258655832932
0.505677231887
0.752839719972
0.498630901167
0.438109614616
0.249549263114
0.375309566373
0.568867306491
0.259812051559
0.0387835651568
0.63435220521
0.408785533257
0.0426553160553
