0.0104923267469
0.0104923267469
0.0104923267469
0.0104923267469
0.0104923267469
0.0104923267469
0.0104923267469
0.0104923267469
0.0104923267469
0.0104923267469
0.0104923267469
0.0104923267469
0.0104923267469
0.0104923267469
0.0104923267469
0.0104923267469
0.0104923267469
0.0104923267469
0.0104923267469
0.0104923267469
0.0104923267469
0.0104923267469
0.0104923267469
0.0104923267469
0.0315246733826
0.0315246733826
0.0315246733826
0.263455825995
0.287621256527
0.299024081797
0.384745242024
0.265111509848
0.282939189549
0.263883929478
0.311919282477
0.254281265885
0.394501490447
0.0663381559162
0.0865772491388
0.0994535409557
0.0210532686348
0.0280072809019
0.0553015750257
0.327984402682
0.373396277702
0.434071802424
0.440434232434
0.366127253889
0.345745437714
0.617789974284
0.603189566089
0.528134978881
0.783112084046
0.120972003867
0.440885775113
0.591475707318
0.0
0.0
0.042710580764
0.405681832276
0.134827069592
0.0525244703393
0.708742929185
0.474835791773
0.775786216128
0.340411163423
0.452317871629
0.094465016937
0.388510925884
0.524622715389
0.574214824127
0.00656163926494
0.45234293073
0.976263933942
0.251733416977
0.439634434939
0.123452800168
0.751629442428
0.312516218248
1.01255839856
0.0536146537997
0.307600831211
0.916322635998
0.217430884012
0.312273097972
0.191488543546
0.68804390133
0.269267996994
0.541888895732
0.91576947801
0.0071309880026
0.00712959051016
0.756788106051
0.677322268992
0.131901401878
0.778529783089
0.554045601227
0.585284983954
0.391094248748
1.161635956
0.780616297177
0.0985388826214
0.0907626763252
0.162314831207
0.75407376
0.369085203748
0.223978267243
0.400643121477
1.38760263342
1.33492160674
1.11383486801
2.48483924677
0.64338194861
0.517476018033
0.946006466724
0.822514755758
0.182072819513
0.924390405013
0.432626532468
0.173836169889
