0.0054817778306
0.0054817778306
0.0054817778306
0.0054817778306
0.0054817778306
0.0054817778306
0.0054817778306
0.0054817778306
0.0054817778306
0.0054817778306
0.0054817778306
0.0054817778306
0.0054817778306
0.0054817778306
0.0054817778306
0.0054817778306
0.0054817778306
0.0054817778306
0.0054817778306
0.0054817778306
0.0054817778306
0.0054817778306
0.0054817778306
0.0054817778306
0.00947018988747
0.00947018988747
0.00947018988747
0.210113939326
0.210638270701
0.220440522915
0.224196658803
0.200775965857
0.211305928851
0.191776629311
0.2089085466
0.195294743544
0.245418080949
0.03548948685
0.0284602616967
0.0270187057539
0.0040090955893
0.00947017380011
0.0426385320343
0.247141229528
0.27315521165
0.302770346433
0.317661377934
0.257829588994
0.281354269358
0.330705768051
0.305215647127
0.228206855291
0.455475286053
0.0707037589398
0.342480098372
0.242783962423
0.0
0.0
0.0411287867892
0.0747525001345
0.0775341108023
0.0600768708884
0.293105776782
0.292022102917
0.423017928832
0.0605337832693
0.203284651925
0.031592696634
0.213583733033
0.308557180309
0.416964521979
0.00348710564333
0.365814451453
0.455313896246
0.159094901674
0.409155400629
0.0565539367854
0.329055675071
0.365183017573
0.375988960909
0.042103875661
0.270418658697
0.397457369978
0.156582812363
0.228705331553
0.10838143761
0.36923021764
0.168750644989
0.241325668462
0.351087656177
0.00401064232931
0.00400909556397
0.0826057408467
0.058991359741
0.0732867636847
0.313251478473
0.275129339762
0.240996226356
0.330660018485
0.567675741232
0.459695094679
0.0756968707175
0.0795112525083
0.158629620451
0.26326232429
0.304128186516
0.177842010311
0.196024822287
0.365375679165
0.500175642089
0.337032475838
0.429436072841
0.386085477701
0.362772413828
0.502424047182
0.384259827783
0.189479762982
0.551216528959
1.6139678231
0.243177295298
