0.00209642073618
0.00209642073618
0.00209642073618
0.00209642073618
0.00209642073618
0.00209642073618
0.00209642073618
0.00209642073618
0.00209642073618
0.00209642073618
0.00209642073618
0.00209642073618
0.00209642073618
0.00209642073618
0.00209642073618
0.00209642073618
0.00209642073618
0.00209642073618
0.00209642073618
0.00209642073618
0.00209642073618
0.00209642073618
0.00209642073618
0.00209642073618
0.00420302288264
0.00420302288264
0.00420302288264
0.120116430525
0.120369127361
0.124437229403
0.0908171325711
0.123975700713
0.135066691191
0.087666981075
0.14567464873
0.125107728051
0.151834433022
0.0520136807125
0.0652964896156
0.0892066039881
0.00209408060598
0.00420300740439
0.0170621751065
0.136951882965
0.241386968818
0.269419907082
0.251317220737
0.264346917516
0.200847644686
0.333055367377
0.291047923799
0.331457096345
0.432396113839
0.0604779971833
0.39826378356
0.165717287616
0.0
0.0
0.0105201373346
0.0650498750188
0.0513722959696
0.0398873383511
0.425738069506
0.372695940254
0.456732495504
0.101369881708
0.150595989476
0.0114901428011
0.253975266278
0.232195103977
0.509144823604
0.00184574589995
0.540335129
0.447817149805
0.103807928215
0.257656844367
0.0214507525807
0.346126632067
0.238232197085
0.442153350868
0.125016603772
0.192896790935
0.473930246423
0.210635428416
1.30202264566
0.0963060851073
0.312598247688
0.232375764995
0.327124117889
0.492781972452
0.00209551333038
0.00209421191078
0.146597863356
0.111540169113
0.0659352669597
0.322848571194
0.150651440829
0.186721446061
0.238074956486
0.514751283994
0.305560921955
0.0148851956844
0.00844713618261
0.0714131031237
0.197010506338
0.250337624469
0.0857450461626
0.160942812026
0.334342020176
0.481226342486
0.274196104354
0.312811451813
0.159500458822
0.194801065992
0.446756197231
0.224668515838
0.0525825504245
0.29665934509
0.229879802106
0.0132756569461
