0.00485882956735
0.00485882956735
0.00485882956735
0.00485882956735
0.00485882956735
0.00485882956735
0.00485882956735
0.00485882956735
0.00485882956735
0.00485882956735
0.00485882956735
0.00485882956735
0.00485882956735
0.00485882956735
0.00485882956735
0.00485882956735
0.00485882956735
0.00485882956735
0.00485882956735
0.00485882956735
0.00485882956735
0.00485882956735
0.00485882956735
0.00485882956735
0.0216690037115
0.0216690037115
0.0216690037115
0.280014977122
0.280147246795
0.283576895813
0.24306775912
0.276095016129
0.287378980407
0.239889076376
0.283560639437
0.23519205779
0.306048019471
0.0351884626878
0.0915142403529
0.0849743775534
0.0168316283476
0.0217773661465
0.028075794989
0.317774086349
0.327444088795
0.368803812004
0.354698549065
0.378244227739
0.364253471765
0.5136940471
0.459860635645
0.490263094381
0.702474363519
0.138701147456
0.51199919214
0.614472283374
0.0
0.0
0.0360360112068
0.25844529483
0.100028960976
0.0317910219712
0.521841947122
0.327165060214
0.488646492061
0.132021801172
0.253103984729
0.0338151599798
0.432559607376
0.413003317091
0.419113725291
0.00424382039166
0.407485363759
0.722534362752
0.117429350444
0.323210627376
0.0465536982328
0.572421118341
0.179693984345
0.719022767788
0.0233415136778
0.314773076313
0.694267010385
0.261933332843
0.328069180696
0.265660659437
0.559431840967
0.319155300035
1.82313841387
0.849917182531
0.0168327495945
0.0168313240605
0.265575365434
0.22934620023
0.095635314299
0.526485789487
0.518179206101
0.231888329582
0.32331617117
0.988296295508
0.50148021854
0.0343167806492
0.0195665678213
0.125500982785
0.428215074966
0.349576238553
0.166176259573
0.112938538521
0.655378603375
0.821083092527
0.545725533644
0.542977533021
0.451649427655
0.35299667079
0.44220830065
0.39364428666
0.0496648149125
0.635310659707
0.24241439689
0.0189224603008
