9.30781083388e-05
4.64452241597e-05
0.000186912965872
0.0
0.0
0.000139892018201
0.0
0.0
0.000186912965872
0.0
9.30781083388e-05
0.0
0.0
0.0
0.0
4.64452238987e-05
4.64452241597e-05
0.0752215447583
0.0
0.000281516978737
0.000139900175164
0.0
0.0
0.0
0.0
0.000234117991664
0.000186912965872
0.0
0.000139900175164
0.0
0.0
0.0
0.0
0.0
0.0
0.0
0.0
4.64452241597e-05
0.0
0.0
0.000139891506201
0.00342898074599
0.003522443165
0.000185893345482
0.00342897772293
0.00355443188709
0.000866028099529
9.30781083375e-05
9.30781083375e-05
9.30781083388e-05
4.64452241597e-05
4.64452238987e-05
9.30781083388e-05
0.0
0.0
0.0
0.00116977289859
4.64452241584e-05
0.0
0.0
0.000234117991665
0.000280489152444
0.0
0.0
0.0
0.0
0.0
0.0
4.64452241597e-05
4.6445175218e-05
4.64452241597e-05
0.0
0.0
0.0
9.30781083388e-05
9.30781083388e-05
4.64452241597e-05
4.54256037713e-05
4.64370671966e-05
0.0
4.64452241597e-05
0.0
0.0
0.00013989196926
0.0
0.0
0.0
9.30781083388e-05
4.64452241597e-05
0.000233098420218
0.0
0.0
0.000186912965611
9.30781083388e-05
0.0
0.0
0.000234118040607
4.64452241597e-05
0.000186904808909
0.0
4.54256037713e-05
0.000186904808909
0.00122118339189
0.000281516927748
0.000538072686462
0.000138880554775
4.64370671966e-05
0.000281507959284
0.00013989201794
9.2058487949e-05
9.30699513757e-05
0.000234118040605
0.0
4.64452238987e-05
0.000139900175164
4.64452241597e-05
0.000281516978476
9.30781083388e-05
4.64452241597e-05
4.64452241597e-05
0.000329102410707
0.000473083594349
0.000424893061946
0.000423617392888
0.000424884393256
0.000376902860677
0.000185893345483
0.000409083643291
4.64452241597e-05
0.000139900175164
4.64452241597e-05
0.0
0.0
0.0
0.0
0.000329103222208
4.64452241597e-05
0.000281516978737
4.54256037713e-05
0.0
0.000281508772832
4.64452241597e-05
4.64452241597e-05
0.0
0.0
0.0
4.64452241597e-05
0.0
4.64452241597e-05
0.0
9.30781083388e-05
0.0
4.64452241597e-05
0.0
4.64452241597e-05
4.64452241597e-05
0.0
0.000473075486328
0.0
9.30781083388e-05
0.000328083089818
0.000329103173266
0.0
0.0
0.0
0.000186912965872
4.64452241597e-05
0.0
0.0
0.0
0.0
0.000521476284261
0.000234117991665
