0.000570072686723
0.000284449608666
0.00114487826918
0.0
0.0
0.000856878958363
0.0
0.0
0.00114487826918
0.0
0.000570072686723
0.0
0.0
0.0
0.0
0.000284449608666
0.000284449608666
0.000570072686723
0.0
0.00172449600993
0.000856878958363
0.0
0.0
0.0
0.0
0.0014340805882
0.00114487826918
0.0
0.000856878958363
0.0
0.0
0.0
0.0
0.0
0.0
0.0
0.0
0.000284449608666
0.0
0.0
0.000856878958363
0.0337561745133
0.0335442947653
0.00114487826918
0.0320085387728
0.0323890680699
0.00530795841624
0.000570072686723
0.000570072686723
0.000570072686723
0.000284449608666
0.000284449608666
0.000570072686723
0.0
0.0
0.0
0.00717173232898
0.000284449608666
0.0
0.0
0.0014340805882
0.00172449600993
0.0
0.0
0.0
0.0
0.0
0.0
0.000284449608666
0.000284449608666
0.000284449608666
0.0
0.0
0.0
0.000570072686723
0.000570072686723
0.000284449608666
0.000284449608666
0.000284449608666
0.0
0.000284449608666
0.0
0.0
0.000856878958363
0.0
0.0
0.0
0.000570072686723
0.000284449608666
0.0682471823766
0.0
0.0
0.00114487826918
0.000570072686723
0.0
0.0
0.0682471823766
0.000284449608666
0.00114487826918
0.0
0.000284449608666
0.00114487826918
0.00748729833001
0.00172449600993
0.377917773993
0.000856878958363
0.000284449608666
0.041159960053
0.000856878958363
0.000570072686723
0.000570072686723
0.0014340805882
0.0
0.000284449608666
0.000856878958363
0.000284449608666
0.041159960053
0.000570072686723
0.000284449608666
0.000284449608666
0.00201613475654
0.00289849512699
0.00260312376404
0.00260312376404
0.0157433007361
0.00230900717994
0.00114487826918
0.0140525721229
0.000284449608666
0.000856878958363
0.000284449608666
0.0
0.0
0.0
0.0
0.00201613475654
0.000284449608666
0.00172449600993
0.000284449608666
0.0
0.0149396193493
0.000284449608666
0.000284449608666
0.0
0.0
0.0
0.000284449608666
0.0
0.000284449608666
0.0
0.000570072686723
0.0
0.000284449608666
0.0
0.000284449608666
0.000284449608666
0.0
0.00289849512699
0.0
0.000570072686723
0.00201613475654
0.0152063839665
0.0
0.0
0.0
0.00114487826918
0.000284449608666
0.0
0.0
0.0
0.0
0.0362687664543
0.0014340805882
0.000570072686723
0.000570072686723
0.000284449608666
0.000284449608666
