0.003554443165
0.00177304228824
0.0327609173019
0.0
0.0
0.0115895836525
0.0
0.0
0.00369596778506
0.0
0.003554443165
0.0
0.0
0.0
0.0
0.00808158571168
0.00177304228824
0.003554443165
0.0
0.0107652463908
0.0244605345299
0.0
0.0
0.0
0.0
0.00894960130281
0.00867641777641
0.0
0.00694164978383
0.0
0.0
0.0
0.0
0.0
0.0
0.0
0.0
0.00177304228824
0.0
0.0
0.0331303582631
0.808342342628
0.943802000028
0.0428968339986
0.727442252994
0.812775583411
0.0310100142878
0.003554443165
0.003554443165
0.003554443165
0.00177304228824
0.00177304228824
0.003554443165
0.0
0.0
0.0
0.217386799706
0.00808158571168
0.0
0.0
0.0104194349913
0.0107652463908
0.0
0.0
0.0
0.0
0.0
0.0
0.00177304228824
0.00177304228824
0.00808158571168
0.0
0.0
0.0
0.003554443165
0.003554443165
0.00808158571168
0.00808158571168
0.00808158571168
0.0
0.00177304228824
0.0
0.0
0.0053442824467
0.0
0.0
0.0
0.003554443165
0.00808158571168
0.0148946275284
0.0
0.0
0.00714264110768
0.003554443165
0.0
0.0
0.0148946275284
0.00177304228824
0.00535605938795
0.0
0.00177304228824
0.0261637680477
0.227739625704
0.00891436545336
0.0335442947653
0.0053442824467
0.00177304228824
0.0105749904558
0.0053442824467
0.003554443165
0.00983145211366
0.00713095952837
0.0
0.00177304228824
0.0115895836525
0.00808158571168
0.0185749904558
0.0162346027284
0.00808158571168
0.00808158571168
0.0224185678003
0.0596043840529
0.0503307649339
0.0613503149426
0.0367902824808
0.0292638488324
0.00714264110768
0.0424982148869
0.00177304228824
0.00996119979248
0.00808158571168
0.0
0.0
0.0
0.0
0.0188047096325
0.00177304228824
0.0347935634203
0.00808158571168
0.0
0.0251088974924
0.00177304228824
0.00808158571168
0.0
0.0
0.0
0.00177304228824
0.0
0.00808158571168
0.0
0.0162346027284
0.0
0.00177304228824
0.0
0.00808158571168
0.00808158571168
0.0
0.0175359673435
0.0
0.003554443165
0.00895008599061
0.013930535982
0.0
0.0
0.0
0.0261637680477
0.00177304228824
0.0
0.0
0.0
0.0
0.00306531479941
0.00713095952837
0.003554443165
0.003554443165
0.00177304228824
0.00177304228824
