9.30781083388e-05
4.64452241597e-05
0.000186912965872
0.0
0.0
0.000139900175164
0.0
0.0
0.000186912965872
0.0
9.30781083388e-05
0.0
0.0
0.0
0.0
4.64452241597e-05
4.64452241597e-05
9.30781083388e-05
0.0
0.000281516978737
0.000139900175164
0.0
0.0
0.0
0.0
0.000234118040607
0.000186912965872
0.0
0.000139900175164
0.0
0.0
0.0
0.0
0.0
0.0
0.0
0.0
4.64452241597e-05
0.0
0.0
0.000139900175164
0.0164253940424
0.0162346027284
0.000186912965872
0.0158622297343
0.0158622297343
0.000866028148745
9.30781083388e-05
9.30781083388e-05
9.30781083388e-05
4.64452241597e-05
4.64452241597e-05
9.30781083388e-05
0.0
0.0
0.0
0.00116977289859
4.64452241597e-05
0.0
0.0
0.000234118040607
0.000281516978737
0.0
0.0
0.0
0.0
0.0
0.0
4.64452241597e-05
4.64452241597e-05
4.64452241597e-05
0.0
0.0
0.0
9.30781083388e-05
9.30781083388e-05
4.64452241597e-05
4.64452241597e-05
4.64452241597e-05
0.0
4.64452241597e-05
0.0
0.0
0.000139900175164
0.0
0.0
0.0
9.30781083388e-05
0.0376223603223
0.000234118040607
0.0
0.0
0.000186912965872
9.30781083388e-05
0.0
0.0
0.000234118040607
4.64452241597e-05
0.000186912965872
0.0
4.64452241597e-05
0.000186912965872
0.00122118339189
0.000281516978737
0.000570072686723
0.000139900175164
4.64452241597e-05
0.000281516978737
0.000139900175164
9.30781083388e-05
9.30781083388e-05
0.000234118040607
0.0
4.64452241597e-05
0.0376689932065
0.0376223603223
0.0377396568017
0.0752215447583
0.0376223603223
0.0376223603223
0.0377634049353
0.0378352414037
0.00042489306222
0.00042489306222
0.00042489306222
0.000376902860677
0.000186912965872
0.000473083643291
4.64452241597e-05
0.000139900175164
4.64452241597e-05
0.0
0.0
0.0
0.0
0.000329111379171
4.64452241597e-05
0.000281516978737
4.64452241597e-05
0.0
0.000281516978737
4.64452241597e-05
4.64452241597e-05
0.0
0.0
0.0
4.64452241597e-05
0.0
4.64452241597e-05
0.0
9.30781083388e-05
0.0
4.64452241597e-05
0.0
4.64452241597e-05
4.64452241597e-05
0.0
0.000473083643291
0.0
9.30781083388e-05
0.000329111379171
0.000329111379171
0.0
0.0
0.0
0.000186912965872
4.64452241597e-05
0.0
0.0
0.0
0.0
0.000521476284261
0.000234118040607
9.30781083388e-05
9.30781083388e-05
4.64452241597e-05
4.64452241597e-05
