0.000473083643291
0.000236056967696
0.000950078221675
0.0
0.0
0.000711088027797
0.0
0.0
0.000950078221675
0.0
0.000473083643291
0.0
0.0
0.0
0.0
0.000236056967696
0.000236056967696
0.000473083643291
0.0
0.0014310489466
0.000711088027797
0.0
0.0
0.0
0.0
0.00119006242649
0.000950078221675
0.0
0.000711088027797
0.0
0.0
0.0
0.0
0.0
0.0
0.0
0.0
0.000236056967696
0.0
0.0
0.000711088027797
0.0431769711845
0.0424982148869
0.000950078221675
0.0408052477233
0.0409307019364
0.00440423871842
0.000473083643291
0.000473083643291
0.000473083643291
0.000236056967696
0.000236056967696
0.000473083643291
0.0
0.0
0.0
0.00595033272382
0.000236056967696
0.0
0.0
0.00119006242649
0.0014310489466
0.0
0.0
0.0
0.0
0.0
0.0
0.000236056967696
0.000236056967696
0.000236056967696
0.0
0.0
0.0
0.000473083643291
0.000473083643291
0.000236056967696
0.000236056967696
0.000236056967696
0.0
0.000236056967696
0.0
0.0
0.000711088027797
0.0
0.0
0.0
0.000473083643291
0.000236056967696
0.0125182712703
0.0
0.0
0.000950078221675
0.000473083643291
0.0
0.0
0.0125182712703
0.000236056967696
0.000950078221675
0.0
0.000236056967696
0.000950078221675
0.00621209142951
0.0014310489466
0.0140525721229
0.000711088027797
0.000236056967696
0.0014310489466
0.000711088027797
0.000473083643291
0.000473083643291
0.00119006242649
0.0
0.000236056967696
0.000711088027797
0.000236056967696
0.0014310489466
0.000473083643291
0.000236056967696
0.000236056967696
0.00167304619088
0.00240518796256
0.00216010702066
0.00216010702066
0.0415459295614
0.00191606267449
0.000950078221675
0.29673075098
0.000236056967696
0.000711088027797
0.000236056967696
0.0
0.0
0.0
0.0
0.0933220474222
0.000236056967696
0.0014310489466
0.000236056967696
0.0
0.0748597094743
0.000236056967696
0.000236056967696
0.0
0.0
0.0
0.000236056967696
0.0
0.000236056967696
0.0
0.000473083643291
0.0
0.000236056967696
0.0
0.000236056967696
0.000236056967696
0.0
0.0141123434558
0.0
0.000473083643291
0.00167304619088
0.0149129369032
0.0
0.0
0.0
0.000950078221675
0.000236056967696
0.0
0.0
0.0
0.0
0.00805121758222
0.00119006242649
0.000473083643291
0.000473083643291
0.000236056967696
0.000236056967696
