0.000376902860677
0.000188066766154
0.00075690839563
0.0
0.0
0.000566514604214
0.0
0.0
0.00075690839563
0.0
0.000376902860677
0.0
0.0
0.0
0.0
0.000188066766154
0.000188066766154
0.000376902860677
0.0
0.00114006811648
0.000566514604214
0.0
0.0
0.0
0.0
0.00094809071331
0.00075690839563
0.0
0.000566514604214
0.0
0.0
0.0
0.0
0.0
0.0
0.0
0.0
0.000188066766154
0.0
0.0
0.000566514604214
0.0297308036644
0.0292638488324
0.00075690839563
0.0279831679239
0.028108622137
0.00350831766551
0.000376902860677
0.000376902860677
0.000376902860677
0.000188066766154
0.000188066766154
0.000376902860677
0.0
0.0
0.0
0.00473962016243
0.000188066766154
0.0
0.0
0.00094809071331
0.00114006811648
0.0
0.0
0.0
0.0
0.0
0.0
0.000188066766154
0.000188066766154
0.000188066766154
0.0
0.0
0.0
0.000376902860677
0.000376902860677
0.000188066766154
0.000188066766154
0.000188066766154
0.0
0.000188066766154
0.0
0.0
0.000566514604214
0.0
0.0
0.0
0.000376902860677
0.000188066766154
0.00094809071331
0.0
0.0
0.00075690839563
0.000376902860677
0.0
0.0
0.00094809071331
0.000188066766154
0.00075690839563
0.0
0.000188066766154
0.00075690839563
0.00494806864675
0.00114006811648
0.00230900717994
0.000566514604214
0.000188066766154
0.00114006811648
0.000566514604214
0.000376902860677
0.000376902860677
0.00094809071331
0.0
0.000188066766154
0.000566514604214
0.000188066766154
0.00114006811648
0.000376902860677
0.000188066766154
0.000188066766154
0.04519522811
0.113975671746
0.13003080736
0.136469369258
0.0446247425061
0.230285570963
0.00075690839563
0.00191606267449
0.000188066766154
0.0143522798392
0.000188066766154
0.0
0.0
0.0
0.0
0.00133284724656
0.000188066766154
0.00114006811648
0.000188066766154
0.0
0.00114006811648
0.000188066766154
0.000188066766154
0.0
0.0
0.0
0.000188066766154
0.0
0.000188066766154
0.0
0.000376902860677
0.0
0.000188066766154
0.0
0.000188066766154
0.000188066766154
0.0
0.00191606267449
0.0
0.000376902860677
0.00133284724656
0.00133284724656
0.0
0.0
0.0
0.00075690839563
0.000188066766154
0.0
0.0
0.0
0.0
0.00211211681912
0.00094809071331
0.000376902860677
0.000376902860677
0.000188066766154
0.000188066766154
