4.64452241597e-05
2.31758862501e-05
9.32672909856e-05
0.0
0.0
6.98087704289e-05
0.0
0.0
9.32672909856e-05
0.0
4.64452241597e-05
0.0
0.0
0.0
0.0
2.31758862501e-05
2.31758862501e-05
4.64452241597e-05
0.0
0.00014047236572
6.98087704289e-05
0.0
0.0
0.0
0.0
0.000116821561136
9.32672909856e-05
0.0
6.98087704289e-05
0.0
0.0
0.0
0.0
0.0
0.0
0.0
0.0
2.31758862501e-05
0.0
0.0
6.98087704289e-05
0.00171048563997
0.00177304228824
9.32672909856e-05
0.00171048563997
0.00177304228824
0.000432111112329
4.64452241597e-05
4.64452241597e-05
4.64452241597e-05
2.31758862501e-05
2.31758862501e-05
4.64452241597e-05
0.0
0.0
0.0
0.000583650394282
2.31758862501e-05
0.0
0.0
0.000116821561136
0.00014047236572
0.0
0.0
0.0
0.0
0.0
0.0
2.31758862501e-05
2.31758862501e-05
2.31758862501e-05
0.0
0.0
0.0
4.64452241597e-05
4.64452241597e-05
2.31758862501e-05
2.31758862501e-05
2.31758862501e-05
0.0
2.31758862501e-05
0.0
0.0
6.98087704289e-05
0.0
0.0
0.0
4.64452241597e-05
2.31758862501e-05
0.000116821561136
0.0
0.0
9.32672909856e-05
4.64452241597e-05
0.0
0.0
0.000116821561136
2.31758862501e-05
9.32672909856e-05
0.0
2.31758862501e-05
9.32672909856e-05
0.000609298390558
0.00014047236572
0.000284449608666
6.98087704289e-05
2.31758862501e-05
0.00014047236572
6.98087704289e-05
4.64452241597e-05
4.64452241597e-05
0.000116821561136
0.0
2.31758862501e-05
6.98087704289e-05
2.31758862501e-05
0.00014047236572
4.64452241597e-05
2.31758862501e-05
2.31758862501e-05
0.000164220499267
0.000236056967696
0.000212011980773
0.000212011980773
0.000212011980773
0.000188066766154
9.32672909856e-05
0.000236056967696
2.31758862501e-05
6.98087704289e-05
2.31758862501e-05
0.0
0.0
0.0
0.0
0.000164220499267
2.31758862501e-05
0.00014047236572
2.31758862501e-05
0.0
0.00014047236572
0.0376223603223
2.31758862501e-05
0.0
0.0
0.0
2.31758862501e-05
0.0
2.31758862501e-05
0.0
4.64452241597e-05
0.0
2.31758862501e-05
0.0
2.31758862501e-05
2.31758862501e-05
0.0
0.000236056967696
0.0
4.64452241597e-05
0.000164220499267
0.000164220499267
0.0
0.0
0.0
9.32672909856e-05
2.31758862501e-05
0.0
0.0
0.0
0.0
0.000260202561845
0.000116821561136
4.64452241597e-05
4.64452241597e-05
2.31758862501e-05
2.31758862501e-05
