0.000281516978737
0.00014047236572
0.000565341731076
0.0
0.0
0.000423138520732
0.0
0.0
0.000565341731076
0.0
0.000281516978737
0.0
0.0
0.0
0.0
0.00014047236572
0.00014047236572
0.000281516978737
0.0
0.000851512408495
0.000423138520732
0.0
0.0
0.0
0.0
0.000708131407787
0.000565341731076
0.0
0.000423138520732
0.0
0.0
0.0
0.0
0.0
0.0
0.0
0.0
0.00014047236572
0.0
0.0
0.000423138520732
0.0103847170937
0.0107652463908
0.000565341731076
0.0103847170937
0.0107652463908
0.00262006174565
0.000281516978737
0.000281516978737
0.000281516978737
0.00014047236572
0.00014047236572
0.000281516978737
0.0
0.0
0.0
0.00353940907908
0.00014047236572
0.0
0.0
0.000708131407787
0.225384643201
0.0
0.0
0.0
0.0
0.0
0.0
0.00014047236572
0.00014047236572
0.00014047236572
0.0
0.0
0.0
0.000281516978737
0.000281516978737
0.00014047236572
0.00014047236572
0.00014047236572
0.0
0.00014047236572
0.0
0.0
0.000423138520732
0.0
0.0
0.0
0.000281516978737
0.00014047236572
0.000708131407787
0.0
0.0
0.000565341731076
0.000281516978737
0.0
0.0
0.000708131407787
0.00014047236572
0.000565341731076
0.0
0.00014047236572
0.000565341731076
0.003695035316
0.000851512408495
0.00172449600993
0.000423138520732
0.00014047236572
0.000851512408495
0.000423138520732
0.000281516978737
0.000281516978737
0.000708131407787
0.0
0.00014047236572
0.000423138520732
0.00014047236572
0.000851512408495
0.000281516978737
0.00014047236572
0.00014047236572
0.000995489651441
0.0014310489466
0.00128525284613
0.00128525284613
0.00128525284613
0.00114006811648
0.000565341731076
0.0014310489466
0.00014047236572
0.000423138520732
0.00014047236572
0.0
0.0
0.0
0.0
0.000995489651441
0.00014047236572
0.000851512408495
0.00014047236572
0.0
0.000851512408495
0.00014047236572
0.00014047236572
0.0
0.0
0.0
0.00014047236572
0.0
0.00014047236572
0.0
0.000281516978737
0.0
0.00014047236572
0.0
0.00014047236572
0.00014047236572
0.0
0.0014310489466
0.0
0.000281516978737
0.000995489651441
0.000995489651441
0.0
0.0
0.0
0.000565341731076
0.00014047236572
0.0
0.0
0.0
0.0
0.0015774615889
0.000708131407787
0.000281516978737
0.000281516978737
0.00014047236572
0.00014047236572
