0.000234118040607
0.000116821561136
0.000470151311439
0.0
0.0
0.000351893315714
0.0
0.0
0.000470151311439
0.0
0.000234118040607
0.0
0.0
0.0
0.0
0.000116821561136
0.000116821561136
0.000234118040607
0.0
0.000708131407787
0.000351893315714
0.0
0.0
0.0
0.0
0.000588896001227
0.000470151311439
0.0
0.000351893315714
0.0
0.0
0.0
0.0
0.0
0.0
0.0
0.0
0.000116821561136
0.0
0.0
0.000351893315714
0.00697327962054
0.00713095952837
0.000470151311439
0.00669398776182
0.00694627486095
0.00217876742133
0.000234118040607
0.000234118040607
0.000234118040607
0.000116821561136
0.000116821561136
0.000234118040607
0.0
0.0
0.0
0.00294318491826
0.000116821561136
0.0
0.0
0.000588896001227
0.000708131407787
0.0
0.0
0.0
0.0
0.0
0.0
0.000116821561136
0.000116821561136
0.000116821561136
0.0
0.0
0.0
0.000234118040607
0.000234118040607
0.000116821561136
0.000116821561136
0.000116821561136
0.0
0.000116821561136
0.0
0.0
0.000351893315714
0.0
0.0
0.0
0.000234118040607
0.000116821561136
0.000588896001227
0.0
0.0
0.000470151311439
0.000234118040607
0.0
0.0
0.000588896001227
0.000116821561136
0.000470151311439
0.0
0.000116821561136
0.000470151311439
0.00307258024593
0.000708131407787
0.0014340805882
0.000351893315714
0.000116821561136
0.0220944347624
0.000351893315714
0.000234118040607
0.000234118040607
0.17987910444
0.0
0.000116821561136
0.000351893315714
0.000116821561136
0.000708131407787
0.000234118040607
0.000116821561136
0.000116821561136
0.000827861603911
0.00119006242649
0.00106882291146
0.00106882291146
0.00106882291146
0.00094809071331
0.000470151311439
0.00119006242649
0.000116821561136
0.000351893315714
0.000116821561136
0.0
0.0
0.0
0.0
0.000827861603911
0.000116821561136
0.000708131407787
0.000116821561136
0.0
0.000708131407787
0.000116821561136
0.000116821561136
0.0
0.0
0.0
0.000116821561136
0.0
0.000116821561136
0.0
0.000234118040607
0.0
0.000116821561136
0.0
0.000116821561136
0.000116821561136
0.0
0.00119006242649
0.0
0.000234118040607
0.000827861603911
0.000827861603911
0.0
0.0
0.0
0.000470151311439
0.000116821561136
0.0
0.0
0.0
0.0
0.00131181354004
0.000588896001227
0.000234118040607
0.000234118040607
0.000116821561136
0.000116821561136
