0.000281516978737
0.00014047236572
0.000565341731076
0.0
0.0
0.000423138520732
0.0
0.0
0.000565341731076
0.0
0.000281516978737
0.0
0.0
0.0
0.0
0.00014047236572
0.00014047236572
0.000281516978737
0.0
0.000851512408495
0.000423138520732
0.0
0.0
0.0
0.0
0.000708131407787
0.000565341731076
0.0
0.000423138520732
0.0
0.0
0.0
0.0
0.0
0.0
0.0
0.0
0.00014047236572
0.0
0.0
0.000423138520732
0.0106748998559
0.0105749904558
0.000565341731076
0.00982312971694
0.0100118261477
0.00262006174565
0.000281516978737
0.000281516978737
0.000281516978737
0.00014047236572
0.00014047236572
0.000281516978737
0.0
0.0
0.0
0.00353940907908
0.00014047236572
0.0
0.0
0.000708131407787
0.000851512408495
0.0
0.0
0.0
0.0
0.0
0.0
0.00014047236572
0.00014047236572
0.00014047236572
0.0
0.0
0.0
0.000281516978737
0.000281516978737
0.00014047236572
0.00014047236572
0.00014047236572
0.0
0.00014047236572
0.0
0.0
0.000423138520732
0.0
0.0
0.0
0.000281516978737
0.00014047236572
0.000708131407787
0.0
0.0
0.000565341731076
0.000281516978737
0.0
0.0
0.000708131407787
0.00014047236572
0.000565341731076
0.0
0.00014047236572
0.000565341731076
0.003695035316
0.000851512408495
0.041159960053
0.000423138520732
0.00014047236572
0.198365093192
0.000423138520732
0.000281516978737
0.000281516978737
0.0220944347624
0.0
0.00014047236572
0.000423138520732
0.00014047236572
0.0161745701516
0.000281516978737
0.00014047236572
0.00014047236572
0.000995489651441
0.0014310489466
0.00128525284613
0.00128525284613
0.00128525284613
0.00114006811648
0.000565341731076
0.0014310489466
0.00014047236572
0.000423138520732
0.00014047236572
0.0
0.0
0.0
0.0
0.000995489651441
0.00014047236572
0.000851512408495
0.00014047236572
0.0
0.000851512408495
0.00014047236572
0.00014047236572
0.0
0.0
0.0
0.00014047236572
0.0
0.00014047236572
0.0
0.000281516978737
0.0
0.00014047236572
0.0
0.00014047236572
0.00014047236572
0.0
0.0014310489466
0.0
0.000281516978737
0.000995489651441
0.0162943003477
0.0
0.0
0.0
0.000565341731076
0.00014047236572
0.0
0.0
0.0
0.0
0.0015774615889
0.000708131407787
0.000281516978737
0.000281516978737
0.00014047236572
0.00014047236572
