0.000866028148745
0.000432111112329
0.00173934084813
0.0
0.0
0.00130176627484
0.0
0.0
0.00173934084813
0.0
0.000866028148745
0.0
0.0
0.0
0.0
0.000432111112329
0.000432111112329
0.000866028148745
0.0
0.00262006174565
0.00130176627484
0.0
0.0
0.0
0.0
0.00217876742133
0.00173934084813
0.0
0.00130176627484
0.0
0.0
0.0
0.0
0.0
0.0
0.0
0.0
0.000432111112329
0.0
0.0
0.00130176627484
0.0299920972268
0.0310100142878
0.075120662181
0.030335246258
0.0824858111658
0.638558371175
0.0300312955484
0.0300312955484
0.0300312955484
0.0296223603223
0.000432111112329
0.000866028148745
0.0
0.0
0.0
0.0109019846538
0.0296223603223
0.0
0.0
0.00217876742133
0.00262006174565
0.0
0.0
0.0
0.0
0.0
0.0
0.000432111112329
0.000432111112329
0.000432111112329
0.0
0.0
0.0
0.000866028148745
0.000866028148745
0.000432111112329
0.000432111112329
0.000432111112329
0.0
0.000432111112329
0.0
0.0
0.00130176627484
0.0
0.0
0.0
0.000866028148745
0.000432111112329
0.00217876742133
0.0
0.0
0.00173934084813
0.000866028148745
0.0
0.0
0.00217876742133
0.000432111112329
0.00173934084813
0.0
0.000432111112329
0.00173934084813
0.0113820498978
0.00262006174565
0.00530795841624
0.00130176627484
0.000432111112329
0.00262006174565
0.00130176627484
0.000866028148745
0.000866028148745
0.00217876742133
0.0
0.000432111112329
0.00130176627484
0.000432111112329
0.00262006174565
0.000866028148745
0.000432111112329
0.000432111112329
0.00306323977421
0.015971597946
0.0329426112216
0.00395531178693
0.00395531178693
0.00350831766551
0.00173934084813
0.00440423871842
0.000432111112329
0.00130176627484
0.000432111112329
0.0
0.0
0.0
0.0
0.00306323977421
0.000432111112329
0.00262006174565
0.000432111112329
0.0
0.00262006174565
0.000432111112329
0.000432111112329
0.0
0.0
0.0
0.000432111112329
0.0
0.000432111112329
0.0
0.000866028148745
0.0
0.000432111112329
0.0
0.000432111112329
0.000432111112329
0.0
0.00440423871842
0.0
0.000866028148745
0.00306323977421
0.00306323977421
0.0
0.0
0.0
0.00173934084813
0.000432111112329
0.0
0.0
0.0
0.0
0.00485511525613
0.00217876742133
0.000866028148745
0.000866028148745
0.000432111112329
0.000432111112329
