0.000234118040607
0.000116821561136
0.000470151311439
0.0
0.0
0.000351893315714
0.0
0.0
0.000470151311439
0.0
0.000234118040607
0.0
0.0
0.0
0.0
0.000116821561136
0.000116821561136
0.000234118040607
0.0
0.000708131407787
0.000351893315714
0.0
0.0
0.0
0.0
0.000588896001227
0.000470151311439
0.0
0.000351893315714
0.0
0.0
0.0
0.0
0.0
0.0
0.0
0.0
0.000116821561136
0.0
0.0
0.000351893315714
0.0150577791461
0.0148946275284
0.000470151311439
0.0142060090072
0.0143314632203
0.00217876742133
0.000234118040607
0.000234118040607
0.000234118040607
0.000116821561136
0.000116821561136
0.000234118040607
0.0
0.0
0.0
0.00294318491826
0.000116821561136
0.0
0.0
0.000588896001227
0.000708131407787
0.0
0.0
0.0
0.0
0.0
0.0
0.000116821561136
0.000116821561136
0.000116821561136
0.0
0.0
0.0
0.000234118040607
0.000234118040607
0.000116821561136
0.000116821561136
0.000116821561136
0.0
0.000116821561136
0.0
0.0
0.000351893315714
0.0
0.0
0.0
0.000234118040607
0.000116821561136
0.0679112277305
0.0
0.0
0.000470151311439
0.000234118040607
0.0
0.0
0.15587910444
0.000116821561136
0.000470151311439
0.0
0.000116821561136
0.000470151311439
0.00307258024593
0.000708131407787
0.0682471823766
0.000351893315714
0.000116821561136
0.000708131407787
0.000351893315714
0.000234118040607
0.000234118040607
0.000588896001227
0.0
0.000116821561136
0.000351893315714
0.000116821561136
0.000708131407787
0.000234118040607
0.000116821561136
0.000116821561136
0.000827861603911
0.00119006242649
0.00106882291146
0.00106882291146
0.0143823842694
0.00094809071331
0.000470151311439
0.0125182712703
0.000116821561136
0.000351893315714
0.000116821561136
0.0
0.0
0.0
0.0
0.000827861603911
0.000116821561136
0.000708131407787
0.000116821561136
0.0
0.0140944347624
0.000116821561136
0.000116821561136
0.0
0.0
0.0
0.000116821561136
0.0
0.000116821561136
0.0
0.000234118040607
0.0
0.000116821561136
0.0
0.000116821561136
0.000116821561136
0.0
0.00119006242649
0.0
0.000234118040607
0.000827861603911
0.000827861603911
0.0
0.0
0.0
0.000470151311439
0.000116821561136
0.0
0.0
0.0
0.0
0.0229883508121
0.000588896001227
0.000234118040607
0.000234118040607
0.000116821561136
0.000116821561136
