0.000186912965872
9.32672909856e-05
0.00037535183627
0.0
0.0
0.000280940107433
0.0
0.0
0.00037535183627
0.0
0.000186912965872
0.0
0.0
0.0
0.0
9.32672909856e-05
9.32672909856e-05
0.000186912965872
0.0
0.000565341731076
0.000280940107433
0.0
0.0
0.0
0.0
0.000470151311439
0.1313304614
0.0
0.0157237280467
0.0
0.0
0.0
0.0
0.0
0.0
0.0
0.0
9.32672909856e-05
0.0
0.0
0.000280940107433
0.00874175487726
0.00867641777641
0.00037535183627
0.00817859056915
0.00830404478226
0.00173934084813
0.000186912965872
0.000186912965872
0.000186912965872
9.32672909856e-05
9.32672909856e-05
0.000186912965872
0.0
0.0
0.0
0.00234951870384
9.32672909856e-05
0.0
0.0
0.0158653448503
0.000565341731076
0.0
0.0
0.0
0.0
0.0
0.0
9.32672909856e-05
9.32672909856e-05
9.32672909856e-05
0.0
0.0
0.0
0.000186912965872
0.000186912965872
9.32672909856e-05
9.32672909856e-05
9.32672909856e-05
0.0
9.32672909856e-05
0.0
0.0
0.000280940107433
0.0
0.0
0.0
0.000186912965872
9.32672909856e-05
0.000470151311439
0.0
0.0
0.00037535183627
0.000186912965872
0.0
0.0
0.000470151311439
9.32672909856e-05
0.00037535183627
0.0
9.32672909856e-05
0.00037535183627
0.00245280181497
0.000565341731076
0.00114487826918
0.000280940107433
9.32672909856e-05
0.000565341731076
0.000280940107433
0.000186912965872
0.000186912965872
0.000470151311439
0.0
9.32672909856e-05
0.000280940107433
9.32672909856e-05
0.000565341731076
0.000186912965872
9.32672909856e-05
9.32672909856e-05
0.000660926333052
0.000950078221675
0.000853291238142
0.000853291238142
0.000853291238142
0.00075690839563
0.00037535183627
0.000950078221675
9.32672909856e-05
0.000280940107433
9.32672909856e-05
0.0
0.0
0.0
0.0
0.000660926333052
9.32672909856e-05
0.000565341731076
9.32672909856e-05
0.0
0.000565341731076
9.32672909856e-05
9.32672909856e-05
0.0
0.0
0.0
9.32672909856e-05
0.0
9.32672909856e-05
0.0
0.000186912965872
0.0
9.32672909856e-05
0.0
9.32672909856e-05
9.32672909856e-05
0.0
0.000950078221675
0.0
0.000186912965872
0.000660926333052
0.000660926333052
0.0
0.0
0.0
0.00037535183627
9.32672909856e-05
0.0
0.0
0.0
0.0
0.00104727274978
0.000470151311439
0.000186912965872
0.000186912965872
9.32672909856e-05
9.32672909856e-05
