0.000139900175164
6.98087704289e-05
0.000280940107433
0.0
0.0
0.000210276512141
0.0
0.0
0.000280940107433
0.0
0.000139900175164
0.0
0.0
0.0
0.0
6.98087704289e-05
6.98087704289e-05
0.000139900175164
0.0
0.000423138520732
0.000210276512141
0.0
0.0
0.0
0.0
0.000351893315714
0.0157237280467
0.0
0.0937779098478
0.0
0.0
0.0
0.0
0.0
0.0
0.0
0.0
6.98087704289e-05
0.0
0.0
0.000210276512141
0.00706988444952
0.00694164978383
0.000280940107433
0.00650672014141
0.00656927678967
0.00130176627484
0.000139900175164
0.000139900175164
0.000139900175164
6.98087704289e-05
6.98087704289e-05
0.000139900175164
0.0
0.0
0.0
0.00175838856201
6.98087704289e-05
0.0
0.0
0.0157709331214
0.000423138520732
0.0
0.0
0.0
0.0
0.0
0.0
6.98087704289e-05
6.98087704289e-05
6.98087704289e-05
0.0
0.0
0.0
0.000139900175164
0.000139900175164
6.98087704289e-05
6.98087704289e-05
6.98087704289e-05
0.0
6.98087704289e-05
0.0
0.0
0.000210276512141
0.0
0.0
0.0
0.000139900175164
6.98087704289e-05
0.000351893315714
0.0
0.0
0.000280940107433
0.000139900175164
0.0
0.0
0.000351893315714
6.98087704289e-05
0.000280940107433
0.0
6.98087704289e-05
0.000280940107433
0.00183567707999
0.000423138520732
0.000856878958363
0.000210276512141
6.98087704289e-05
0.000423138520732
0.000210276512141
0.000139900175164
0.000139900175164
0.000351893315714
0.0
6.98087704289e-05
0.000210276512141
6.98087704289e-05
0.000423138520732
0.000139900175164
6.98087704289e-05
6.98087704289e-05
0.000494678135784
0.000711088027797
0.000638650399905
0.000638650399905
0.000638650399905
0.000566514604214
0.000280940107433
0.000711088027797
6.98087704289e-05
0.000210276512141
6.98087704289e-05
0.0
0.0
0.0
0.0
0.000494678135784
6.98087704289e-05
0.000423138520732
6.98087704289e-05
0.0
0.000423138520732
6.98087704289e-05
6.98087704289e-05
0.0
0.0
0.0
6.98087704289e-05
0.0
6.98087704289e-05
0.0
0.000139900175164
0.0
6.98087704289e-05
0.0
6.98087704289e-05
6.98087704289e-05
0.0
0.000711088027797
0.0
0.000139900175164
0.000494678135784
0.000494678135784
0.0
0.0
0.0
0.000280940107433
6.98087704289e-05
0.0
0.0
0.0
0.0
0.000783830024408
0.000351893315714
0.000139900175164
0.000139900175164
6.98087704289e-05
6.98087704289e-05
