0.00042489306222
0.000212011980773
0.000853291238142
0.0
0.0
0.000638650399905
0.0
0.0
0.000853291238142
0.0
0.00042489306222
0.0
0.0
0.0
0.0
0.000212011980773
0.000212011980773
0.00042489306222
0.0
0.00128525284613
0.000638650399905
0.0
0.0
0.0
0.0
0.00106882291146
0.000853291238142
0.0
0.000638650399905
0.0
0.0
0.0
0.0
0.0
0.0
0.0
0.0
0.000212011980773
0.0
0.0
0.000638650399905
0.0370273493036
0.0367902824808
0.000853291238142
0.0355835167774
0.0358358038765
0.00395531178693
0.00042489306222
0.00042489306222
0.00042489306222
0.000212011980773
0.000212011980773
0.00042489306222
0.0
0.0
0.0
0.00534365227488
0.000212011980773
0.0
0.0
0.00106882291146
0.00128525284613
0.0
0.0
0.0
0.0
0.0
0.0
0.000212011980773
0.000212011980773
0.000212011980773
0.0
0.0
0.0
0.00042489306222
0.00042489306222
0.000212011980773
0.000212011980773
0.000212011980773
0.0
0.000212011980773
0.0
0.0
0.000638650399905
0.0
0.0
0.0
0.00042489306222
0.000212011980773
0.0143823842694
0.0
0.0
0.000853291238142
0.00042489306222
0.0
0.0
0.0143823842694
0.000212011980773
0.000853291238142
0.0
0.000212011980773
0.000853291238142
0.00557869431031
0.00128525284613
0.0157433007361
0.000638650399905
0.000212011980773
0.00128525284613
0.000638650399905
0.00042489306222
0.00042489306222
0.00106882291146
0.0
0.000212011980773
0.000638650399905
0.000212011980773
0.00128525284613
0.00042489306222
0.000212011980773
0.000212011980773
0.0460171496119
0.06424393218
0.0672210122841
0.0946400241732
0.310739414528
0.0446247425061
0.000853291238142
0.0415459295614
0.000212011980773
0.000638650399905
0.000212011980773
0.0
0.0
0.0
0.0
0.00150258856165
0.000212011980773
0.00128525284613
0.000212011980773
0.0
0.00128525284613
0.000212011980773
0.000212011980773
0.0
0.0
0.0
0.000212011980773
0.0
0.000212011980773
0.0
0.00042489306222
0.0
0.000212011980773
0.0
0.000212011980773
0.000212011980773
0.0
0.00216010702066
0.0
0.00042489306222
0.00150258856165
0.00150258856165
0.0
0.0
0.0
0.000853291238142
0.000212011980773
0.0
0.0
0.0
0.0
0.00976703662302
0.00106882291146
0.00042489306222
0.00042489306222
0.000212011980773
0.000212011980773
