0.000186912965872
9.32672909856e-05
0.00037535183627
0.0
0.0
0.000280940107433
0.0
0.0
0.00037535183627
0.0
0.000186912965872
0.0
0.0
0.0
0.0
9.32672909856e-05
9.32672909856e-05
0.000186912965872
0.0
0.000565341731076
0.000280940107433
0.0
0.0
0.0
0.0
0.000470151311439
0.00037535183627
0.0
0.000280940107433
0.0
0.0
0.0
0.0
0.0
0.0
0.0
0.0
9.32672909856e-05
0.0
0.0
0.000280940107433
0.00526197014852
0.00535605938795
0.00037535183627
0.0049826782898
0.00517137472053
0.00173934084813
0.000186912965872
0.000186912965872
0.000186912965872
9.32672909856e-05
9.32672909856e-05
0.000186912965872
0.0
0.0
0.0
0.00234951870384
9.32672909856e-05
0.0
0.0
0.000470151311439
0.000565341731076
0.0
0.0
0.0
0.0
0.0
0.0
9.32672909856e-05
9.32672909856e-05
0.0296223603223
0.0
0.0
0.0
0.000186912965872
0.000186912965872
9.32672909856e-05
9.32672909856e-05
9.32672909856e-05
0.0
9.32672909856e-05
0.0
0.0
0.000280940107433
0.0
0.0
0.0
0.000186912965872
9.32672909856e-05
0.000470151311439
0.0
0.0
0.00037535183627
0.000186912965872
0.0
0.0
0.000470151311439
9.32672909856e-05
0.142350011408
0.0
9.32672909856e-05
0.00037535183627
0.00245280181497
0.000565341731076
0.00114487826918
0.000280940107433
9.32672909856e-05
0.000565341731076
0.000280940107433
0.000186912965872
0.000186912965872
0.000470151311439
0.0
9.32672909856e-05
0.000280940107433
9.32672909856e-05
0.000565341731076
0.000186912965872
9.32672909856e-05
9.32672909856e-05
0.000660926333052
0.000950078221675
0.000853291238142
0.000853291238142
0.000853291238142
0.00075690839563
0.00037535183627
0.000950078221675
9.32672909856e-05
0.000280940107433
9.32672909856e-05
0.0
0.0
0.0
0.0
0.000660926333052
9.32672909856e-05
0.000565341731076
9.32672909856e-05
0.0
0.000565341731076
9.32672909856e-05
9.32672909856e-05
0.0
0.0
0.0
9.32672909856e-05
0.0
9.32672909856e-05
0.0
0.000186912965872
0.0
9.32672909856e-05
0.0
9.32672909856e-05
9.32672909856e-05
0.0
0.000950078221675
0.0
0.000186912965872
0.000660926333052
0.000660926333052
0.0
0.0
0.0
0.00037535183627
9.32672909856e-05
0.0
0.0
0.0
0.0
0.00104727274978
0.000470151311439
0.000186912965872
0.000186912965872
9.32672909856e-05
9.32672909856e-05
