9.30781083388e-05
4.64452241597e-05
0.000186912965872
0.0
0.0
0.000139900175164
0.0
0.0
0.000186912965872
0.0
9.30781083388e-05
0.0
0.0
0.0
0.0
4.64452241597e-05
4.64452241597e-05
9.30781083388e-05
0.0
0.000281516978737
0.000139900175164
0.0
0.0
0.0
0.0
0.000234118040607
0.000186912965872
0.0
0.000139900175164
0.0
0.0
0.0
0.0
0.0
0.0
0.0
0.0
4.64452241597e-05
0.0
0.0
0.000139900175164
0.00342898895189
0.003554443165
0.0266729017184
0.00342898895189
0.0393722267243
0.0300312955484
0.0376456296602
0.0376456296602
0.0752215447583
0.0376223603223
4.64452241597e-05
9.30781083388e-05
0.0
0.0
0.0
0.00116977289859
4.64452241597e-05
0.0
0.0
0.000234118040607
0.000281516978737
0.0
0.0
0.0
0.0
0.0
0.0
4.64452241597e-05
4.64452241597e-05
4.64452241597e-05
0.0
0.0
0.0
9.30781083388e-05
9.30781083388e-05
4.64452241597e-05
4.64452241597e-05
4.64452241597e-05
0.0
4.64452241597e-05
0.0
0.0
0.000139900175164
0.0
0.0
0.0
9.30781083388e-05
4.64452241597e-05
0.000234118040607
0.0
0.0
0.000186912965872
9.30781083388e-05
0.0
0.0
0.000234118040607
4.64452241597e-05
0.000186912965872
0.0
4.64452241597e-05
0.000186912965872
0.00122118339189
0.000281516978737
0.000570072686723
0.000139900175164
4.64452241597e-05
0.000281516978737
0.000139900175164
9.30781083388e-05
9.30781083388e-05
0.000234118040607
0.0
4.64452241597e-05
0.000139900175164
4.64452241597e-05
0.000281516978737
9.30781083388e-05
4.64452241597e-05
4.64452241597e-05
0.000329111379171
0.0204411792213
0.0378111964168
0.00042489306222
0.00042489306222
0.000376902860677
0.000186912965872
0.000473083643291
4.64452241597e-05
0.000139900175164
4.64452241597e-05
0.0
0.0
0.0
0.0
0.000329111379171
4.64452241597e-05
0.000281516978737
4.64452241597e-05
0.0
0.000281516978737
4.64452241597e-05
4.64452241597e-05
0.0
0.0
0.0
4.64452241597e-05
0.0
4.64452241597e-05
0.0
9.30781083388e-05
0.0
4.64452241597e-05
0.0
4.64452241597e-05
4.64452241597e-05
0.0
0.000473083643291
0.0
9.30781083388e-05
0.000329111379171
0.000329111379171
0.0
0.0
0.0
0.000186912965872
4.64452241597e-05
0.0
0.0
0.0
0.0
0.000521476284261
0.000234118040607
9.30781083388e-05
9.30781083388e-05
4.64452241597e-05
4.64452241597e-05
