0.00342898895189
0.00171048563997
0.0331490242725
0.0
0.0
0.0115587366307
0.0
0.0
0.00376130488591
0.0
0.00342898895189
0.0
0.0
0.0
0.0
0.00817619290298
0.00171048563997
0.00342898895189
0.0
0.0103847170937
0.0247491403607
0.0
0.0
0.0
0.0
0.00863337122343
0.00874175487726
0.0
0.00706988444952
0.0
0.0
0.0
0.0
0.0
0.0
0.0
0.0
0.00171048563997
0.0
0.0
0.03300490405
0.909550218832
0.808342342628
0.0427081375678
0.756857573391
0.756983027604
0.0299920972268
0.00342898895189
0.00342898895189
0.00342898895189
0.00171048563997
0.00171048563997
0.00342898895189
0.0
0.0
0.0
0.220241690386
0.00817619290298
0.0
0.0
0.0104215298745
0.0103847170937
0.0
0.0
0.0
0.0
0.0
0.0
0.00171048563997
0.00171048563997
0.00817619290298
0.0
0.0
0.0
0.00342898895189
0.00342898895189
0.00171048563997
0.00171048563997
0.00171048563997
0.0
0.00171048563997
0.0
0.0
0.00515558601597
0.0
0.0
0.0
0.00342898895189
0.00817619290298
0.0150577791461
0.0
0.0
0.00689035400855
0.00342898895189
0.0
0.0
0.0150577791461
0.00171048563997
0.00526197014852
0.0
0.00171048563997
0.0263898172302
0.230750502409
0.00869274256528
0.0337561745133
0.00515558601597
0.00171048563997
0.0106748998559
0.00515558601597
0.00342898895189
0.0098635026567
0.00697327962054
0.0
0.00171048563997
0.0115587366307
0.00817619290298
0.0186748998559
0.0164253940424
0.00817619290298
0.00817619290298
0.0227824675091
0.0604549270212
0.0509026488233
0.061922198832
0.0370273493036
0.0297308036644
0.00689035400855
0.0431769711845
0.00171048563997
0.0100894344582
0.00817619290298
0.0
0.0
0.0
0.0
0.0190041201724
0.00171048563997
0.035220360694
0.00817619290298
0.0
0.0253715502499
0.00171048563997
0.00817619290298
0.0
0.0
0.0
0.00171048563997
0.0
0.00817619290298
0.0
0.0164253940424
0.0
0.00171048563997
0.0
0.00817619290298
0.00817619290298
0.0
0.0173793844303
0.0
0.00342898895189
0.00882464722518
0.0138050972165
0.0
0.0
0.0
0.0263898172302
0.00171048563997
0.0
0.0
0.0
0.0
0.021966764024
0.00697327962054
0.00342898895189
0.00342898895189
0.00171048563997
0.00171048563997
