0.000329111379171
0.000164220499267
0.000660926333052
0.0
0.0
0.000494678135784
0.0
0.0
0.000660926333052
0.0
0.000329111379171
0.0
0.0
0.0
0.0
0.000164220499267
0.000164220499267
0.000329111379171
0.0
0.000995489651441
0.000494678135784
0.0
0.0
0.0
0.0
0.000827861603911
0.000660926333052
0.0
0.000494678135784
0.0
0.0
0.0
0.0
0.0
0.0
0.0
0.0
0.000164220499267
0.0
0.0
0.000494678135784
0.0138050972165
0.013930535982
0.000660926333052
0.0132419329084
0.0135581629878
0.00306323977421
0.000329111379171
0.000329111379171
0.000329111379171
0.000164220499267
0.000164220499267
0.000329111379171
0.0
0.0
0.0
0.00413821334457
0.000164220499267
0.0
0.0
0.000827861603911
0.000995489651441
0.0
0.0
0.0
0.0
0.0
0.0
0.000164220499267
0.000164220499267
0.000164220499267
0.0
0.0
0.0
0.000329111379171
0.000329111379171
0.000164220499267
0.000164220499267
0.000164220499267
0.0
0.000164220499267
0.0
0.0
0.000494678135784
0.0
0.0
0.0
0.000329111379171
0.000164220499267
0.000827861603911
0.0
0.0
0.000660926333052
0.000329111379171
0.0
0.0
0.000827861603911
0.000164220499267
0.000660926333052
0.0
0.000164220499267
0.000660926333052
0.00432019026741
0.000995489651441
0.0152063839665
0.000494678135784
0.000164220499267
0.0162943003477
0.000494678135784
0.000329111379171
0.000329111379171
0.000827861603911
0.0
0.000164220499267
0.000494678135784
0.000164220499267
0.000995489651441
0.000329111379171
0.000164220499267
0.000164220499267
0.00116381625003
0.00167304619088
0.00150258856165
0.00150258856165
0.00150258856165
0.00133284724656
0.000660926333052
0.0149129369032
0.000164220499267
0.000494678135784
0.000164220499267
0.0
0.0
0.0
0.0
0.00116381625003
0.000164220499267
0.000995489651441
0.000164220499267
0.0
0.0273138503564
0.000164220499267
0.000164220499267
0.0
0.0
0.0
0.000164220499267
0.0
0.000164220499267
0.0
0.000329111379171
0.0
0.000164220499267
0.0
0.000164220499267
0.000164220499267
0.0
0.00167304619088
0.0
0.000329111379171
0.00116381625003
0.243846981149
0.0
0.0
0.0
0.000660926333052
0.000164220499267
0.0
0.0
0.0
0.0
0.00184422620606
0.000827861603911
0.000329111379171
0.000329111379171
0.000164220499267
0.000164220499267
