0.000139900175164
6.98087704289e-05
0.000280940107433
0.0
0.0
0.000210276512141
0.0
0.0
0.000280940107433
0.0
0.000139900175164
0.0
0.0
0.0
0.0
6.98087704289e-05
6.98087704289e-05
0.000139900175164
0.0
0.000423138520732
0.000210276512141
0.0
0.0
0.0
0.0
0.000351893315714
0.000280940107433
0.0
0.000210276512141
0.0
0.0
0.0
0.0
0.0
0.0
0.0
0.0
6.98087704289e-05
0.0
0.0
0.000210276512141
0.00515558601597
0.0053442824467
0.000280940107433
0.00515558601597
0.0053442824467
0.00130176627484
0.000139900175164
0.000139900175164
0.000139900175164
6.98087704289e-05
6.98087704289e-05
0.000139900175164
0.0
0.0
0.0
0.00175838856201
6.98087704289e-05
0.0
0.0
0.000351893315714
0.000423138520732
0.0
0.0
0.0
0.0
0.0
0.0
6.98087704289e-05
6.98087704289e-05
6.98087704289e-05
0.0
0.0
0.0
0.000139900175164
0.000139900175164
6.98087704289e-05
6.98087704289e-05
6.98087704289e-05
0.0
6.98087704289e-05
0.0
0.0
0.000210276512141
0.0
0.0
0.0
0.000139900175164
6.98087704289e-05
0.000351893315714
0.0
0.0
0.000280940107433
0.000139900175164
0.0
0.0
0.000351893315714
6.98087704289e-05
0.000280940107433
0.0
6.98087704289e-05
0.000280940107433
0.00183567707999
0.000423138520732
0.000856878958363
0.000210276512141
6.98087704289e-05
0.000423138520732
0.112797459856
0.000139900175164
0.000139900175164
0.000351893315714
0.0
6.98087704289e-05
0.000210276512141
6.98087704289e-05
0.000423138520732
0.000139900175164
6.98087704289e-05
6.98087704289e-05
0.000494678135784
0.000711088027797
0.000638650399905
0.000638650399905
0.000638650399905
0.000566514604214
0.000280940107433
0.000711088027797
6.98087704289e-05
0.000210276512141
6.98087704289e-05
0.0
0.0
0.0
0.0
0.000494678135784
6.98087704289e-05
0.000423138520732
6.98087704289e-05
0.0
0.000423138520732
6.98087704289e-05
6.98087704289e-05
0.0
0.0
0.0
6.98087704289e-05
0.0
6.98087704289e-05
0.0
0.000139900175164
0.0
6.98087704289e-05
0.0
6.98087704289e-05
6.98087704289e-05
0.0
0.000711088027797
0.0
0.000139900175164
0.000494678135784
0.000494678135784
0.0
0.0
0.0
0.000280940107433
6.98087704289e-05
0.0
0.0
0.0
0.0
0.000783830024408
0.000351893315714
0.000139900175164
0.000139900175164
6.98087704289e-05
6.98087704289e-05
