0.000281516978737
0.00014047236572
0.000565341731076
0.0
0.0
0.000423138520732
0.0
0.0
0.0169952400812
0.0
0.000281516978737
0.0
0.0
0.0
0.0
0.00014047236572
0.00014047236572
0.000281516978737
0.0
0.000851512408495
0.000423138520732
0.0
0.0
0.0
0.0
0.000708131407787
0.000565341731076
0.0
0.000423138520732
0.0
0.0
0.0
0.0
0.0
0.0
0.0
0.0
0.00014047236572
0.0
0.0
0.000423138520732
0.035220360694
0.0347935634203
0.000565341731076
0.0337765281678
0.0338390848161
0.00262006174565
0.000281516978737
0.000281516978737
0.000281516978737
0.00014047236572
0.00014047236572
0.000281516978737
0.0
0.0
0.0
0.0580076624055
0.00014047236572
0.0
0.0
0.000708131407787
0.000851512408495
0.0
0.0
0.0
0.0
0.0
0.0
0.00014047236572
0.00014047236572
0.00014047236572
0.0
0.0
0.0
0.000281516978737
0.000281516978737
0.00014047236572
0.00014047236572
0.00014047236572
0.0
0.00014047236572
0.0
0.0
0.000423138520732
0.0
0.0
0.0
0.000281516978737
0.00014047236572
0.000708131407787
0.0
0.0
0.000565341731076
0.000281516978737
0.0
0.0
0.000708131407787
0.00014047236572
0.000565341731076
0.0
0.00014047236572
0.000565341731076
0.056982129356
0.000851512408495
0.00172449600993
0.000423138520732
0.00014047236572
0.000851512408495
0.000423138520732
0.000281516978737
0.000281516978737
0.000708131407787
0.0
0.00014047236572
0.000423138520732
0.00014047236572
0.000851512408495
0.000281516978737
0.00014047236572
0.00014047236572
0.000995489651441
0.0014310489466
0.00128525284613
0.00128525284613
0.00128525284613
0.00114006811648
0.000565341731076
0.0014310489466
0.00014047236572
0.000423138520732
0.00014047236572
0.0
0.0
0.0
0.0
0.000995489651441
0.00014047236572
0.217384643201
0.00014047236572
0.0
0.000851512408495
0.00014047236572
0.00014047236572
0.0
0.0
0.0
0.00014047236572
0.0
0.00014047236572
0.0
0.000281516978737
0.0
0.00014047236572
0.0
0.00014047236572
0.00014047236572
0.0
0.0014310489466
0.0
0.000281516978737
0.000995489651441
0.000995489651441
0.0
0.0
0.0
0.000565341731076
0.00014047236572
0.0
0.0
0.0
0.0
0.0015774615889
0.000708131407787
0.000281516978737
0.000281516978737
0.00014047236572
0.00014047236572
