0.531155028158
0.767540485674
0.759061362343
0.918136751145
0.852031663614
0.54139554067
0.937422312297
1.01990562411
0.708064829873
0.530795805576
0.904873728632
1.13236241956
1.07301544224
1.00341017144
0.919784180681
0.188309040145
0.114659234624
0.114975817331
0.249534137214
0.336611500866
0.597404848227
0.479526546667
1.07784512893
1.32142438145
1.31213053561
0.659608349505
1.2188658376
1.26569326518
1.3434271219
0.970806199799
1.35490979617
1.32743821173
1.47265549593
1.65575431638
2.29682372859
1.24201005145
1.21831743169
0.195844537798
0.0128325940471
0.0129399042232
0.0129402407753
0.0260793135007
0.0260793135021
0.220408704692
0.748379665496
1.49923848625
1.14909625421
0.0114504417888
0.0537255583732
0.572821918973
0.484466568097
0.0526954555974
0.0395176905629
0.0
0.0578554145517
1.01655007561
0.88070159806
0.794190696029
0.971948323933
0.298121998029
0.93680113399
1.03930548633
0.593029847584
0.372205037068
0.303751081032
0.33124017066
0.0
0.886195799107
0.644421104499
0.393081484785
1.03392538329
0.835104721139
0.914156453928
0.90675925362
0.623646889475
0.643076559792
0.339967478419
0.2251711926
0.732394610256
0.920499567525
0.891115340593
0.936270919861
1.00705330023
0.189314961564
0.762779662962
0.787188336668
0.808358376848
0.0956131570157
0.902013798454
0.594051841417
0.95278879425
0.659022624307
0.0168333500304
0.59454454054
0.879314150541
0.680157725481
0.953833256105
1.13818888039
0.985532214302
0.0128485161116
0.967501987076
0.967906101714
0.262937450444
0.771172725407
0.494463027553
0.0233225885785
0.939542643552
0.0115874375398
0.685571904737
1.08909804024
0.891137355616
0.790433868041
0.98307018484
1.08743912332
0.873565081906
0.987353822382
0.783711648152
0.334136309788
0.949471024284
0.167647626132
0.87283789226
0.0301670720935
0.527886027127
0.3860549961
0.02233690145
0.666953749757
0.539734797506
0.0320404835703
0.13227669092
0.0488048433569
0.305518823553
0.782976155637
0.643252719441
0.782047041413
0.743493933856
0.730236187105
0.613323207188
