0.161259621396
0.221588265355
0.267319788484
0.338874042769
0.338360683329
0.251450948646
0.406410386422
0.368955214098
0.313768736753
0.25508930789
0.345439123124
0.488431820301
0.410470339411
0.441350216249
0.302815052846
0.0733012843423
0.0591579634188
0.0461824292871
0.110231294618
0.114708491256
0.300539210113
0.278158086365
0.69186824201
0.689866233826
0.725210010554
0.697921263719
0.855794583014
0.91076058217
0.982186316181
1.3022932824
0.894593459161
0.982411286628
0.860542157665
0.991846423236
0.972802336958
0.75755830405
0.576322840455
0.259530584469
0.0164207536888
0.0164204551204
0.016420800221
0.0185274023672
0.0185274023672
0.15173091876
0.286015366591
0.651627045517
0.414582990451
0.00203813127696
0.0908012716726
0.301288548299
0.230551771235
0.00817608908474
0.0126470032131
0.0
0.0418930536385
0.31279196046
0.33490691275
0.266136792745
0.401014590381
0.190831625552
0.378880986719
0.41585506765
0.13417122406
0.244077742022
0.256876960286
0.134386807618
0.0
0.267240728796
0.280970748794
0.117039968796
0.32092259421
0.282223205565
0.370222029117
0.251192437187
0.300713420671
0.243849467941
0.137296158854
0.0744627433981
0.291949426755
0.289270281675
0.309653042021
0.226094690711
0.420978381084
0.037474327241
0.233344320606
0.425621368797
0.3341632717
0.20352789131
0.395117376741
0.128611218924
0.257341700563
0.230326374085
0.00212977803271
0.247268512537
0.292402664778
0.229521319763
0.341848773197
0.345201396758
0.365985603666
0.037499003296
0.3292125146
0.468520527523
0.202380596175
0.250995398255
0.334696252722
0.00426967784184
0.367056846972
0.00212977802482
0.245253779313
0.372837295441
0.297636322927
0.310962649068
0.261923172727
0.377094243139
0.317628700317
0.342151194445
0.310619232587
0.0988130774433
0.435135967371
0.0542074142901
0.242094231962
0.00426993141492
0.276207000105
0.16778835766
0.00304858050537
0.170495024763
0.325584923691
0.00642021761959
0.077860574188
0.00858177679987
0.062430522523
0.265571958432
0.147135945924
0.241182496714
0.175953191845
0.148611910639
0.154041662567
