0.000164220499267
0.00149963863448
0.00598118865857
0.0188625318385
0.000116821561136
4.64452241597e-05
0.021055522522
0.000482183350254
0.0376223603223
0.0266028103135
0.0245998571155
0.00424812976477
0.000116821561136
0.0129402407753
0.0231837926272
0.0376223603218
0.00591634706747
0.00048217829709
0.00415234643236
0.00095353012155
0.0376053369933
0.0
0.00360880992354
0.0369325831355
0.0
0.0374975096074
0.0156748810434
0.0
0.00177304228824
0.0
0.00429601303869
0.000507383343722
0.00203027908425
0.00518975001944
6.98046919473e-05
0.0
0.0194152249127
0.00429662428649
0.000179438170578
0.000236056939824
0.0042959658459
0.00014047236572
0.000608687142764
0.00012447236572
0.00396542120936
4.64452241597e-05
0.00378354722274
0.0246419056579
0.000516179719509
0.00365219962964
2.31758861196e-05
0.0375852094728
0.000163609251473
0.000212007646292
0.0
0.000284449608666
0.00420003937346
4.64452241597e-05
2.31758862501e-05
2.31758862501e-05
0.0
0.000713045721953
0.00219707671396
0.0
0.0
0.0153352334235
0.0003332514958
0.000276798964306
0.00485882956735
0.00014047236572
0.000284449608666
0.00867338347697
0.00369591336641
0.00906338929989
2.31758862501e-05
0.0150144635427
0.0
0.00846968687641
0.00095353012155
0.0177591515076
2.31758862501e-05
0.00111890567986
0.0144219443997
4.64452241597e-05
0.000164220499267
0.0138846427738
0.00420003937331
0.000609298390558
0.0195050559359
0.0011760460279
0.0156748818355
0.00360804408888
0.0117293285279
0.00402007536312
0.0
2.31758862494e-05
6.98087704289e-05
0.00284971500999
0.00378436134588
9.32672644667e-05
0.00560263736122
0.000357808081245
0.00352241879512
0.00449405213317
0.0
0.0044446020175
0.0150144635832
0.0
0.0
9.32672909856e-05
0.000188066739036
4.64452241597e-05
0.000532693864185
0.00192773174897
0.00330710726737
4.64452241597e-05
0.00396474596157
0.00507765477507
0.00729265171972
0.000211353567181
0.00618020299158
0.00745949754287
0.010251391116
0.00429662428649
0.00745950304345
0.0172776901859
0.000482183350254
4.64452241597e-05
0.00572542400548
0.00548177783045
