0.0217987482458
0.022242465399
0.0346346366699
0.180469556183
0.00243342420732
0.00101690132166
0.0544369081294
0.140534090083
0.00152857198295
0.088334540502
0.218463654955
0.0949913504247
0.00255844470638
0.241854808583
0.269697017229
0.000507383343722
0.0956120319353
0.0173975289104
0.0729461935974
0.0133925450692
0.150780413153
0.0
0.216711449021
0.00301905183746
0.0
0.129881488652
0.0107599065612
0.0
0.0283694109951
0.0
0.096096555362
0.516551863516
0.0546690852654
0.150569887761
0.00147410430625
0.0
0.0702532146329
0.0961066183239
0.00397126971411
0.00517205602678
0.101129203874
0.0397342292186
0.0418218940345
0.00267317551214
0.065373498859
0.00101690132151
0.0663805134343
0.0861388352476
0.0239529413107
0.0652804675967
0.000507383340982
0.00229651619294
0.00358431437568
0.109046024043
0.0
0.00623357385793
0.0737986837762
0.00101690132166
0.000507383343722
0.000507383343722
0.0
0.00879337651835
0.0187484640725
0.0
0.0
0.0841743249127
0.0207966925225
0.126386565876
0.0999028907854
0.124507519405
0.144836365932
0.188682054632
0.183395190973
0.247335086873
0.000507383343722
0.183292128942
0.0
0.0706338490391
0.0209526658771
0.26385586695
0.000449751148365
0.0591145244145
0.211254952182
0.00101690132166
0.00359320009781
0.262759881874
0.112410652767
0.00678087991357
0.220284987562
0.0452760539262
0.294343974803
0.0797439131386
0.147768796835
0.101557072526
0.0
0.000507378414822
0.00152857198295
0.0633524108517
0.0446172374297
0.00734084950818
0.193827389769
0.127482161431
0.17733936797
0.0993228974139
0.0
0.0995155641917
0.267451328712
0.0
0.0
0.00204240867791
0.00411986336592
0.00101690132166
0.0092128176114
0.175229877211
0.0699002775834
0.00101690132166
0.116069406747
0.0572416031525
0.130908876849
0.00463772132387
0.111201797306
0.126372617014
0.204801043239
0.0961066183239
0.171852791046
0.319769063234
0.010459341217
0.00101690132166
0.0495647287544
0.0417491267427
