0.0281485632195
0.260570460397
0.0776253127397
0.747604318013
0.0185614095665
0.00741271251123
0.0891850429776
0.21060538744
0.0111506286336
0.704765039556
0.634372478384
0.549010006173
0.0215390310851
0.271998406705
0.564681403246
0.00369591810664
0.394969323862
0.0666885581545
0.443090929098
0.139012500529
0.181992562059
0.0
0.582020056973
0.0404310853546
0.0
0.592296309107
0.0871592909576
0.0
0.272523898516
0.0
0.764331489167
0.183652178341
0.272943069304
0.857093202762
0.0156707054321
0.0
0.251573277098
0.557994186015
0.0401759378243
0.0540888916911
0.51795571175
0.0251062699248
0.0984547489415
0.0501901904498
0.647099315163
0.0105293272776
0.565524362805
0.703924307302
0.0965988457373
0.57812014427
0.0051340116453
0.018124011761
0.0368467986469
0.118460063349
0.0
0.0438031399997
0.551932533056
0.00741271251184
0.00524739720044
0.00524739720044
0.0
0.0768360891176
0.336355627045
0.0
0.0
0.0337722770212
0.0314195160575
0.13838495952
0.510137300799
0.119608213878
0.170262675595
0.381247071403
1.3408221641
0.904943291762
0.00369591810664
0.757557987686
0.0
0.660112580476
0.169614485719
0.497867312441
0.00461077183567
0.203797584596
0.236496688125
0.000920139420832
0.0520604580422
0.91372276748
0.714450592525
0.0884854321473
0.220801060153
0.214589550076
0.731882086272
0.580108942112
0.234870960691
0.550603671688
0.0
0.00369425092997
0.0158232842549
0.634805268114
0.545518611862
0.0210805102193
0.422787818377
0.165398232614
0.816936246599
0.447708400481
0.0
0.598120916349
0.756653921293
0.0
0.0
0.0178489541221
0.0171044307338
0.0105293272781
0.104283647111
0.253388287865
0.269105050321
0.0105293272781
0.600894882334
0.545951031018
0.71355713026
0.036516816334
0.257677113168
0.748221631347
0.927918793899
0.649280501986
0.477852718067
0.563004429467
0.0714742576987
0.0105293272781
0.506431999596
0.382893870235
