0.0310315259149
0.302109622931
0.100192711833
0.312890374325
0.0640011228499
0.00295033845817
0.0898157107306
0.233356514483
0.0116828170482
0.186635177297
0.380563196469
0.117359278127
0.0307386670922
0.352288999834
0.339716089901
0.00867399475639
0.0764981649056
0.061550300389
0.175142447766
0.0404386291563
0.172539636875
0.0
0.178380661791
0.0130857529604
0.0
0.127272032416
0.0800694691774
0.0
0.0376453184691
0.0
0.220441142558
0.188647864719
0.243632359345
0.320413115195
0.00690155744646
0.0
0.100641346482
0.0885257780193
0.0246380418235
0.0235213043561
0.327874382924
0.0257918925361
0.075430093641
0.0073002377684
0.184773913874
0.00461041906475
0.421665670996
0.278325027463
0.0634912954193
0.308871029202
0.00202068543805
0.0309845857021
0.0158857492655
0.127324097411
0.0
0.0150160631995
0.0797865588669
0.00295033845817
0.00229951958762
0.00229951958762
0.0
0.0248182889698
0.0584246423449
0.0
0.0
0.0392662243861
0.0605180956773
0.164229652719
0.287222524801
0.137384643201
0.192454349909
1.38917350598
0.380854420282
0.499798608642
0.00229951958762
0.399563296905
0.0
0.317633179746
0.0954991451964
0.29725420087
0.0019232824371
0.102772490571
0.248732866763
0.0174297426844
0.0163378547187
0.431424055535
0.159944898658
0.0603719363733
0.18883185878
0.144296270618
0.373175744426
0.161180977034
0.188356380302
0.183330740925
0.0
0.00229315846773
0.00693281315134
0.212064593137
0.118549015588
0.0141108505671
0.243602132469
0.156416301531
0.338031978535
0.126660174039
0.0
0.0909631800026
0.426855113584
0.0
0.0
0.0219470360619
0.0220463365471
0.00461041906534
0.0623374105876
0.164366962487
0.290114670549
0.00461041906534
0.193699172029
0.087426209699
0.283171925854
0.0269097544211
0.170337177345
0.370184824041
0.424411055264
0.117819611944
0.231910610839
0.316173334601
0.0605185342726
0.00461041906534
0.112577545317
0.0500498327641
