0.0306762588778
0.232859423568
0.0338528695717
0.412050271897
0.0101876662077
0.00638389244507
0.11795259482
0.196502643403
0.019499695834
0.253190077964
0.408933130282
0.141367662044
0.00740118180329
1.18396377318
0.483264574419
0.0129402407748
0.17384866672
0.0620914069765
0.145993891975
0.0541510536937
0.317565118837
0.0
0.339330950988
0.0292541914346
0.0
0.215359219751
0.0313557273308
0.0
0.044892238031
0.0
0.206984680949
0.242560002712
0.247572723239
0.25441699518
0.00430834521835
0.0
0.151638651688
0.135059691097
0.0830254725444
0.0149784217685
0.268915107254
0.0522984130619
0.102807880629
0.0447256343413
0.215738433933
0.00294037977408
0.26199910046
0.29238077031
0.0417592521706
0.306108213782
0.00129051475223
0.0231400655933
0.0101465188164
0.0896907556677
0.0
0.0180599065204
0.135918130061
0.00294037977494
0.00146682755603
0.00146682755603
0.0
0.0426890738311
0.0385683353277
0.0
0.0
0.147598957998
0.0195871406296
0.173754158528
0.192232736435
0.102261766996
0.136109083575
0.352877751749
0.272041185226
0.382195245156
0.0129402407753
0.317249983149
0.0
0.230297700348
0.111247672711
0.359442515446
0.0011868960285
0.137766322868
0.373895477574
0.0310660119921
0.017241799391
0.49051712645
0.188261783328
0.0388344717702
0.275389552276
0.123839969162
0.366710898444
0.135838446339
0.302917433285
0.273341883798
0.0
0.00146259637245
0.00442071893853
0.151547521052
0.102638273109
0.0179732690849
0.349425622688
0.11390324332
0.291749302457
0.152119914517
0.0
0.149311240243
0.403408025289
0.0
0.0
0.00590786718661
0.0429621154201
0.00294037977494
0.0634613738842
0.258588181196
0.24806716178
0.00294037977494
0.144670832547
0.0721421876169
0.293811438583
0.0183362106481
0.230255253851
0.246528969686
0.374578158261
0.145182405982
0.181564746318
0.467596189518
0.0334523165259
0.00294037977494
0.116132891116
0.0570127663836
