0.026441770522
0.203362888676
0.0635418003103
0.799456731066
0.0632029478114
0.0149451343581
0.061853930296
0.117139402387
0.0222745547828
0.902585012518
0.755522769067
0.675894603273
0.0260061787392
0.285335584889
0.493320694838
0.00729342312712
0.456268146654
0.0991251741477
0.685043599915
0.197823202336
0.281478290802
0.0
0.75069783653
0.0457100374353
0.0
0.777015767927
0.147296353298
0.0
0.289137772767
0.0
0.930883302248
0.12963995746
0.231311749782
0.82034685311
0.0153311672135
0.0
0.497816423883
0.562982131761
0.0571222638406
0.0799988506878
0.676108809569
0.0524853941136
0.188532937185
0.0402614329381
0.554762668112
0.0103007665896
0.698399918417
0.733623754335
0.132027086021
0.503383327285
0.00476205771203
0.0321862161945
0.0360616440229
0.0545358752694
0.0
0.0895489433575
0.661985016553
0.0103007665905
0.00513368264716
0.00513368264716
0.0
0.12083948129
0.337483024927
0.0
0.0
0.0346654080377
0.0217301440935
0.10653172238
0.381841769327
0.0560285817419
0.0799570058352
0.282779137407
0.712560195448
0.850302682281
0.00729342312754
0.802546878616
0.0
0.437451156464
0.198241888594
0.436631175757
0.00448923110344
0.300134322076
0.242444921663
0.0149451343582
0.0414536823071
0.817915853522
0.852379564839
0.203021853193
0.102990836871
0.265479894315
0.790146486517
0.563559528557
0.144976851269
0.675891831823
0.0
0.00909856238893
0.0154788588359
0.652215544534
0.80114467211
0.00974488094221
0.526385568387
0.101045219487
0.896004920806
0.503573025742
0.0
0.73799847519
0.960564508846
0.0
0.0
0.0900735750464
0.105935242233
0.0672215325288
0.220275463142
0.455918607868
0.456419634386
0.0672215447583
0.758883342069
0.623527754178
1.94618930961
0.129736731142
0.510255896249
0.8948065259
1.11037409001
0.758449354204
0.488139133124
0.71238861509
0.104384026571
0.0672215447583
0.654228237626
0.496547575797
