0.014388753877
0.20949060644
0.100480517969
0.779398865825
0.0280721568093
0.0175216434055
0.0998771436008
0.196470250649
0.021040942182
0.777130492638
0.74917421624
0.53815784856
0.0218539386764
0.283607669944
0.521844772743
0.00352299708954
0.385977300688
0.0644984027695
0.693144013378
0.15075823885
0.215672417611
0.0
0.59843911364
0.021436120322
0.0
0.620132019367
0.13626088725
0.0
0.257617119417
0.0
0.922184821068
0.177139059622
0.23604941908
0.806870052412
0.0168749367041
0.0
0.336553858064
0.522545197494
0.0478295923188
0.0584623029126
0.630406806901
0.0211707205087
0.17586653556
0.0245012742062
0.701012230904
0.0113669363554
0.664674978915
0.824894536883
0.0856727307022
0.619523703913
0.00523178978837
0.120195563617
0.040132501768
0.163461264126
0.0
0.0706694232769
0.551402660143
0.0113669363565
0.00566402982367
0.00566402982367
0.0
0.111851706956
0.295633071699
0.0
0.0
0.0176306943614
0.00620260723722
0.185360632141
0.537147286402
0.163345543183
0.199660771113
0.337691624083
0.816353534605
0.904175342512
0.00352299708954
0.934806776958
0.0
0.59978807661
0.105460676268
0.443170058548
0.00502549632849
0.217512734744
0.262502148863
0.00706556520317
0.0195392568864
0.890455393797
0.865610039086
0.0713088826015
0.186256750599
0.12115923563
0.772557632264
0.556229099856
0.193424128644
0.572396277716
0.0
0.00352299199319
0.0170863026105
0.746240816967
0.712733794621
0.00758203845535
0.515273255627
0.236547404649
1.48641322774
0.686477984895
0.0
0.585126340438
0.908189257169
0.0
0.0
0.0367954302031
0.032521539713
0.0113669363565
0.0831464809228
0.189627148221
0.346880065515
0.0113669363565
0.555249390855
0.523634674743
0.895987442229
0.0361160339719
0.393385652787
0.822429421053
0.940624038697
0.637776606787
0.400586669937
0.538586569138
0.0462122740981
0.0113669363565
0.546460041532
0.38532277434
