0.030753688442
0.137346904849
0.00728568186988
0.565044695999
0.0103482856283
0.000274095324199
0.0382746556314
0.0772972213051
0.00514041297742
0.378632387347
0.579769374288
0.240516587051
0.0199808985056
0.191881890302
0.405784515316
0.00485882956689
0.129326225572
0.0661246782544
0.283801690407
0.0615239815623
0.142622558612
0.0
0.429999232244
0.0221005085863
0.0
0.314330956087
0.0373067828986
0.0
0.281475585278
0.0
0.42378774207
0.0999028907854
0.294364554723
0.533200816228
0.0145232831779
0.0
0.178867109556
0.247579951758
0.0134762242364
0.0173975392928
0.359377924188
0.0205690806961
0.0463706737698
0.0135916025931
0.71354662206
0.00974841655757
0.690392401524
0.724047304455
0.0813954880439
0.647861322821
0.00343668539659
0.024361512725
0.0311803902289
0.0448721736234
0.0
0.0174110756643
0.268143076854
0.00689583025694
0.00485882956735
0.00485882956735
0.0
0.108407665214
0.197845570385
0.0
0.0
0.0150623122179
0.0865989033831
0.0510412635592
1.10474783358
0.0296227817905
0.055645384123
0.286639423449
0.509905624386
0.680320031807
0.0034384416431
0.678063539451
0.0
0.508601958176
0.126458597084
0.266151233245
0.00289684764298
0.128156183173
0.182847403166
0.00689583025678
0.0167325252416
0.740425627332
0.463602390387
0.0900247899674
0.086251795272
0.177417663816
0.6648584558
0.364982065157
0.0611765729075
0.606524495998
0.0
0.00343792602517
0.0146461770582
0.48671310466
0.364179212424
0.0196215294797
0.327067479591
0.0748657445237
0.537090092564
0.50232665142
0.0
0.265969677866
0.562092492393
0.0
0.0
0.00855110207161
0.0211692925863
0.000274095324199
0.0576259775603
0.202852599028
0.171507457847
0.000274095324199
0.402496064362
0.307883807522
0.381841768602
0.0247124333677
0.115657902919
0.602551677733
0.567630131958
0.300475252639
0.145566584359
0.420980472729
0.0446607352409
0.000274095324199
0.376115493001
0.207775409286
