0.0379055316307
0.366678854721
0.235075232422
0.569639823154
0.0875698685815
0.0315814227587
0.11146766976
0.188355806597
0.0358316018216
0.565509514802
0.727015531329
0.497138434714
0.0746706000524
0.267726727458
0.718327481051
0.00429662428607
0.239731100646
0.197258472409
0.411186161537
0.21327180581
0.358794544321
0.0
0.532485690748
0.0890601233522
0.0
0.537643394487
0.328780867446
0.0
0.204194177861
0.0
0.795143112867
0.0995924234509
0.255810573351
0.668050625432
0.024891050264
0.0
0.302002401631
0.406153997313
0.164225575909
0.0441642718583
2.23456141813
0.125720720323
0.285402086995
0.0857167438033
0.516787856624
0.00861897818785
0.541917581463
0.53659556433
0.124394440059
0.541570701363
0.016240025185
0.0738744593793
0.0670635835844
0.104285286105
0.0
0.053332388838
0.441619931209
0.00861897818876
0.00429662428649
0.00429662428649
0.0
0.0978352418542
0.276621015005
0.0
0.0
0.0653081087676
0.0285055795788
0.219886541626
0.360291590469
0.108311842864
0.145453147555
0.327431043269
0.518413030577
0.881846979181
0.0296223603223
0.590334260497
0.0
0.467465802443
0.221088144844
0.811854321919
0.0156604503112
0.435760943649
0.472568161676
0.022878566737
0.0533121049067
0.616441021851
0.760069069912
0.164067915576
0.159659808646
0.256382259208
0.65952127685
0.458037276841
0.130131920668
0.620555482219
0.0
0.00428839191573
0.012967386261
0.440527919029
0.398452385653
0.0451288291873
0.526883697863
0.209334646453
0.631386795644
0.525905966641
0.0
0.500228465037
0.810098726176
0.0
0.0
0.0394044586552
0.102815375187
0.00861897818876
0.177595923632
0.345366904726
0.384485648307
0.00861897818876
0.542729234603
0.396828043038
0.676234348662
0.0729283405519
0.182228550839
0.812386832462
0.840730504512
0.557621621473
0.456918345521
0.422665690549
0.205550293114
0.00861897818876
0.443419379824
0.295308098666
