0.0432019078924
0.306755145595
0.125472540967
0.883025406419
0.0543893358603
0.00932481362735
0.124424039124
0.222452626743
0.0242928378076
1.07616556814
1.08501554153
0.836970528207
0.0835430889973
0.402511440719
0.644317977186
0.0150144694044
0.528692097362
0.101121387716
0.7701308027
0.154586192676
0.412413928531
0.0
1.07859526537
0.0422788734746
0.0
0.958582990779
0.152385541783
0.0
0.502204389047
0.0
1.06126445313
0.265219964928
0.361572426379
1.08611810346
0.013852617348
0.0
0.463359818309
0.716044718431
0.115901732673
0.0478235999139
0.810094499442
0.111259546249
0.144439692706
0.0159985066454
0.811863119768
0.00932481362652
0.917532235975
0.774276763487
0.141355075028
0.908139876843
0.00455942964675
0.0333028001472
0.0330023026499
0.160385789081
0.0
0.057765244821
0.836812900926
0.00932481362735
0.00464799989992
0.00464799989992
0.0
0.136252745768
0.473276336196
0.0
0.0
0.103224160491
0.0137417341558
0.262484167292
0.562093296423
0.163345543183
0.184097765859
0.426380466792
0.755702490643
1.21004011309
0.00604676711731
0.872978649114
0.0
0.787934671503
0.238002003233
0.791976580008
0.00439464649572
0.338590492655
0.466752015226
0.0116392934181
0.0331489595324
1.13997696228
1.03006055856
0.165935823528
0.288256516123
0.202462484663
1.16773036324
0.696049933972
0.214468554335
0.980808149401
0.0
0.00604600845862
0.0140078689104
0.674111271171
0.798930185151
0.0178139083827
0.603704307619
0.207484702181
0.908221429669
0.747762128486
0.0
0.913353792108
1.95121802305
0.0
0.0
0.0187663496861
0.0935047758659
0.00932481362735
0.142722074919
0.455248728481
0.421241013437
0.00932481362735
0.925597265657
0.799957825014
0.960629807795
0.0489531390946
0.457479547841
0.818382346982
0.981063564678
0.89050272841
0.497661698502
0.76983949566
0.154039150017
0.00932481362735
0.728087721787
0.584876225159
