0.0455372227016
0.0364705226283
0.0231802017558
0.0243080045811
0.000588895950237
0.000234118040337
0.00119006242649
0.00243132966579
0.000351893315714
0.02300960319
0.0191399621908
0.0200598296788
0.160858472676
0.00732335885007
0.0275636062431
0.000116821561136
0.0130422549809
0.0526241970224
0.0207694578477
0.0624905937749
0.0336131127297
0.0
0.0182485452238
0.0126363228553
0.0
0.0207673729952
0.0492987654526
0.0
0.00894960130281
0.0
0.049812380556
0.00239899215783
0.0960998616404
0.0492622060789
0.000351872923306
0.0
0.0139049603758
0.020328641837
0.000972822911463
0.00119006228713
0.0746673079842
0.000708131407785
0.0948579523325
0.000676131331302
0.0218447534684
0.000234118040607
0.0353842437943
0.0228685160889
0.00268335952686
0.0337719417758
0.000116821560484
0.000522377160196
0.00082480536494
0.00106880123906
0.0
0.0014340805882
0.01982710429
0.000234118040607
0.000116821561136
0.000116821561136
0.0
0.0049200499815
0.011094166672
0.0
0.0
0.00243132966608
0.00137559171666
0.00139431891143
0.0199808985056
0.000708131407787
0.00143408058751
0.0307365300303
0.0215400320353
0.0397813883995
0.000116821561136
0.0676860421431
0.0
0.0513472334092
0.00480973568247
0.0560916614973
0.000116809325692
0.0682942817018
0.0477469999813
0.000234118040607
0.0008278616035
0.0310171246217
0.0683525684176
0.00307258024593
0.00255844456779
0.00580641623719
0.0571432339761
0.0212799683495
0.0048505274087
0.0205272565049
0.0
0.000116821561133
0.0672919210953
0.0435961325437
0.0219924761524
0.000470151178844
0.0235117789366
0.00180402151077
0.0218532222322
0.0221380654849
0.0
0.0189145330779
0.0835399030231
0.0
0.0
0.000470151189084
0.000948090713307
0.000234118040607
0.00268612225024
0.00973385919611
0.0276732025522
0.000234118040607
0.0790458090456
0.0169610372012
0.0260048317677
0.00106882291146
0.0126781328743
0.0374055274734
0.0758844512659
0.0823589933206
0.0134110311659
0.0175976078038
0.0512887147871
0.000234118040607
0.0493163549046
0.0167519273268
