0.000164220499267
0.00149963863448
0.00261823360936
0.00449477860676
0.000116821561136
4.64452241597e-05
0.000236056967696
0.00048218335011
6.98087704289e-05
0.00394879667859
0.0220208586
0.00424812976477
0.000116821561136
0.00139074455868
0.0147100881181
2.31758862501e-05
0.00591634706747
0.00048160954006
0.00410503857331
0.0127264592855
0.00117604194942
0.0
0.00817619287526
0.00014047236559
0.0
0.00496669516548
0.00068693350541
0.0
0.00780672893488
0.0
0.00429662428633
0.000507383343722
0.00957226429921
0.00518975001944
6.98046919473e-05
0.0
0.00275109341044
0.00429662428649
0.000180011980773
0.000236056939824
0.00429596587275
0.00014047236572
0.000608687142764
0.00012447236572
0.00464799989992
4.64452241597e-05
0.0119427028103
0.00469998961352
0.000532179719509
0.0127254938316
2.31758861196e-05
0.000103321516202
0.000163609251473
0.000212007646292
0.0
0.000284449608666
0.00420003937346
4.64452241597e-05
2.31758862501e-05
2.31758862501e-05
0.0
0.0131622486131
0.00219707671396
0.0
0.0
0.000482183350254
0.000272333817047
0.000276289154113
0.0034384416431
0.00014047236572
0.000284449608529
0.00229890331403
0.00369591336641
0.00581086656847
2.31758862501e-05
0.00401085670049
0.0
0.00827237124632
0.0125203161578
0.00287838486612
2.31758862501e-05
0.0195050602704
0.00190022748612
4.64452241597e-05
0.000164220499267
0.00689799902422
0.00420003934545
0.000609298390558
0.000507383316005
0.00115068662789
0.00713198426291
0.00360804408888
0.000948875784839
0.00745949845208
0.0
0.0376064881336
6.98046919473e-05
0.00284965098552
0.0376223603221
9.32672909849e-05
0.00335510148091
0.000357808081245
0.00352299260518
0.00439411800414
0.0
0.0044446020175
0.00604598543975
0.0
0.0
9.32672909856e-05
0.000188066766153
4.64452241597e-05
0.000532693864185
0.0135965050263
0.00705196920477
4.64452241597e-05
0.00475245194705
0.00507765474958
0.00910566868427
0.000211353567181
0.00618020299158
0.0104923210765
0.0103256928118
0.00429662428649
0.00265475286017
0.00837018674532
0.000482183350254
4.64452241597e-05
0.00572542400548
0.0054817778306
