0.000164220499267
0.00149963863448
0.00261823360936
0.00542227945749
0.000116821561136
4.64452241597e-05
0.000236056967696
0.00048218335011
6.98087704289e-05
0.00454540079618
0.00378435698488
0.00396542117782
0.000116821561136
0.00139023444332
0.00624758132319
2.31758862501e-05
0.00258193915506
0.00048160954006
0.00410503857331
0.00095353012155
0.00116004194942
0.0
0.00360880989583
0.00014047236559
0.0
0.00410453461587
0.00068693350541
0.0
0.00177304228824
0.0
0.00524678595265
0.000507383343722
0.00203027908425
0.00530459615372
6.98046919473e-05
0.0
0.00275109341044
0.00373997029145
0.0266017940785
0.000236056939824
0.0164200609462
0.00014047236572
0.000609298364465
0.029622355838
0.00396542118285
4.64452241597e-05
0.00378354722274
0.0044445973446
0.000532179719509
0.00365219962964
0.0371063565369
0.00014047236572
0.0296218504795
0.000212011980773
0.0
0.000284449608666
0.00391962088598
4.64452241597e-05
2.31758862501e-05
2.31758862501e-05
0.0
0.000713045721953
0.00219707671396
0.0
0.0
0.000482183350254
0.000272333817047
0.000276289154112
0.0034384416431
0.00014047236572
0.000284449608529
0.00229890331403
0.00524739246021
0.00620673668896
2.31758862501e-05
0.00560263735849
0.0
0.00530510593455
0.0266028049915
0.00287825689073
0.0367823527188
0.0010716074894
0.00190022745667
4.64452241597e-05
0.000164220499267
0.00513367831254
0.00496720497924
0.000609298390558
0.000507383316005
0.00115068157473
0.00459646908378
0.0052495744022
0.000980237974645
0.0040576115158
0.0
2.31758862494e-05
6.98087704289e-05
0.00554138140092
0.00434552978852
9.32672644667e-05
0.00335510278314
0.000357808081245
0.0056640253393
0.00449404805469
0.0
0.00373997029145
0.00464721822236
0.0
0.0
9.32672665147e-05
0.000188066766153
4.64452241597e-05
0.000532693864185
0.00192773174897
0.00330710726737
4.64452241597e-05
0.00396474596157
0.00335510723604
0.00513291120858
0.000212011980772
0.00251002795886
0.00745949759596
0.00649971257162
0.00405812699729
0.00265475774756
0.0034805594438
0.000482183350254
4.64452241597e-05
0.00391896247238
0.00331388705854
