0.0175724737276
0.0318979350777
0.0461807503576
0.200658659011
0.00470569265195
0.00196606390906
0.096428418904
0.205609966183
0.0136819552519
0.129204275351
0.198854689177
0.1398722671
0.00494692691826
0.305025196822
0.330202229163
0.0117623365665
0.161320854019
0.0307760247207
0.148584557841
0.0322113732271
0.122396911273
0.0
0.161816577461
0.0128823479888
0.0
0.122938496033
0.0169534998881
0.0
0.0341362845174
0.0
0.154565931116
0.149423662716
0.133297437207
0.254256664555
0.00286914299593
0.0
0.0646957789267
0.0898406894484
0.0104014945769
0.0520089623314
0.131738201826
0.00528940584258
0.0303291498434
0.00510270144404
0.0278600756577
0.00196606390891
0.0504909988828
0.103014486021
0.0434447313558
0.0406978401286
0.000980879887867
0.0151444554443
0.00685334596726
0.0683132773114
0.0
0.0519494955761
0.117986967699
0.00196606390906
0.000980879892957
0.000980879892957
0.0
0.0504726252818
0.0447779498563
0.0
0.0
0.0487070506009
0.0243438403379
0.0864773251001
0.0617414274617
0.0823478325963
0.104463853931
0.190925650028
0.23472956912
0.198520747005
0.000980879892957
0.186393930466
0.0
0.11639338643
0.0406627152569
0.18392609774
0.000710956339977
0.0685485635185
0.173503563091
0.00472004057367
0.0844596303716
0.266616972965
0.115711314668
0.0117613106303
0.229852361892
0.0765866130697
0.248041370999
0.182432350289
0.744439266179
0.150387851977
0.0
0.000976817764182
0.00295559008095
0.129701353445
0.0452463917812
0.00166766772702
0.22899097712
0.0897309913071
0.194511329237
0.0399762183729
0.0
0.147082482916
0.216561081687
0.0
0.0
0.0146480907226
0.00796972020444
0.00196606390906
0.00931073966211
0.17170602357
0.0758281089046
0.00196606390906
0.105570458331
0.0481433048294
0.148342056889
0.0330729837362
0.160224109629
0.114074694569
0.208849823356
0.170224392163
0.241653206356
0.281525209089
0.0301433240194
0.00196606390906
0.0298104610439
0.0298810612276
