0.0209290179013
0.114666440713
0.0888448589557
0.147442266904
0.0269415922055
0.0242083436691
0.0506591634693
0.041176056769
0.025115428567
0.101647882175
0.156995298385
0.0734610356021
0.0624905937749
0.054065862026
0.284688689086
0.00095353012155
0.0467053645662
0.199799625598
0.0468978976121
0.759966687869
0.197662447037
0.0
0.0927686803853
0.106598512945
0.0
0.103690422959
0.19634674474
0.0
0.085994609267
0.0
0.186106286209
0.012861036574
0.153460978286
0.197995348732
0.00287248772978
0.0
0.050908608773
0.0411804397113
0.0112870498758
0.00972758717944
0.213252971579
0.00522935094604
0.224061812044
0.0315968798539
0.10838215463
0.00191123412811
0.160821719028
0.200121807025
0.0248429400506
0.107782309296
0.00095353011659
0.0389969109765
0.00647644648914
0.00873212655272
0.0
0.0117261803431
0.0715173088692
0.00191123412826
0.00095353012155
0.00095353012155
0.0
0.111275105518
0.029231114037
0.0
0.0
0.0237326736107
0.0115477511673
0.0114982407369
0.0615239815624
0.00578453213009
0.0238785359895
0.040197403566
0.139012363063
0.182367376395
0.00095353012155
0.13823199932
0.0
0.174705164475
0.0522336001667
0.220777802001
0.000953477655314
0.267783965214
0.17745180275
0.0124354145057
0.0282858185465
0.152355356124
0.277075563765
0.0251817230931
0.0174785804305
0.0730429587977
0.162391384327
0.0569559367921
0.0310488688109
0.166871523925
0.0
0.0127119033331
0.00285048288106
0.0382055746063
0.135421729461
0.00383931044942
0.194900261497
0.014758643153
0.150751497093
0.0814354483073
0.0
0.0719119214995
0.154556488774
0.0
0.0
0.0340264254364
0.0077472045594
0.00191123412826
0.0555381717172
0.214702453682
0.198622359365
0.00191123412826
0.0809051442871
0.0833300849972
0.197822430762
0.0270492177779
0.0849496153624
0.28069643996
0.256492740036
0.145206029879
0.0373122994305
0.117862482176
0.0639768342861
0.00191123412826
0.169747315467
0.0764887180816
