0.0279221961691
0.0694516107071
0.019819035195
0.48984005562
0.00890254922874
0.00786186620909
0.0412668903803
0.0682220405772
0.0120154603584
0.771259661127
0.603926212242
0.846515699086
0.0198260876726
0.135762318833
0.285576792479
0.00420003937315
0.440736201071
0.0275271826707
0.510684851503
0.0715173088692
0.154839343681
0.0
0.86222352893
0.0239103220879
0.0
0.711566996387
0.0425630405027
0.0
0.350744749317
0.0
0.870067854206
0.0715319811395
0.134706797438
0.852023451372
0.0452102845871
0.0
0.205514137271
0.673936960793
0.0465559194547
0.0402479622347
0.441877722567
0.0209373725052
0.0567946813463
0.0362218647231
0.412737993001
0.00786186620878
0.422115594086
0.39102932552
0.0926791905734
0.434713582273
0.00391962086992
0.0193407676116
0.0611586317948
0.02041675926
0.0
0.0485913765471
1.06653917117
0.00786186620909
0.00391962088598
0.00391962088598
0.0
0.0505403548975
0.39708365924
0.0
0.0
0.00964566712716
0.00470459511278
0.0392163935575
0.268341917771
0.0255802597942
0.0273350617518
0.0796198712506
0.551791974217
0.70570256708
0.00420003937346
0.478716909737
0.0
0.379787014224
0.186971033697
0.264235490088
0.00334411126319
0.153073788668
0.107356176735
0.00786186620896
0.0279152997288
0.612690029975
0.718581154002
0.121063349087
0.0902097075607
0.126280086932
0.658387927149
0.610441164298
0.117221222472
0.619885891745
0.0
0.00420003893296
0.0118040214561
0.49661596067
0.515747820617
0.0158153239181
0.249544122429
0.0592491031242
0.551613187673
0.455754906818
0.0
0.863532732696
0.837072929618
0.0
0.0
0.0158152632812
0.0163574769237
0.00786186620909
0.0268451862067
0.204331009162
0.101147846544
0.00786186620909
0.789739709084
0.717554226035
0.662201292221
0.0365969754148
0.325062280021
0.570713128606
0.61585143459
0.82073729459
0.396822828082
0.448018203888
0.0598015833935
0.00786186620909
0.451614728552
0.470223734104
