0.000329111379171
0.0030064740501
0.0052498155014
0.0108808766616
0.000234118040607
9.30781083388e-05
0.00047308364329
0.000966390807439
0.000139900175164
0.00911869522371
0.00759027326151
0.00795383320315
0.000234118040607
0.00278719354952
0.0125406881468
4.64452241597e-05
0.00517699687801
0.000965243187338
0.0082342032668
0.00191123412826
0.00232533561605
0.0
0.00723783363877
0.000281516978476
0.0
0.00823319535192
0.00137680334111
0.0
0.003554443165
0.0
0.0105281047825
0.00101690132166
0.00407035834836
0.0106443081212
0.000139892018201
0.0
0.00551697686748
0.00750115575108
0.000424893062218
0.0383444209628
0.00852782600407
0.000280497358349
0.0012199608963
0.000249516978737
0.00795383326624
9.30781083388e-05
0.00758865373722
0.00891620013244
0.00106660557404
0.00732494182275
4.64452238987e-05
0.000207215279701
0.000327888883582
0.000424884393256
0.0
0.0371238535902
0.00786186620909
9.30781083388e-05
4.64452241597e-05
4.64452241597e-05
0.0
0.00142914646691
0.00440492350311
0.0
0.0
0.000966390807726
0.00054604833329
0.000553854953467
0.000274095324199
0.000281516978737
0.000570072686449
0.00460918546679
0.0105293177976
0.0124589988785
4.64452241597e-05
0.0112434912671
0.0
0.0106453276829
0.00191122348401
0.00577155526175
4.64452241597e-05
0.00224418935134
0.00380951824902
9.30781083388e-05
0.000329111379171
0.0103007579216
0.00996619471418
0.00122118339189
0.00101690126622
0.00230661486666
0.0092212877888
0.0322073054902
0.0019647882294
0.00813841142511
0.0
4.6445175218e-05
0.000139900175164
0.0111203330918
0.00871720719871
0.000186912912834
0.00672854644221
0.000717101804996
0.0113669273877
0.00901554175096
0.0
0.00750115575108
0.00932325027224
0.0
0.0
0.0672215447094
0.0672215325469
0.0672215325288
0.0672215447583
0.0672215447583
0.0672215447583
0.0672215447583
0.0672215447583
0.0672215447583
0.0672215447583
0.0672215447583
0.0672215447583
0.0672215447583
0.0672215447583
0.0672215447583
0.0672215447583
0.0672215447583
0.0672215447583
0.0672215447583
0.0114917160584
0.0110004931555
