0.0342173870344
0.0954279569826
0.0478130850334
0.597909052172
0.0136857207192
0.000866460757177
0.00876809139337
0.0563545092909
0.00536542040784
0.482948087177
0.709272602315
0.457999260911
0.0221417297109
0.150962339579
0.407351174316
0.00449478334699
0.21768813902
0.0562343480613
0.417905963864
0.0814633486297
0.198177994661
0.0
0.66958924353
0.0266053825378
0.0
0.578581265598
0.0583707629389
0.0
0.321782014974
0.0
0.659097679774
0.0980012419585
0.267931896391
0.574493336695
0.0134349859698
0.0
0.139030058786
0.431636297585
0.030533887303
0.0407842772557
0.52591656602
0.0257546650349
0.058965705775
0.0240105893657
0.63176903952
0.0090170123345
0.630911604059
0.606220638514
0.1054522427
0.58605445969
0.00416574557665
0.0223722206841
0.0319699645156
0.0233510791229
0.0
0.0496995384561
0.455577801566
0.0147561003585
0.00449478334699
0.00449478334699
0.0
0.094710084142
0.271795465376
0.0
0.0
0.0951011566108
0.0599074626011
0.0538603944027
0.502453875207
0.0267745990951
0.0561407990492
0.12646151808
0.447782921132
0.787205810541
0.00439485329644
0.587113722421
0.0
0.453176468662
0.182751308855
0.277466012087
0.00442331592554
0.136503535979
0.149998701326
0.0259940377321
0.0241136062958
0.803622359648
0.760539846708
0.0932608056504
0.0484659756685
0.133314772317
0.77698623429
0.462356145061
0.0391878256952
0.590508756234
0.0
0.00439390534686
0.0135440573112
0.512028969273
0.357523603096
0.0188012723765
0.383643741908
0.0845688949947
0.686565753963
1.40889487204
0.0
0.487380943188
0.747998466316
0.0
0.0
0.0178920195753
0.0198580307706
0.00901701233556
0.0430806787401
0.242665406768
0.149731532034
0.00901701233556
0.620355619698
0.435999516449
0.503839492109
0.0399080893291
0.232117135098
0.692348702469
0.654074730892
0.556725711623
0.23436717483
0.459277544595
0.0174484772874
0.00901701233556
0.313071810205
0.279687859517
