6.98087704289e-05
0.00212977803271
0.0022310226754
0.00129060645524
0.00206325515036
0.000284449608666
0.0012289117488
0.000116210313342
0.000296890402493
0.000138861074784
0.000507383343722
4.64452241597e-05
0.0
2.31758862501e-05
6.98087704289e-05
2.31758861196e-05
0.0
0.0
2.31718077685e-05
9.32672648917e-05
0.000212011980773
6.98087704289e-05
0.0
0.0
0.000210697567545
2.31718077685e-05
0.0
0.00360790115967
0.0
0.00604676708667
0.000507383343574
0.00382909652375
0.000236056967696
0.000317246605818
0.00106314182814
0.000660933833473
0.00014047236572
0.00229951958762
2.31758862501e-05
2.26660760559e-05
0.000116817482655
4.64452241597e-05
0.000357808081108
0.000218843161834
6.98087704289e-05
0.0376213293515
0.0376223603221
0.0376223542075
0.0376223603223
0.0376223603223
0.037622354206
0.0
0.0
4.64452241597e-05
2.31758862501e-05
0.000432111112328
0.0
0.000583650394282
0.000164220499267
0.0
6.98087704289e-05
0.00102131683291
0.00219707671396
0.000325808081245
0.0106366112828
0.00127393120745
2.31758617792e-05
0.000713045694095
0.0
0.000333247011568
4.64452241597e-05
0.000357110209845
0.00146472810517
0.00313551223742
2.31758862501e-05
0.000260202561845
0.00128996428372
0.00045708884405
4.64452241597e-05
0.000164220499132
0.00134875095085
6.98087704289e-05
