0.0044446020175
0.0044446020175
0.0044446020175
0.698651327888
0.754975115531
0.88914068387
0.365801273241
1.21078267166
0.20442799302
0.840334718685
1.13377884053
0.724240559037
0.0550525923564
0.919455576325
1.05681730849
0.419488805218
0.626150236314
1.32252634318
0.247352349175
0.443876144931
0.0814245521877
0.0845871478005
0.559555169413
2.35563615555
1.21186292924
1.28718146138
0.0044446020175
0.175305208277
0.490281321435
1.14978007588
0.0737173802457
0.0447157630432
0.181069481966
1.08805389806
0.0193440398492
1.00800471528
0.421157562529
0.556896914709
0.082535823819
0.630486574843
0.948366767448
0.634542138887
0.879723929223
0.10853161918
0.753506575675
0.00857093379935
0.00856443881143
0.00857093463739
0.00857093963362
0.0085709396335
0.00857093963362
0.00857093963362
0.00857093963362
1.33671970869
0.981143920308
0.814728161814
0.747110750462
0.724630154427
1.24373200183
0.517372180297
0.845497166913
0.0425484992834
1.02581546107
0.909521589734
0.89239747869
0.405051881497
0.735443223025
0.0310655373262
0.00891620947824
1.51328922704
0.0552161068156
0.159190341945
0.0362045510923
0.179827823138
0.529976509359
0.130800908304
0.899409188067
0.0691293355146
0.779282688596
0.0179418347509
0.404031540433
0.859354311018
0.848112803213
0.207674902323
0.196667652967
1.20363696252
1.28490431969
0.62865558242
0.629984871872
0.61011734698
