0.000284449608666
0.000284449608666
0.0014340805882
0.0
0.0
0.000856878958363
0.0
0.0
0.0
0.0
0.000570072686723
0.000284449608666
0.0
0.0
0.0
0.000570072686723
0.000284449608666
0.000570072686723
0.0
0.000856878958363
0.0
0.0
0.0
0.0
0.0
0.00114487826918
0.000856878958363
0.0
0.000284449608666
0.0
0.0
0.0
0.0
0.000284449608666
0.000284449608666
0.000284449608666
0.000284449608666
0.0145454496653
0.0
0.0014340805882
0.00260312376404
0.000570072686723
0.000284449608666
0.00289849512699
0.000284449608666
0.000284449608666
0.0
0.0
0.000284449608666
0.000570072686723
0.0
0.0
0.000284449608666
0.0236367187264
0.000570072686723
0.0
0.000856878958363
0.000856878958363
0.00114487826918
0.000284449608666
0.000284449608666
0.0
0.0
0.0
0.0
0.000284449608666
0.0
0.0
0.0
0.0
0.0
0.000856878958363
0.000284449608666
0.0
0.000570072686723
0.0
0.000284449608666
0.000856878958363
0.0
0.0
0.0
0.000570072686723
0.0
0.0221459877848
0.000570072686723
0.00230900717994
0.00114487826918
0.000570072686723
0.000570072686723
0.0
0.0221459877848
0.000284449608666
0.000570072686723
0.0
0.000284449608666
0.00530795841624
0.0236367187264
0.00230900717994
0.371878673976
0.000856878958363
0.0
0.0702080823593
0.000856878958363
0.000284449608666
0.00114487826918
0.000856878958363
0.0
0.0
0.000284449608666
0.0
0.0224094305102
0.0
0.000284449608666
0.0
0.000570072686723
0.000284449608666
0.000284449608666
0.00114487826918
0.000856878958363
0.000570072686723
0.000856878958363
0.0
0.000570072686723
0.000570072686723
0.0
0.0
0.000284449608666
0.000856878958363
0.000856878958363
0.000284449608666
0.00319513202348
0.000570072686723
0.00114487826918
0.000570072686723
0.000570072686723
0.0
0.000570072686723
0.0
0.0
0.0
0.0
0.0
0.000284449608666
0.0145454496653
0.0
0.0
0.000570072686723
0.0
0.00260312376404
0.0
0.00260312376404
0.00260312376404
0.0014340805882
0.000284449608666
0.000284449608666
0.000284449608666
0.00439455495074
0.0
0.0
0.0
0.0
0.0
