6.98087704289e-05
6.98087704289e-05
0.000351893315714
0.0
0.0
0.000210276512141
0.0
0.0
0.0
0.0
0.000139900175164
6.98087704289e-05
0.0
0.0
0.0
0.000139900175164
6.98087704289e-05
0.000139900175164
0.0
0.000210276512141
0.0
0.0
0.0
0.0
0.0
0.000280940107433
0.000210276512141
0.0
6.98087704289e-05
0.0
0.0
0.0
0.0
6.98087704289e-05
6.98087704289e-05
6.98087704289e-05
6.98087704289e-05
0.0217158152733
0.0
0.000351893315714
0.000638650399905
0.000139900175164
6.98087704289e-05
0.000711088027797
6.98087704289e-05
6.98087704289e-05
0.0
0.0
6.98087704289e-05
0.000139900175164
0.0
0.0
6.98087704289e-05
0.0129084911696
0.000139900175164
0.0
0.000210276512141
0.000210276512141
0.000280940107433
6.98087704289e-05
6.98087704289e-05
0.0
0.0
0.0
0.0
6.98087704289e-05
0.0
0.0
0.0
0.0
0.0
0.000210276512141
6.98087704289e-05
0.0
0.000139900175164
0.0
6.98087704289e-05
0.000210276512141
0.0
0.0
0.0
0.000139900175164
0.0
0.000210276512141
0.000139900175164
0.000566514604214
0.000280940107433
0.000139900175164
0.000139900175164
0.0
0.000210276512141
6.98087704289e-05
0.000139900175164
0.0
6.98087704289e-05
0.00130176627484
0.0129084911696
0.000566514604214
0.0145454496653
0.000210276512141
0.0
0.0187904831301
0.000210276512141
6.98087704289e-05
0.000280940107433
0.000210276512141
0.0
0.0
6.98087704289e-05
0.0
0.000280940107433
0.0
6.98087704289e-05
0.0
0.000139900175164
6.98087704289e-05
6.98087704289e-05
0.000280940107433
0.000210276512141
0.000139900175164
0.000210276512141
0.0
0.000139900175164
0.000139900175164
0.0
0.0
6.98087704289e-05
0.000210276512141
0.000210276512141
6.98087704289e-05
0.000783830024408
0.000139900175164
0.000280940107433
0.000139900175164
0.000139900175164
0.0
0.000139900175164
0.0
0.0
0.0
0.0
0.0
6.98087704289e-05
0.104797459856
0.0
0.0
0.000139900175164
0.0
0.000638650399905
0.0
0.000638650399905
0.000638650399905
0.000351893315714
6.98087704289e-05
6.98087704289e-05
6.98087704289e-05
0.00107789356371
0.0
0.0
0.0
0.0
0.0
