0.000116821561136
0.000116821561136
0.000588896001227
0.0
0.0
0.000351893315714
0.0
0.0
0.0
0.0
0.000234118040607
0.000116821561136
0.0
0.0
0.0
0.000234118040607
0.000116821561136
0.000234118040607
0.0
0.000351893315714
0.0
0.0
0.0
0.0
0.0
0.000470151311439
0.000351893315714
0.0
0.000116821561136
0.0
0.0
0.0
0.0
0.000116821561136
0.000116821561136
0.000116821561136
0.000116821561136
0.000351893315714
0.0
0.141440542542
0.110898654448
0.000234118040607
0.000116821561136
0.00119006242649
0.000116821561136
0.000116821561136
0.0
0.0
0.000116821561136
0.000234118040607
0.0
0.0
0.000116821561136
0.0243336615835
0.000234118040607
0.0
0.0478729092062
0.000351893315714
0.000470151311439
0.000116821561136
0.0231837984245
0.0
0.0
0.0
0.0
0.000116821561136
0.0
0.0
0.0
0.0
0.0
0.000351893315714
0.000116821561136
0.0
0.0232774440994
0.0
0.000116821561136
0.000351893315714
0.0
0.0
0.0
0.000234118040607
0.0
0.000351893315714
0.000234118040607
0.00094809071331
0.000470151311439
0.000234118040607
0.000234118040607
0.0
0.000351893315714
0.000116821561136
0.000234118040607
0.0
0.000116821561136
0.00217876742133
0.0243336615835
0.00094809071331
0.0014340805882
0.000351893315714
0.0
0.000588896001227
0.000351893315714
0.000116821561136
0.000470151311439
0.000351893315714
0.0
0.0
0.000116821561136
0.0
0.000470151311439
0.0
0.000116821561136
0.0
0.000234118040607
0.000116821561136
0.000116821561136
0.000470151311439
0.000351893315714
0.000234118040607
0.000351893315714
0.0
0.000234118040607
0.000234118040607
0.0
0.0
0.000116821561136
0.000351893315714
0.000351893315714
0.000116821561136
0.00131181354004
0.000234118040607
0.000470151311439
0.0152774440994
0.000234118040607
0.0
0.0232774440994
0.0
0.0
0.0
0.0
0.0
0.000116821561136
0.000351893315714
0.0
0.0
0.000234118040607
0.0
0.00106882291146
0.0
0.110898654448
0.00106882291146
0.000588896001227
0.000116821561136
0.000116821561136
0.000116821561136
0.00180402153729
0.0
0.0
0.0
0.0
0.0
