0.000357808081245
0.000357808081245
0.00180402153729
0.0
0.0
0.00107789356371
0.0
0.0
0.0
0.0
0.000717101804996
0.000357808081245
0.0
0.0
0.0
0.000717101804996
0.000357808081245
0.000717101804996
0.0
0.00107789356371
0.0
0.0
0.0
0.0
0.0
0.00144019590561
0.00107789356371
0.0
0.000357808081245
0.0
0.0
0.0
0.0
0.000357808081245
0.000357808081245
0.000357808081245
0.000357808081245
0.00107789356371
0.0
0.00180402153729
0.00327481678863
0.000717101804996
0.000357808081245
0.00364645520214
0.000357808081245
0.000357808081245
0.0
0.0
0.000357808081245
0.000717101804996
0.0
0.0
0.000357808081245
0.0621470971816
0.000717101804996
0.0
0.00107789356371
0.00107789356371
0.00144019590561
0.000357808081245
0.000357808081245
0.0
0.0
0.0
0.0
0.000357808081245
0.0
0.0
0.0
0.0
0.0
0.00107789356371
0.000357808081245
0.0
0.000717101804996
0.0
0.000357808081245
0.00107789356371
0.0
0.0
0.0
0.000717101804996
0.0
0.00107789356371
0.000717101804996
0.00290476766933
0.00144019590561
0.000717101804996
0.000717101804996
0.0
0.00107789356371
0.000357808081245
0.000717101804996
0.0
0.000357808081245
0.00667846117441
0.0621470971816
0.00290476766933
0.00439455495074
0.00107789356371
0.0
0.00180402153729
0.00107789356371
0.000357808081245
0.00144019590561
0.00107789356371
0.0
0.0
0.000357808081245
0.0
0.00144019590561
0.0
0.000357808081245
0.0
0.000717101804996
0.000357808081245
0.000357808081245
0.00144019590561
0.00107789356371
0.000717101804996
0.00107789356371
0.0
0.000717101804996
0.000717101804996
0.0
0.0
0.000357808081245
0.00107789356371
0.00107789356371
0.000357808081245
0.00401969662501
0.000717101804996
0.00144019590561
0.000717101804996
0.000717101804996
0.0
0.000717101804996
0.0
0.0
0.0
0.0
0.0
0.000357808081245
0.00107789356371
0.0
0.0
0.000717101804996
0.0
0.00327481678863
0.0
0.00327481678863
0.00327481678863
0.00180402153729
0.000357808081245
0.0266028103136
0.000357808081245
0.542838804882
0.0
0.0
0.0
0.0
0.0
