0.000236056967696
0.000236056967696
0.00119006242649
0.0
0.0
0.000711088027797
0.0
0.0
0.0
0.0
0.000473083643291
0.000236056967696
0.0
0.0
0.0
0.000473083643291
0.000236056967696
0.000473083643291
0.0
0.000711088027797
0.0
0.0
0.0
0.0
0.0
0.000950078221675
0.000711088027797
0.0
0.000236056967696
0.0
0.0
0.0
0.0
0.000236056967696
0.000236056967696
0.000236056967696
0.000236056967696
0.000711088027797
0.0
0.00119006242649
0.0219562940482
0.000473083643291
0.000236056967696
0.375169312878
0.000236056967696
0.000236056967696
0.0
0.0
0.000236056967696
0.000473083643291
0.0
0.0
0.000236056967696
0.0350854804781
0.000473083643291
0.0
0.000711088027797
0.000711088027797
0.000950078221675
0.000236056967696
0.000236056967696
0.0
0.0
0.0
0.0
0.000236056967696
0.0
0.0
0.0
0.0
0.0
0.000711088027797
0.000236056967696
0.0
0.000473083643291
0.0
0.000236056967696
0.000711088027797
0.0
0.0
0.0
0.000473083643291
0.0
0.000711088027797
0.000473083643291
0.00191606267449
0.000950078221675
0.000473083643291
0.000473083643291
0.0
0.000711088027797
0.000236056967696
0.000473083643291
0.0
0.000236056967696
0.00440423871842
0.0350854804781
0.00191606267449
0.00289849512699
0.000711088027797
0.0
0.00119006242649
0.000711088027797
0.000236056967696
0.000950078221675
0.000711088027797
0.0
0.0
0.000236056967696
0.0
0.000950078221675
0.0
0.000236056967696
0.0
0.000473083643291
0.000236056967696
0.000236056967696
0.000950078221675
0.000711088027797
0.000473083643291
0.000711088027797
0.0
0.000473083643291
0.000473083643291
0.0
0.0
0.000236056967696
0.000711088027797
0.000711088027797
0.000236056967696
0.00265131434511
0.000473083643291
0.000950078221675
0.000473083643291
0.000473083643291
0.0
0.000473083643291
0.0
0.0
0.0
0.0
0.0
0.000236056967696
0.000711088027797
0.0
0.0
0.000473083643291
0.0
0.00216010702066
0.0
0.0219562940482
0.00216010702066
0.00119006242649
0.000236056967696
0.000236056967696
0.000236056967696
0.00364645520214
0.0
0.0
0.0
0.0
0.0
