4.64452241597e-05
4.64452241597e-05
0.000234118040607
0.0
0.0
0.000139900175164
0.0
0.0
0.0
0.0
9.30781083388e-05
4.64452241597e-05
0.0
0.0
0.0
9.30781083388e-05
4.64452241597e-05
9.30781083388e-05
0.0
0.000139900175164
0.0
0.0
0.0
0.0
0.0
0.000186912965872
0.000139900175164
0.0
4.64452241597e-05
0.0
0.0
0.0
0.0
4.64452241597e-05
4.64452241597e-05
4.64452241597e-05
4.64452241597e-05
0.000139900175164
0.0
0.000234118040607
0.00042489306222
9.30781083388e-05
4.64452241597e-05
0.000473083643291
4.64452241597e-05
4.64452241597e-05
0.0
0.0
4.64452241597e-05
9.30781083388e-05
0.0
0.0
0.0376223603223
0.00964104933526
0.0752215447583
0.0
0.0376689932065
0.000139900175164
0.000186912965872
4.64452241597e-05
4.64452241597e-05
0.0
0.0
0.0
0.0
4.64452241597e-05
0.0
0.0
0.0
0.0
0.0
0.000139900175164
4.64452241597e-05
0.0
9.30781083388e-05
0.0
4.64452241597e-05
0.000139900175164
0.0
0.0
0.0
9.30781083388e-05
0.0
0.000139900175164
9.30781083388e-05
0.000376902860677
0.000186912965872
9.30781083388e-05
9.30781083388e-05
0.0
0.000139900175164
4.64452241597e-05
9.30781083388e-05
0.0
4.64452241597e-05
0.000866028148745
0.00964104933526
0.000376902860677
0.000570072686723
0.000139900175164
0.0
0.000234118040607
0.000139900175164
4.64452241597e-05
0.000186912965872
0.000139900175164
0.0
0.0
4.64452241597e-05
0.0
0.000186912965872
0.0
4.64452241597e-05
0.0
9.30781083388e-05
4.64452241597e-05
4.64452241597e-05
0.000186912965872
0.000139900175164
9.30781083388e-05
0.000139900175164
0.0
9.30781083388e-05
9.30781083388e-05
0.0
0.0
4.64452241597e-05
0.000139900175164
0.000139900175164
4.64452241597e-05
0.000521476284261
9.30781083388e-05
0.000186912965872
9.30781083388e-05
9.30781083388e-05
0.0
9.30781083388e-05
0.0
0.0
0.0
0.0
0.0
4.64452241597e-05
0.000139900175164
0.0
0.0
9.30781083388e-05
0.0
0.00042489306222
0.0
0.00042489306222
0.00042489306222
0.000234118040607
4.64452241597e-05
4.64452241597e-05
4.64452241597e-05
0.000717101804996
0.0
0.0
0.0
0.0
0.0
