0.00331388705854
0.00331388705854
0.0243336615835
0.0
0.0
0.0114047688697
0.0
0.0
0.0
0.0
0.00664581843966
0.00480539565416
0.0
0.0
0.0
0.00964104933526
0.00331388705854
0.00664581843966
0.0
0.00999599724506
0.0
0.0
0.0
0.0
0.0
0.0133646301177
0.0114047688697
0.0
0.00331388705854
0.0
0.0
0.0
0.0
0.00480539565416
0.00480539565416
0.00480539565416
0.00480539565416
0.0129084911696
0.0
0.0243336615835
0.0424395647017
0.00664581843966
0.00331388705854
0.0350854804781
0.00331388705854
0.00331388705854
0.0
0.0
0.00331388705854
0.00664581843966
0.0
0.0
0.00480539565416
0.988148956306
0.00964104933526
0.0
0.0145073669885
0.00999599724506
0.0133646301177
0.00480539565416
0.00480539565416
0.0
0.0
0.0
0.0
0.00331388705854
0.0
0.0
0.0
0.0
0.0
0.0145073669885
0.00331388705854
0.0
0.00809610682645
0.0
0.00480539565416
0.00999599724506
0.0
0.0
0.0
0.00809610682645
0.0
0.00999599724506
0.00964104933526
0.0393137444093
0.0133646301177
0.00664581843966
0.00964104933526
0.0
0.00999599724506
0.00331388705854
0.00664581843966
0.0
0.00331388705854
0.0810118821462
0.988148956306
0.017955479609
0.0236367187264
0.00999599724506
0.0
0.021013285253
0.00999599724506
0.00331388705854
0.0177514452766
0.00999599724506
0.0
0.0
0.00331388705854
0.0
0.0133646301177
0.0
0.00480539565416
0.0
0.00809610682645
0.00480539565416
0.00331388705854
0.0133646301177
0.0129084911696
0.00664581843966
0.00999599724506
0.0
0.00809610682645
0.00964104933526
0.0
0.0
0.00480539565416
0.0145073669885
0.00999599724506
0.00331388705854
0.0545935095229
0.00964104933526
0.0161937896666
9.6106826447e-05
0.00964104933526
0.0
0.00964104933526
0.0
0.0
0.0
0.0
0.0
0.00480539565416
0.0129084911696
0.0
0.0
0.00964104933526
0.0
0.0232227813143
0.0
0.0424395647017
0.021247977343
0.0180767584809
0.00480539565416
0.00480539565416
0.00480539565416
0.0621470971816
0.0
0.0
0.0
0.0
0.0
