0.000260202561845
0.000260202561845
0.00131181354004
0.0
0.0
0.000783830024408
0.0
0.0
0.0
0.0
0.000521476284261
0.000260202561845
0.0
0.0
0.0
0.000521476284261
0.000260202561845
0.000521476284261
0.0
0.000783830024408
0.0
0.0
0.0
0.0
0.0
0.00104727274978
0.000783830024408
0.0
0.000260202561845
0.0
0.0
0.0
0.0
0.000260202561845
0.000260202561845
0.000260202561845
0.000260202561845
0.000783830024408
0.0
0.00131181354004
0.00238114297563
0.000521476284261
0.000260202561845
0.00265131434511
0.000260202561845
0.000260202561845
0.0
0.0
0.000260202561845
0.000521476284261
0.0
0.0
0.000260202561845
0.0545935095229
0.000521476284261
0.0
0.000783830024408
0.000783830024408
0.00104727274978
0.000260202561845
0.000260202561845
0.0
0.0
0.0
0.0
0.000260202561845
0.0
0.0
0.0
0.0
0.0
0.000783830024408
0.000260202561845
0.0
0.000521476284261
0.0
0.000260202561845
0.000783830024408
0.0
0.0
0.0
0.000521476284261
0.0
0.000783830024408
0.000521476284261
0.00211211681912
0.00104727274978
0.000521476284261
0.000521476284261
0.0
0.000783830024408
0.000260202561845
0.000521476284261
0.0
0.000260202561845
0.00485511525613
0.0545935095229
0.00211211681912
0.00319513202348
0.000783830024408
0.0
0.00131181354004
0.000783830024408
0.000260202561845
0.00104727274978
0.000783830024408
0.0
0.0
0.000260202561845
0.0
0.00104727274978
0.0
0.000260202561845
0.0
0.000521476284261
0.000260202561845
0.000260202561845
0.00104727274978
0.000783830024408
0.000521476284261
0.000783830024408
0.0
0.000521476284261
0.000521476284261
0.0
0.0
0.000260202561845
0.0404157520873
0.000783830024408
0.000260202561845
0.380555616232
0.0512215447583
0.00104727274978
0.000521476284261
0.000521476284261
0.0
0.000521476284261
0.0
0.0
0.0
0.0
0.0
0.000260202561845
0.000783830024408
0.0
0.0
0.000521476284261
0.0
0.00238114297563
0.0
0.00238114297563
0.00238114297563
0.00131181354004
0.000260202561845
0.000260202561845
0.000260202561845
0.00401969662501
0.0
0.0
0.0
0.0
0.0
