0.000116821561136
0.000116821561136
0.000588896001227
0.0
0.0
0.000351893315714
0.0
0.0
0.0
0.0
0.000234118040607
0.000116821561136
0.0
0.0
0.0
0.000234118040607
0.000116821561136
0.000234118040607
0.0
0.000351893315714
0.0
0.0
0.0
0.0
0.0
0.000470151311439
0.000351893315714
0.0
0.000116821561136
0.0
0.0
0.0
0.0
0.000116821561136
0.000116821561136
0.000116821561136
0.000116821561136
0.000351893315714
0.0
0.000588896001227
0.00106882291146
0.000234118040607
0.000116821561136
0.00119006242649
0.000116821561136
0.000116821561136
0.0
0.0
0.000116821561136
0.000234118040607
0.0
0.0
0.000116821561136
0.0180767584809
0.000234118040607
0.0
0.000351893315714
0.000351893315714
0.000470151311439
0.000116821561136
0.000116821561136
0.0
0.0
0.0
0.0
0.000116821561136
0.0
0.0
0.0
0.0
0.0
0.000351893315714
0.000116821561136
0.0
0.000234118040607
0.0
0.000116821561136
0.000351893315714
0.0
0.0
0.0
0.000234118040607
0.0
0.000351893315714
0.000234118040607
0.00094809071331
0.000470151311439
0.000234118040607
0.000234118040607
0.0
0.000351893315714
0.000116821561136
0.000234118040607
0.0
0.000116821561136
0.00217876742133
0.0180767584809
0.00094809071331
0.0014340805882
0.000351893315714
0.0
0.000588896001227
0.000351893315714
0.000116821561136
0.000470151311439
0.000351893315714
0.0
0.0
0.000116821561136
0.0
0.000470151311439
0.0
0.000116821561136
0.0
0.000234118040607
0.000116821561136
0.000116821561136
0.000470151311439
0.000351893315714
0.000234118040607
0.000351893315714
0.0
0.000234118040607
0.000234118040607
0.0
0.0
0.000116821561136
0.000351893315714
0.000351893315714
0.000116821561136
0.00131181354004
0.000234118040607
0.000470151311439
0.000234118040607
0.000234118040607
0.0
0.000234118040607
0.0
0.0
0.0
0.0
0.0
0.000116821561136
0.000351893315714
0.0
0.0
0.000234118040607
0.0
0.00106882291146
0.0
0.00106882291146
0.00106882291146
0.18787910444
0.000116821561136
0.000116821561136
0.000116821561136
0.00180402153729
0.0
0.0
0.0
0.0
0.0
