4.64452241597e-05
4.64452241597e-05
0.000234118040607
0.0
0.0
0.000139892018201
0.0
0.0
0.0
0.0
9.30781083388e-05
4.6445175218e-05
0.0
0.0
0.0
9.30781080696e-05
4.64452241597e-05
0.0752215447583
0.0
0.000139900175164
0.0
0.0
0.0
0.0
0.0
0.00018691291693
0.000139900175164
0.0
4.64452241597e-05
0.0
0.0
0.0
0.0
4.64452241597e-05
4.64452241597e-05
4.64452241597e-05
4.64452241597e-05
0.000139900175164
0.0
0.000232801213422
0.000424884905256
9.3078059397e-05
4.64452241597e-05
0.000472063973961
4.64370671966e-05
4.6445175218e-05
0.0
0.0
4.64452238987e-05
9.30781083388e-05
0.0
0.0
4.6445175218e-05
0.00664581843966
9.30780593957e-05
0.0
0.000139900175164
0.000139900126223
0.000185893296542
4.64452241597e-05
4.64452241584e-05
0.0
0.0
0.0
0.0
4.64452241597e-05
0.0
0.0
0.0
0.0
0.0
0.000139900175164
4.64452241597e-05
0.0
9.30781083388e-05
0.0
4.64370671966e-05
0.00013989196926
0.0
0.0
0.0
9.30781083388e-05
0.0
0.000138880554776
9.30694393757e-05
0.000375883191346
0.000186912965611
9.30781083388e-05
9.30781083388e-05
0.0
0.000139900175164
4.64452241597e-05
9.30699513757e-05
0.0
4.54256037713e-05
0.00086499981045
0.00664581843966
0.00037690280698
0.000487353886439
0.000138880554775
0.0
0.000234109834702
0.00013989201794
4.54256037713e-05
0.000186904808909
0.000139900175163
0.0
0.0
4.64452241597e-05
0.0
0.000186912965611
0.0
4.64452241597e-05
0.0
9.30699513757e-05
4.64452241597e-05
4.64452238987e-05
0.000186912965871
0.000139900175164
9.20584879503e-05
0.000107900175164
0.0
9.30781083388e-05
9.30781083388e-05
0.0
0.0
4.64452241597e-05
0.000139900175164
0.000139900175164
4.64452241597e-05
0.000457468078356
9.19304879503e-05
0.000186904808909
9.30781083388e-05
9.30781083388e-05
0.0
9.20584879503e-05
0.0
0.0
0.0
0.0
0.0
4.64452241597e-05
0.000139900175164
0.0
0.0
9.30781083388e-05
0.0
0.000424884905256
0.0
0.000424893061934
0.000423864772867
