9.32672909856e-05
9.32672909856e-05
0.000470151311439
0.0
0.0
0.000280940107433
0.0
0.0
0.0
0.0
0.000186912965872
9.32672909856e-05
0.0
0.0
0.0
0.000186912965872
9.32672909856e-05
0.000186912965872
0.0
0.000280940107433
0.0
0.0
0.0
0.0
0.0
0.00037535183627
0.000280940107433
0.0
9.32672909856e-05
0.0
0.0
0.0
0.0
9.32672909856e-05
9.32672909856e-05
9.32672909856e-05
9.32672909856e-05
0.000280940107433
0.0
0.000470151311439
0.000853291238142
0.000186912965872
9.32672909856e-05
0.000950078221675
9.32672909856e-05
9.32672909856e-05
0.0
0.0
9.32672909856e-05
0.000186912965872
0.0
0.0
9.32672909856e-05
0.0133646301177
0.000186912965872
0.0
0.000280940107433
0.000280940107433
0.00037535183627
9.32672909856e-05
9.32672909856e-05
0.0
0.0
0.0
0.0
9.32672909856e-05
0.0
0.0
0.0
0.0
0.0
0.000280940107433
9.32672909856e-05
0.0
0.000186912965872
0.0
9.32672909856e-05
0.000280940107433
0.0
0.0
0.0
0.000186912965872
0.0
0.000280940107433
0.000186912965872
0.00075690839563
0.00037535183627
0.000186912965872
0.000186912965872
0.0
0.000280940107433
9.32672909856e-05
0.000186912965872
0.0
9.32672909856e-05
0.00173934084813
0.0133646301177
0.00075690839563
0.00114487826918
0.000280940107433
0.0
0.000470151311439
0.000280940107433
9.32672909856e-05
0.00037535183627
0.000280940107433
0.0
0.0
9.32672909856e-05
0.0
0.00037535183627
0.0
9.32672909856e-05
0.0
0.000186912965872
9.32672909856e-05
9.32672909856e-05
0.142350011408
0.000280940107433
0.000186912965872
0.021762828064
0.0
0.000186912965872
0.000186912965872
0.0
0.0
9.32672909856e-05
0.000280940107433
0.000280940107433
9.32672909856e-05
0.00104727274978
0.000186912965872
0.00037535183627
0.000186912965872
0.000186912965872
0.0
0.000186912965872
0.0
0.0
0.0
0.0
0.0
9.32672909856e-05
0.000280940107433
0.0
0.0
0.000186912965872
0.0
0.000853291238142
0.0
0.000853291238142
0.000853291238142
0.000470151311439
9.32672909856e-05
9.32672909856e-05
9.32672909856e-05
0.00144019590561
0.0
0.0
0.0
0.0
0.0
