2.31758862501e-05
2.31758862501e-05
0.000116821561136
0.0
0.0
6.98087704289e-05
0.0
0.0
0.0
0.0
4.64452241597e-05
2.31758862501e-05
0.0
0.0
0.0
4.64452241597e-05
2.31758862501e-05
4.64452241597e-05
0.0
6.98087704289e-05
0.0
0.0
0.0
0.0
0.0
9.32672909856e-05
6.98087704289e-05
0.0
2.31758862501e-05
0.0
0.0
0.0
0.0
2.31758862501e-05
2.31758862501e-05
2.31758862501e-05
2.31758862501e-05
6.98087704289e-05
0.0
0.000116821561136
0.000212011980773
4.64452241597e-05
0.0376223603223
0.000236056967696
2.31758862501e-05
2.31758862501e-05
0.0
0.0
2.31758862501e-05
4.64452241597e-05
0.0
0.0
2.31758862501e-05
0.00331388705854
4.64452241597e-05
0.0
6.98087704289e-05
6.98087704289e-05
9.32672909856e-05
2.31758862501e-05
2.31758862501e-05
0.0
0.0
0.0
0.0
2.31758862501e-05
0.0
0.0
0.0
0.0
0.0
6.98087704289e-05
2.31758862501e-05
0.0
4.64452241597e-05
0.0
2.31758862501e-05
6.98087704289e-05
0.0
0.0
0.0
4.64452241597e-05
0.0
6.98087704289e-05
4.64452241597e-05
0.000188066766154
9.32672909856e-05
4.64452241597e-05
4.64452241597e-05
0.0
6.98087704289e-05
2.31758862501e-05
4.64452241597e-05
0.0
2.31758862501e-05
0.000432111112329
0.00331388705854
0.000188066766154
0.000284449608666
6.98087704289e-05
0.0
0.000116821561136
6.98087704289e-05
2.31758862501e-05
9.32672909856e-05
6.98087704289e-05
0.0
0.0
2.31758862501e-05
0.0
9.32672909856e-05
0.0
2.31758862501e-05
0.0
4.64452241597e-05
2.31758862501e-05
2.31758862501e-05
9.32672909856e-05
6.98087704289e-05
4.64452241597e-05
6.98087704289e-05
0.0
4.64452241597e-05
4.64452241597e-05
0.0
0.0
2.31758862501e-05
6.98087704289e-05
6.98087704289e-05
2.31758862501e-05
0.000260202561845
4.64452241597e-05
9.32672909856e-05
4.64452241597e-05
4.64452241597e-05
0.0
4.64452241597e-05
0.0
0.0
0.0
0.0
0.0
2.31758862501e-05
6.98087704289e-05
0.0
0.0
4.64452241597e-05
0.0
0.000212011980773
0.0
0.000212011980773
0.000212011980773
0.000116821561136
2.31758862501e-05
2.31758862501e-05
2.31758862501e-05
0.000357808081245
0.0
0.0
0.0
0.0
0.0
