9.30781083388e-05
0.000281516978737
4.64452241597e-05
0.000297111379171
9.30781083388e-05
4.64452241597e-05
4.64452241597e-05
4.64452241597e-05
4.64452241597e-05
0.000139900175164
4.64452241597e-05
4.64452241597e-05
0.0247355560058
4.64452241597e-05
4.59354139655e-05
0.0
0.0
0.0
0.000139900174903
0.0
0.0
0.0
9.30781083388e-05
4.64452241597e-05
0.0
0.00122118339189
0.0
9.30781083388e-05
0.000234109883644
0.00191123412826
0.00632066902992
4.64452241597e-05
0.000423467691431
0.000281516978737
0.000234118040607
0.000234118040607
0.00517698820905
4.64452241597e-05
0.000281516924502
0.00467973873391
0.00795383326598
0.0
0.0
0.0
0.0
0.0
4.64452241597e-05
0.000139900175164
0.000471638816107
4.64452241597e-05
0.0
0.000234109883644
0.0749800333521
0.000186912965872
0.000186912965872
0.0
4.64452241597e-05
0.0
0.0
9.30781083388e-05
0.0
0.00132469648248
0.0247120017355
0.000424893009182
0.000424383252025
0.00436895904669
0.0
0.0
4.64452241597e-05
4.64452241597e-05
0.0
0.000139900175164
0.0
0.000186912965872
4.64452241597e-05
0.000139900175164
9.30781083388e-05
0.0
4.64452241597e-05
9.3078057349e-05
0.000521476233271
4.64452241597e-05
0.000139900175164
0.000139900175164
0.000186912965872
0.0
0.0
0.000234118040607
4.64452238987e-05
0.000139900175164
0.0
0.0
0.000122912965872
0.000136194165849
0.00407035834836
0.000233098420217
9.30781083388e-05
4.64452238987e-05
4.64452241597e-05
0.0
0.0
0.000139900175164
0.0
0.0
0.0
0.00440492350311
4.64370671966e-05
4.64452241597e-05
4.64452241597e-05
0.000816172208955
4.64452241597e-05
0.0
0.000618874573856
0.0011175707731
0.0
0.00185666354582
0.0
0.000570072686723
0.0
0.00252918295015
0.0
4.64452238987e-05
0.0
0.0
4.64452241597e-05
9.3078059397e-05
4.64452241597e-05
9.30781083388e-05
0.0
4.64452241597e-05
0.0
9.30781083388e-05
9.30781083388e-05
0.0247120017357
0.000265516927748
4.64452241597e-05
0.0
0.0
9.30781083388e-05
0.000717101804996
0.00270361944158
0.0025799416804
4.64452241597e-05
4.64452241597e-05
4.64452241597e-05
4.64452241597e-05
4.64452241597e-05
4.64452241597e-05
4.64452241597e-05
0.00235734377302
0.00270259982119
4.64452241597e-05
0.000618874519166
0.00624080320315
0.00318209888837
0.0
0.00656366221187
0.0
0.0
0.00101690132166
0.00786186615485
0.000376902811734
0.00795383326624
