9.30781083388e-05
0.000281516978737
4.64452241597e-05
0.000297111379171
9.30781083388e-05
4.64452241597e-05
4.64452241597e-05
4.64452241597e-05
4.64452241597e-05
0.000139900175164
4.64452241597e-05
4.64452241597e-05
0.000234118040607
4.64452241597e-05
4.64452241597e-05
0.0
0.0
0.0
0.000139900174903
0.0
0.0
0.0
9.30781083388e-05
4.64452241597e-05
0.0
0.00122118339189
0.0
9.30781083388e-05
0.000234109883644
0.00191123412826
0.00885381799587
4.64452241597e-05
0.000424180349108
0.000281516978737
0.000234118040607
0.000234118040607
0.00894508122968
4.64452241597e-05
0.000281516924502
0.00467973424968
0.00804728974891
0.0
0.0
0.0
0.0
0.0
4.64452241597e-05
0.000139900175164
0.000471638816107
4.64452241597e-05
0.0
0.000234109883644
9.3078059397e-05
0.000122912965872
0.000186912965872
0.0
4.64452241597e-05
0.0
0.0
9.30781083388e-05
0.0
0.00132469648248
0.000186912965594
0.000424893009182
0.00042489306222
0.0128540356823
0.0
0.0
4.64452241597e-05
4.64452241597e-05
0.0
0.000139900175164
0.0
0.000186912965872
4.64452241597e-05
0.000139900175164
9.30781083388e-05
0.0
4.64452241597e-05
9.3078057349e-05
0.000521476233271
4.64452241597e-05
0.000139900175164
0.000139900175164
0.000186912965872
0.0
0.0
0.000234118040607
4.64452238987e-05
0.000139900175164
0.0
0.0
0.000122912965872
0.000136194165849
0.00906003848708
0.000233098420217
0.0748397433354
4.64452238987e-05
4.64452241597e-05
0.0
0.0
0.000139900175164
0.0
0.0
0.0
0.00884703701105
4.64370671966e-05
4.64452241597e-05
4.64452241597e-05
0.000816172208955
4.64452241597e-05
0.0
0.000618874573856
0.0011175707731
0.0
0.00185666354582
0.0
0.000570072686723
0.0
0.0113185097458
0.0
4.64452238987e-05
0.0
0.0
4.64452241597e-05
9.3078059397e-05
4.64452241597e-05
9.30781083388e-05
0.0
4.64452241597e-05
0.0
9.30781083388e-05
9.30781083388e-05
0.000186912965872
0.000281516927748
4.64452241597e-05
0.0
0.0
9.30781083388e-05
0.000717101804996
0.0104223338737
0.0102473773372
4.64452241597e-05
4.64452241597e-05
4.64452241597e-05
4.64452241597e-05
4.64452241597e-05
4.64452241597e-05
4.64452241597e-05
0.00235734377302
0.00270259982119
4.64452241597e-05
0.000618874519166
0.00933701034788
0.00318209888837
0.0
0.0140343754232
0.0
0.0
0.00101690132166
0.0117933459924
0.000376902811734
0.0124119380054
