4.64452241597e-05
0.00014047236572
2.31758862501e-05
0.000148220499267
4.64452241597e-05
2.31758862501e-05
2.31758862501e-05
2.31758862501e-05
2.31758862501e-05
6.98087704289e-05
2.31758862501e-05
2.31758862501e-05
0.000116821561136
2.31758862501e-05
2.31758862501e-05
0.0
0.0
0.0
6.98087702984e-05
0.0
0.0
0.0
4.64452241597e-05
2.31758862501e-05
0.0
0.000609298390558
0.0
4.64452241597e-05
0.000116817482655
0.00095353012155
0.00315188486591
2.31758862501e-05
0.000211299295379
0.00014047236572
0.000116821561136
0.000116821561136
0.00258193482058
2.31758862501e-05
0.000140472338603
0.00233407533699
0.00396542120923
0.0
0.0
0.0
0.0
0.0
2.31758862501e-05
6.98087704289e-05
0.000235334554104
2.31758862501e-05
0.0
0.000116817482655
4.64451996889e-05
6.12672909856e-05
9.32672909856e-05
0.0
2.31758862501e-05
0.0
0.0
4.64452241597e-05
0.0
0.00066093888779
9.32672908469e-05
0.000212011954254
0.000212011980773
0.00217889242408
0.0
0.0
2.31758862501e-05
2.31758862501e-05
0.0
6.98087704289e-05
0.0
9.32672909856e-05
0.0376223431908
6.98087704289e-05
4.64452241597e-05
0.0
2.31758862501e-05
4.64451986649e-05
0.00026020253635
2.31758862501e-05
6.98087704289e-05
6.98087704289e-05
9.32672909856e-05
0.0
0.0
0.000116821561136
2.31758861196e-05
6.98087704289e-05
0.0
0.0
6.12672909856e-05
6.79078909741e-05
0.00203027908425
0.000116311750941
4.64452241597e-05
2.31758861196e-05
2.31758862501e-05
0.0
0.0
6.98087704289e-05
0.0
0.0
0.0
0.00219707671396
2.31718077685e-05
2.31758862501e-05
2.31758862501e-05
0.000407236982876
2.31758862501e-05
0.0
0.000308798964306
0.000557606075263
0.0
0.000926309334986
0.0
0.000284449608666
0.0
0.00126175240768
0.0
2.31758861196e-05
0.0
0.0
2.31758862501e-05
4.64451996889e-05
2.31758862501e-05
4.64452241597e-05
0.0
2.31758862501e-05
0.0
4.64452241597e-05
4.64452241597e-05
9.32672909856e-05
0.000140472340226
2.31758862501e-05
0.0
0.0
4.64452241597e-05
0.000357808081245
0.00134875095085
0.00128683734149
2.31758862501e-05
2.31758862501e-05
2.31758862501e-05
2.31758862501e-05
2.31758862501e-05
2.31758862501e-05
2.31758862501e-05
0.0011760460279
0.00134824114066
2.31758862501e-05
0.000308798936961
0.00311209014501
0.00158737070189
0.0
0.00327295511806
0.0
0.0
0.000507383343722
0.00391962085886
0.000188066741682
0.00396542120936
