0.000186912965872
0.000565341731076
9.32672909856e-05
0.000596926333052
0.000186912965872
9.32672909856e-05
9.32672909856e-05
9.32672909856e-05
9.32672909856e-05
0.0247823780726
9.32672909856e-05
9.32672909856e-05
0.118350011408
9.32672909856e-05
9.12280502087e-05
0.0
0.0
0.0
0.000280940106908
0.0
0.0
0.0
0.000186912965872
9.32672909856e-05
0.0
0.00245280181497
0.0
0.000186912965872
0.000470134997513
0.00383931143207
0.0127096856386
9.32672909856e-05
0.000850440496564
0.000565341731076
0.000470151311439
0.000470151311439
0.0104069979119
9.32672909856e-05
0.000565341622604
0.00940630048634
0.0160007506945
0.0
0.0
0.0
0.0
0.0
9.32672909856e-05
0.000280940107433
0.000947188567306
9.32672909856e-05
0.0
0.000470134997513
0.0245977669857
0.000259430036305
0.00037535183627
0.0
9.32672909856e-05
0.0
0.0
0.000186912965872
0.0
0.00266076479211
0.118190931176
0.000853291132066
0.000851251997365
0.0087830655687
0.0
0.0
9.32672909856e-05
9.32672909856e-05
0.0
0.000280940107433
0.0
0.00037535183627
9.32672909856e-05
0.000280940107433
0.000186912965872
0.0
9.32672909856e-05
0.000186912863892
0.0010472726478
9.32672909856e-05
0.000280940107433
0.000280940107433
0.00037535183627
0.0
0.0
0.0104854329785
9.32672904636e-05
0.000280940107433
0.0
0.0
0.00024735183627
0.000273914236224
0.00818030312266
0.000468112070659
0.000186912965872
9.32672904636e-05
9.32672909856e-05
0.0
0.0
0.000280940107433
0.0
0.0
0.0
0.00885335859898
9.32509770594e-05
9.32672909856e-05
9.32672909856e-05
0.00163919448729
9.32672909856e-05
0.0
0.00124289827051
0.00224465643626
0.0
0.0037296492976
0.0
0.00114487826918
0.0
0.00508128532597
0.0
9.32672904636e-05
0.0
0.0
9.32672909856e-05
0.000186912867988
9.32672909856e-05
0.000186912965872
0.0
9.32672909856e-05
0.0
0.000186912965872
0.000186912965872
0.118350011408
0.000501341629096
9.32672909856e-05
0.0
0.0
0.000186912965872
0.00144019590561
0.00543193384244
0.00518518230565
9.32672909856e-05
9.32672909856e-05
9.32672909856e-05
9.32672909856e-05
9.32672909856e-05
9.32672909856e-05
9.32672909856e-05
0.00473588417931
0.00542989460166
9.32672909856e-05
0.00124289816113
0.012548832901
0.00639390454113
0.0
0.0131991313572
0.0
0.0
0.0020424136068
0.0158153270464
0.000756908297744
0.016000750695
