0.795040279385
0.765594111965
0.725439031617
0.725439031617
0.725439031617
0.725439031617
0.00318209888837
0.0195497145095
0.00158737070189
0.0
0.123164853363
0.00789125324058
0.0
0.0
0.00478425352086
6.3717847108e-06
0.0
0.0452066854526
0.0
0.0
0.0
0.0240183244054
0.0114080306898
0.00981368215761
0.0250426401399
0.0
0.00963598052711
0.0
0.0
0.0
0.0
0.0499355247726
0.0
0.032575497601
0.0
0.104727445246
0.0082723770255
0.0
0.0
0.0
0.0129089067134
0.0
0.0112685504497
0.00639390454113
0.0
0.0145571244531
0.0
0.0
0.0
0.0683623894076
0.0
0.0
0.0112685504418
0.00158737070189
0.00158736923364
0.0146144771265
0.0713758426476
0.0
0.0112289800837
0.0
0.00963598052715
0.0
0.0112685504497
0.0402784227216
0.0
0.122549950575
0.143357004463
0.0
0.00318209888837
0.0195497145095
0.00318209888837
0.0197084134619
0.00827237702563
0.0
0.0385021962689
0.143293664801
0.0
0.0
0.050786600722
0.00318209888837
