0.0188625365787
0.571472584699
0.55868831536
0.571734907003
0.571472584699
0.600851177614
0.158598805474
0.450761433069
0.802126011207
0.0212301518338
0.650178572482
0.606682397733
0.0162132799038
0.105967287362
0.0540846172233
0.396553823787
0.0162132799038
0.139449352453
0.542305542232
0.847044167278
0.687201440466
0.742782012751
0.805350003882
0.928547287289
0.340352069905
0.0287097102772
0.56366290496
0.660624922237
0.895317849371
0.695097891555
0.182367754536
0.55501285854
0.438149729265
0.383522112544
0.390381204832
0.893359796726
0.0162132799038
0.798377340979
0.238780224384
0.0538730800228
0.451062163084
0.031005332845
0.196292868549
0.0702061913895
0.0145571244531
0.00158737070189
0.00158737070189
0.00158737070189
0.00158737070189
0.00158737070189
0.00158737070189
0.00158737070189
0.00158737070189
0.00158737070189
0.00158737070189
0.00158737070189
0.00158737070189
0.00158737070189
0.00158737070189
0.00158737070189
0.00158737070189
0.00158737070189
0.00158737070189
0.00158737070189
0.00158737070189
0.00158737070189
0.00158737070189
0.00158737070189
0.00158737070189
0.00158737070189
0.00158737070189
0.00158737070189
0.00158737070189
0.00158737070189
0.00158737070189
0.00158737070189
0.00158737070189
0.00158737070189
0.00158737070189
0.00158737070189
0.00158737070189
0.00158737070189
0.00158737070189
0.00158737070189
0.00158737070189
0.0158069071673
0.0375245634388
0.459134880121
0.460273865407
0.0
0.562444376337
0.203050225263
0.873574310641
0.114087779129
0.0493904381555
0.800731000945
0.850708324177
0.00318209888837
0.00318209888837
0.820908319562
0.705176007315
0.0716064694852
0.00158737070189
0.00158737070189
0.00158737070189
0.00158737070189
0.00318209888837
0.588591288797
0.00318209888837
0.102143314779
0.860325397802
0.669535134062
0.00158737070189
0.77931008082
0.336092645873
0.786282180245
0.193543973316
0.799674810531
0.510074168297
0.465024303215
0.772623754615
0.00318209888837
0.0
0.142476705476
0.0110924624169
0.0
0.742970373393
0.0
0.243256145104
0.0826722360294
0.0
0.0383444209628
0.0213840822929
0.696718063537
0.712242763477
0.0159468723546
0.656571172969
0.35058698932
1.1486028092
0.673845146598
0.00158737070189
0.0886182338668
0.0222419580794
0.0219981902429
0.570485512207
0.703367719526
0.0295166616513
0.567675332737
0.741780132136
0.00639390454113
0.480178088964
0.00801112289012
0.0195497145095
0.414267780058
0.0145571244531
0.0989660379846
0.0112685504497
0.43033986784
0.258309361072
0.0524766523537
0.0145571244531
0.0589227738124
0.506887613577
0.696208685306
0.0583840395357
0.0488876252231
0.707503460025
0.221853267479
0.0162132799038
0.585937610606
0.714620339068
0.734977390684
0.690811927362
0.00158737070189
0.69430286609
0.409102765093
0.81680887734
0.726142809112
0.799727940585
0.318167026046
0.481407900992
0.386609773783
0.776620422313
0.468494604403
0.0195497145095
0.857346837754
0.0320138152864
0.506378354663
0.717189558086
0.433582997744
0.0667281124749
0.0229188432536
0.453105178297
0.81688740614
0.76992381921
0.364308615849
0.684007518225
0.702501604161
0.690286386219
0.68504302579
0.440024391552
0.707274059536
0.690644742616
0.215226353571
0.409939505299
0.0997604148491
0.348053369523
0.209124554504
0.16998897455
0.0916109997192
0.00158737070189
0.00158737070189
