0.0150144694044
0.581475196618
0.605019050623
0.612766522906
0.546235033422
0.631652508674
0.303369101947
0.613245996742
0.897373895676
0.0661513953233
0.74437884002
0.691513405928
0.0171569863407
0.129930890922
0.0468589946401
0.344055936655
0.0171569863407
0.145904819331
0.696646560534
0.917947109574
0.755019472384
0.730854429877
1.02493484743
0.989461525762
0.373264698829
0.033611739956
0.657766754178
0.864027363645
1.04216823326
0.805049955857
0.259004066937
0.720188245683
0.638956357155
0.523404579544
0.467665612468
0.973396823568
0.0171569863407
0.939366407718
0.219939579755
0.0623998725396
0.524952274481
0.0284861141438
0.237605264285
0.0509952310301
0.0153779807443
0.00167925331231
0.00167945855694
0.0016794597907
0.00167945979069
0.0016794597907
0.0016794597907
0.0016794597907
0.0016794597907
0.0016794597907
0.0016794597907
0.0016794597907
0.0016794597907
0.0016794597907
0.0016794597907
0.0016794597907
0.0016794597907
0.0016794597907
0.0016794597907
0.0016794597907
0.0016794597907
0.0016794597907
0.0016794597907
0.0016794597907
0.0016794597907
0.0016794597907
0.0016794597907
0.0016794597907
0.0016794597907
0.0016794597907
0.0016794597907
0.0016794597907
0.0016794597907
0.0016794597907
0.0016794597907
0.0016794597907
0.0016794597907
0.0016794597907
0.0016794597907
0.0016794597907
0.0016794597907
0.0184090219517
0.0249868822405
0.632477197104
0.681307695545
0.0
0.634964787256
0.216592588895
0.96039600257
0.153286208705
0.0277464465289
0.915409603291
1.04674988073
0.00336676954443
0.00336676954443
0.961156613461
0.911740669491
0.0947094673057
0.0016794597907
0.0016794597907
0.0016794597907
0.0016794597907
0.00336676954443
0.719494607338
0.00336651260009
0.178480130966
0.83380649106
0.771570942359
0.0016794597907
0.921850164935
0.346788630656
0.901562880759
0.147793174393
1.29174313969
0.658245415448
0.597485304432
0.786102678507
0.00334496475705
0.0
0.172466553459
0.0150144694044
0.0
0.933252026263
0.0
0.2965969563
0.138111965643
0.0
0.0303265269416
0.0304571966236
0.881190510887
0.739563320429
0.0191261528918
0.710934607561
0.345650424304
0.799590829682
0.714592601784
0.0016794597907
0.165347223838
0.0538080089965
0.0183315178802
0.62651954467
0.793260150073
0.0101957403557
0.751042344469
0.887360111215
0.00676523703624
0.651144785018
0.00847654650827
0.0206706729056
0.523329453993
0.0154041113885
