0.000532693864185
0.178302147138
0.178302147138
0.178302147138
0.178302147138
0.178302147138
0.359361550611
0.296888239439
0.373890628705
0.243185854144
0.351577181644
0.379851411816
0.242292189082
0.267170344853
0.242886739303
0.468686821475
0.242292189082
0.245627267761
0.255277323254
0.472889323458
0.346361767628
0.429450815316
0.434288364562
0.521971915266
0.511874586668
0.260104129169
0.256998519248
0.285488427046
0.231532911305
0.263086722078
0.274925289813
0.275818144388
0.292266609641
0.257451664812
0.485543336139
0.454318993025
0.242292189082
0.477230510263
0.53709632301
0.269205050681
0.270332230416
0.193543973316
0.321470251703
0.26710405745
0.204765426773
0.000479529519993
0.000531971372143
0.000532693864185
0.000532693864035
0.000532693864185
0.000532693864184
0.000532693864185
0.000532693864185
0.000532693864185
0.000532693864185
0.000532693864185
0.000532693864185
0.000532693864185
0.000532693864185
0.000532693864185
0.000532693864185
0.000532693864185
0.000532693864185
0.000532693864185
0.000532693864185
0.000532693864185
0.000532693864185
0.000532693864185
0.000532693864185
0.000532693864185
0.000532693864185
0.000532693864185
0.000532693864185
0.000532693864185
0.000532693864185
0.000532693864185
0.000532693864185
0.000532693864185
0.000532693864185
0.000532693864185
0.000532693864185
0.000532693864185
0.000532693864185
0.000532693864185
0.000532693864185
0.0706570289775
0.002406137642
0.0259637876567
0.0232572802669
0.0
0.230293789268
0.00880366432476
0.292631287936
0.0232700484357
0.00118779917474
0.210934179924
0.246058593266
0.00106763386339
0.00106763386339
0.17690994059
0.200278586021
0.02863627944
0.000532693864185
0.000532693864185
0.000532693864185
0.000532693864185
0.00106763386339
0.1477725661
0.0010675441368
0.0259910011396
0.237835937851
0.183128424955
0.000532693864185
0.2247664614
0.248879024168
0.27018003156
0.193091905427
0.219931451897
0.158608535213
0.0350917699174
0.237342971884
0.00106763386339
0.0
0.03001350677
0.0374950000684
0.0
0.231842901143
0.0
0.211794958508
0.017910558916
0.0
0.00106763386339
0.00682071633569
0.215520908376
0.141570182316
0.00268612225023
0.248427247394
0.22703409035
0.238780224384
0.126513339024
0.000532693864185
0.00598556296564
0.00486270400451
0.00160483903351
0.177599872378
0.166572804237
0.00323014424277
0.0831643530364
0.199874565162
0.00214432865364
0.0251985506829
0.00268612225023
0.00654488294376
0.0265071917733
0.00487673582879
0.010524711895
0.00377670074105
0.0265071917733
0.0706729801337
0.00585501872754
0.00487673582879
0.0176205349076
0.0764060164663
0.152326703031
0.00806220319528
0.00710284920434
0.197538448528
0.156214146486
0.00543035116514
0.0999865987947
0.273736851256
0.258910900533
0.259984817453
0.000458392165148
0.285579005127
0.212515489663
0.300794411393
0.242294517355
0.276794837741
0.25691948941
0.272344605391
0.0265071868441
0.202901896501
0.110394549962
0.00654488294392
0.314753907716
0.00753275889129
0.103898072557
0.250285215843
0.0278242491754
0.0137269251068
0.00766929350278
0.261604489901
0.231434329867
0.209943597144
0.143377513132
0.181496051134
0.218319283074
0.288644134679
0.205512146763
0.0419293028145
0.192748894911
0.200132981296
0.0516765520733
0.0693937148512
0.102284620821
0.100145645239
0.0560261238431
0.0502882842273
0.0391526036471
0.000479543014667
0.000531971450593
