0.0488838421099
0.0522465486742
0.0529688755258
0.0544702316299
0.0552513047071
0.0552513047071
0.0560541461515
0.0560541461515
0.0552513047071
0.0552513047071
0.0560541461515
0.0568800063265
0.0568800063265
0.0568800063265
0.0568800063265
0.0577302467198
0.0586063535403
0.066781236646
0.110898654448
0.141024209572
0.141437347779
0.141440523645
0.141440542442
0.141440542541
0.141440542542
0.141440542542
0.0045355984998
0.0
0.0
0.0
0.0
0.0
0.000588873580067
0.0
0.0
0.0
0.0
0.000351893315714
0.0
0.000116821561136
0.0167519273268
0.0024136477716
0.000827861603911
0.0167502563982
0.0
0.0166251063409
0.00230477219416
0.00119006229225
0.000470151311439
0.000351893193359
0.0094336591985
0.000231568989636
0.00178856331102
0.0
0.00636394075565
0.0
0.000470151311439
0.0
0.00119006242649
0.0
0.000114272510165
0.0
0.000470151311439
0.00094809071331
0.0175976179985
0.000116821561136
0.000116821561136
0.000116821561133
0.000116821561136
0.000116821561136
0.000116821561136
0.000116821561136
0.000116821561136
0.000116821561136
0.000116821561136
0.000116821561136
0.000116821561136
0.000116821561136
0.000116821561136
0.000116821561136
0.000116821561136
0.000116821561136
0.000116821561136
0.000116821561136
0.000116821561136
0.000116821561136
0.000116821561136
0.000116821561136
0.000116821561136
0.000116821561136
0.000116821561136
0.000116821561136
0.000116821561136
0.000116821561136
0.000116821561136
0.000116821561136
0.00386138058832
0.00094809071331
0.000116821561136
0.00453254226083
0.00094809071331
0.0
0.0
0.000116821561133
0.000116821561136
0.0167519273268
0.000234097648199
0.0167519273268
0.000116821561136
0.000234118040607
0.000708131407787
0.000116821561136
0.00143102434922
0.000234118040607
0.0173917938859
0.000116821561136
0.000116821561136
0.000116821561136
0.000588896001227
0.000116821561136
0.000470151311439
0.0
0.000116821561136
0.0
0.00143408058749
0.0
0.000310151311439
0.000827861603908
0.0
0.000116821561136
0.00522594906869
0.0
0.00131181341768
0.0
0.0
0.0
0.0
0.0153291166245
0.00717914744477
0.000351893315714
0.0
0.0
0.0
0.00386138058832
0.0
0.00550678169358
0.0
0.0257214032444
0.0169610373578
0.000116821561136
0.000116821438782
0.0
0.0
0.0161335400423
0.00333025586516
0.000116821561136
0.0195962410665
0.0
0.0
0.0
0.0
0.000114272510165
0.000470151189084
0.0
0.000116821561136
0.0
0.000234118040607
0.000588896001227
0.000116821561136
0.0172714516347
0.000116821561136
0.00344491343284
0.00106627386049
0.0274091301661
0.000234118040467
0.000506361059733
0.00308955916964
0.00167717284156
0.00761116387238
0.0179572185949
0.00536602369995
0.00863271280984
0.00522592935311
0.00149943314353
0.000234118040467
0.00185177027168
0.00106882291075
0.0
0.034513723718
0.0148761026084
0.000234118040607
0.0
0.0
0.0303366569211
0.000470151311439
0.0167519273268
0.000116821561136
0.000349024264743
0.0250314737364
0.000470151311439
0.0210545337436
0.000234118040607
0.0014340805882
0.000708131407787
0.0182485621526
0.00412918014735
0.0277837009794
0.0299249080477
0.0262734642805
0.0111616929031
0.0126301448502
0.0241691910497
0.0096736347978
0.0163494117214
0.000116821561135
0.000116821561136
0.000116816888241
0.000116821561136
0.000116821561136
0.000116821561136
0.000116821561136
0.000116821561136
0.000116821561136
0.000116821561136
0.000116821561136
0.000116821561136
0.000116821561136
0.000116821561136
0.000116821561136
