0.0244417823483
0.00905585062196
0.0536641779055
0.00460676600424
0.0253891309238
0.0206676212414
0.0422999150306
0.0573125861531
0.00473290511328
0.0602434365749
0.00423159272923
0.0563419425047
0.0107641772587
0.00519635171056
0.00423162279612
0.0209461967371
0.0200766258735
0.0766876084426
0.0137817179156
0.0725310709638
0.039618083055
0.00344491343284
0.022092170576
0.00344491343284
0.00344491343284
0.00532428031995
0.0306326649709
0.0
0.0
0.0
0.0
0.0
0.00243123998144
0.0
0.0
0.0
0.0
0.00145263944775
0.0
0.000482183350254
0.0699562818812
0.0949011118858
0.00225229238826
0.0690818736557
0.0
0.0694478170735
0.00952503879148
0.00579920226933
0.00443817674477
0.00145263895833
0.0716123569671
0.000956194603842
0.0500196799566
0.0
0.0261297317446
0.0
0.0174150909703
0.0
0.00367092644731
0.0
0.000472407571536
0.0
0.00194094656278
0.00391511343035
0.0735425450959
0.000482183350254
0.000482183350254
0.000482183350241
0.000482183350254
0.000482183350254
0.000482183350254
0.000482183350254
0.000482183350254
0.000482183350254
0.000482183350254
0.000482183350254
0.000482183350254
0.000482183350254
0.000482183350254
0.000482183350254
0.000482183350254
0.000482183350254
0.000482183350254
0.000482183350254
0.000482183350254
0.000482183350254
0.000482183350254
0.000482183350254
0.000482183350254
0.000482183350254
0.000482183350254
0.000482183350254
0.000482183350254
0.000482183350254
0.000482183350254
0.000482183350254
0.028417262771
0.00611208298548
0.000482183350254
0.0320569726735
0.00391511343035
0.0
0.0
0.000482183350242
0.000482183350254
0.0699562818812
0.000966309238095
0.0699562818812
0.000482183350254
0.000966390807726
0.0029238064955
0.000482183350254
0.00591143337369
0.000966390807726
0.00181179596513
0.000482183350254
0.000482183350254
0.000482183350254
0.00243132966608
0.000482183350254
0.00194094656278
0.0
0.000482183350254
0.0
0.0373951168493
0.0
0.00130094656278
0.00341839501734
0.0
0.000482183350254
0.0451163555889
0.0
0.0366436171214
0.0
0.0
0.0
0.0
0.0639370453409
0.0419246903064
0.00145263944775
0.0
0.0
0.0
0.0712461698761
0.0
0.0232989334761
0.0
0.0500192494063
0.0708424341962
0.000482183246226
0.000482182860836
0.0
0.0
0.0673380069112
0.00522907324106
0.0374968324815
0.0991905818708
0.0
0.0
0.0
0.0
0.0374954175839
0.0390051849062
0.0
0.0376223603223
0.0
