4.64452241597e-05
4.64452241597e-05
4.64452241597e-05
4.64452241597e-05
0.000766530706627
0.000766530706627
0.00106763386339
0.00318209888837
0.00342898895189
0.0082342149723
0.0124051231944
0.0158622297343
0.0120675267927
0.0166562210575
0.0250970562474
0.0238215614237
0.0379573925032
0.0376187968072
0.0381572730205
0.0420437863005
0.0386075443378
0.0381828348303
0.0395640668848
0.0405162965035
4.64452241597e-05
4.64452241597e-05
0.038584507819
0.0513573021667
0.0380046437767
0.0507605789029
0.0408315039674
0.0496727187588
0.0389187899085
0.0400374844483
0.0439069954817
0.0514838272411
0.0473240657044
0.0234707331354
0.0227506462913
0.0212443586164
0.0302503202035
0.0377187988779
0.0504277731511
0.042144042704
0.0382084826468
0.0378352414028
0.0380999409213
0.0435155315037
0.0751472154576
0.0376223603223
0.0387469422126
0.0376223603223
0.0467048531471
0.0376456296601
0.03979626115
0.0578266556972
0.0482357910459
0.0249903051201
0.0136117424449
4.64451996889e-05
4.64452241597e-05
0.0441762342989
0.0511063195721
0.0376213484903
0.0329130714691
0.0429923258499
0.0317133170499
0.0336100596938
0.0367304466382
0.0195014719917
0.00362592514512
0.00368127043081
0.010880880966
0.0108808861139
0.0107625059754
0.0107625059754
0.0107625059754
0.0106453277416
0.0107625059754
0.0106453277416
0.0107625059754
0.00517699687832
0.00689583025694
0.035925184388
0.0452397405904
0.0379073944722
0.0378111929436
0.0381828348119
0.0409123648076
0.0381828348303
0.0376223603223
0.0398302071114
0.0467048485567
0.0642019899248
0.0443463070072
0.0454059133407
0.0499196230425
0.0378111920823
0.0417507448565
0.0558516718333
0.037829973385
0.0379079834003
0.0398635681529
0.0735368931004
0.048059505192
0.0399362795855
0.0376223603223
0.0404072725187
0.0548763696394
0.0418952989123
0.0395635615588
4.64452241597e-05
4.64451996889e-05
4.64452241597e-05
0.0416342749137
0.0375659266528
0.0406314792377
0.037622354252
0.0387187919214
0.0386629000451
0.0380813626838
0.0376456296602
0.0380813677863
0.0441506970081
0.0480915054954
0.037692451727
0.0376456296601
0.0399421488736
0.0621951888538
0.0462731791928
0.03764511985
0.0752206044615
0.0387752304639
0.0382601233481
0.0402539368407
0.0495005219375
0.0400762298973
0.0376223603223
0.0453029313156
0.0
0.0
0.0
0.0232885775238
0.00876981275838
0.0
0.0335982543218
0.0236818526241
0.000424893037748
0.000814665247136
0.0200707471418
0.00349154560015
0.00032910203338
0.0154280885943
9.30781080777e-05
0.0126253063277
0.00547106517784
0.00199869606384
0.0
0.0164638147395
0.0155196554332
0.0125417176787
0.000327732417352
0.0125585328611
0.0
0.0
0.0127178772097
0.000139900175164
0.022981017825
0.0140845109736
0.00715137800606
0.00368127599371
0.0
0.000717101804995
0.00142914641148
0.00122118333424
0.0197641908071
0.0259200524095
0.0074127038181
0.0170739474004
0.0012199608963
0.0163931091085
0.0324539468472
0.000328431391145
0.000281512278994
0.00454151317962
0.00052147625979
0.0172355840628
0.0197656213074
0.00148172806209
0.000376902860677
0.00888726419397
0.0
0.000473083643291
0.0
0.0149573254679
0.0
0.00758954273572
0.0
0.0
0.0
4.64452241597e-05
4.64452241597e-05
0.00426993141565
0.0144278049502
0.0586530891993
0.0156830247167
0.0213622133276
0.0199120058479
0.00091610038667
0.000916100386522
0.0384849758357
0.0187457272292
0.0177357441328
0.0291398974507
0.0399805924781
0.0135655089282
0.0202255239281
0.0145257252404
0.0122423115584
0.0
0.011933035979
0.022884002867
0.000376893514887
0.00568281789371
0.0163636553886
0.00890495439645
0.0
0.0168559854807
0.0185165243906
0.0
