0.00933425181391
0.00933425181391
0.00933425181391
0.00933425181391
0.104545535708
0.125747095809
0.142120408679
0.368280951751
0.447428193889
0.725116217631
0.728476698099
0.237503604458
0.382345304309
1.0523306525
0.911889289165
0.146203687108
0.0635561036897
0.00645670374217
0.307930776425
1.04294351314
0.405772689315
0.323105203817
0.349954550552
0.66520334177
0.0296223603223
0.0296223603223
0.429510406832
0.68048255303
0.116901371717
0.722402238868
0.178563570953
1.19434298963
0.337894004919
0.525835617007
0.576418438833
0.284799340056
0.45853220846
0.761494410467
0.512847913744
0.108829745218
0.522894866184
0.273848554598
0.54195893171
0.918193593779
0.194417344308
0.050182308465
0.16600618099
0.130682587061
0.273570820399
0.00645670374217
0.0899535011231
0.00645670374217
0.346015026692
0.0135655174006
0.346579385978
0.915481549138
1.02515530789
1.1781510073
0.936975319411
0.00933425181391
0.00933425181391
0.784254664314
0.973355900127
0.00645670374217
1.14276264178
1.1057264593
0.858877862765
1.12417474892
1.20070190598
1.21139404681
0.78607387879
0.784095337046
1.27756673944
0.995644612394
1.06543846051
1.26742464369
1.28088738371
1.00020025014
1.01202779357
0.693406993389
1.31228387347
0.637710790996
0.970514081594
0.11035560959
0.607429368824
0.058729096082
0.0599106782146
0.211518716683
0.915617387067
0.2993674863
0.00645670374217
0.323507722855
0.849895511459
0.637461591518
0.854842447031
0.786695296357
0.885229221567
0.0532423536838
0.502278829641
0.933033791143
0.0428094214759
0.0608472950755
0.337654532397
0.0135655174006
0.43269600908
0.298286725593
0.00645670374217
0.576875499348
0.845894125565
0.81098709765
0.512438652748
0.016420800221
0.016420800221
0.016420800221
0.560649764936
0.0286014198267
0.625513328676
0.00645670374217
0.313454957331
0.265228366617
0.1461720246
0.0135655174006
0.0549771756805
0.246594040252
0.40877299756
0.0287795618091
0.0157677796698
0.267175199135
0.559462036251
0.464236005873
0.0135655174006
0.542370507509
0.352650907753
0.127758727026
0.413248985794
0.590850039403
0.413753284342
0.00645670374217
0.135218888506
0.0
0.0
0.0
0.252779232872
0.609940230701
0.0
0.664550632394
1.00517718384
0.0989544295834
0.135786237832
1.25243274822
0.515200149554
0.0614622795277
0.821292012159
0.0135655174006
0.450761051314
0.338040258489
0.487491587474
0.0
0.684102298919
0.838614484432
0.471220815791
0.0597625083916
0.558218583001
0.0
0.0
0.245542825115
0.0195151187657
0.657444762321
0.161914493333
0.0707713817121
0.255392064438
0.0
0.0356606526305
0.259107935222
0.269855167179
0.669192026573
1.10419345302
0.643053899757
0.359591948565
0.103934071964
0.260898603631
0.812796183788
0.0528615544986
0.0436677750504
0.235485025874
0.0449296168616
0.750826971137
0.0401619609697
0.206306488918
0.0963919990715
0.277433573024
0.0
0.0740150824069
0.0
0.135241663554
0.0
0.456800442872
0.0
0.0
0.0
0.00933425181391
0.00933425181391
0.547841515586
0.658761086403
0.837217114517
1.1237466245
1.06014907161
1.5063842502
0.104668155967
0.104668155967
0.60820023136
0.685707042497
0.421108731126
1.13265236235
0.904442036497
2.27090001873
0.668597179013
1.01780047114
0.953948543152
0.0
0.157779706949
0.624714205075
0.0456915829931
0.798747004875
0.654698042363
0.206763605341
0.0
0.920827441441
0.607551509142
0.0
0.0739514371831
0.0
0.70716156509
0.321102544951
0.264287673149
0.00531146497156
0.113058902461
0.286396200717
0.281635111349
0.52724218923
0.365413514629
0.0071319895447
0.0071319895447
0.0071319895447
0.0071319895447
0.0215679334081
0.379125908865
0.292771273023
0.496941293126
0.976858908672
0.205932302949
0.685581716182
0.0643584234491
0.57319570502
0.101008798063
0.133203004371
1.14833320389
0.0143209555047
0.125242431894
0.842604451168
0.340398517616
0.792751252041
1.05998305884
0.637050542525
0.732535860088
0.681617558287
0.492384768132
0.0157677796698
0.718241021212
0.759088380196
1.15339772371
0.635397708067
0.898969560284
0.124467722079
0.104604513265
0.104604513265
0.11392785046
0.12192785046
0.461750827534
0.629511207021
0.572387336143
0.803261734287
0.732589857304
0.66683737779
0.0503927645318
0.795084959268
1.0834795991
0.625982526757
0.287211853218
0.00933425181391
0.00933425181391
0.0
0.0
0.892942775949
0.103591844359
0.0
0.739929572174
0.755131196015
0.755131196015
0.755131196015
0.755131196015
0.755131196015
0.0667408763277
0.822303551033
0.707610316323
0.00933425181391
1.11491263132
1.36956716983
0.122557788261
0.632422748473
0.437399649422
0.0178486512624
0.670850765271
0.346515697258
0.138934300059
0.976160899036
1.24120974431
0.656203990342
0.706566623345
0.97289184159
0.00933425181391
0.667345041408
0.0296223603223
0.0296223603223
0.0296223603223
0.0296223603223
0.0296223603223
0.0296223603223
0.0296223603223
0.0296223603223
0.0296223603223
0.827728297064
1.20099156973
0.56376145161
1.27759464276
0.887190864149
1.42788027763
1.06357329456
0.510939147076
0.341602518626
0.792337209665
0.555562858693
1.28579894981
0.244749437227
0.52918447331
0.649617441459
0.909381087738
0.257079545202
0.541420600997
0.568632935027
0.670814385353
0.016420800221
0.425135553254
0.616064887916
0.493779762647
0.969752778495
0.81167476197
0.24756867381
0.85561259757
0.504527273956
0.0
0.516972166557
0.468471061081
0.835561554942
0.13004575489
0.101067609619
0.411099195452
0.0
0.0
1.11798835683
0.30266059185
0.213580289773
0.755581330244
0.999496976657
0.469712967343
0.016420800221
0.016420800221
0.016420800221
0.016420800221
0.016420800221
0.19524060609
0.815222309499
1.10561118013
1.1700031811
0.643467241107
1.42318348494
0.707949690451
0.497229120591
0.564364298101
0.150536660002
0.516996717776
0.0271893550039
0.114359963916
0.816507732146
0.369402717053
0.385915984113
0.411406903688
1.20094845639
0.864794031283
0.759606065046
0.731082172132
0.444242356333
0.630899201231
0.0129614776075
0.986391487246
1.06908062753
1.22852904164
0.156823917138
1.19966728034
1.08666817065
0.0910938090279
1.15809677993
0.809713161076
1.35902953938
1.15489739394
0.347255398915
0.534824287305
1.17868257091
1.08159570148
1.24783733909
0.479907920631
1.12207632579
0.654506579237
1.26056754681
0.0207795618091
0.734307851088
0.67450257581
0.657766179443
0.592541214483
0.752285327103
1.03146219093
0.762992120584
1.31284660615
0.152774163157
0.846097455878
0.0326388623998
0.67433601395
0.0332309743651
0.0332309743651
0.0332309743651
0.622689872128
1.03954910804
0.702235596098
0.633278615348
0.121770744228
0.391421497575
0.647099854716
0.0
0.393454240775
0.665180861112
1.21260795258
0.691803941776
0.64206930393
1.05029729176
0.759772538801
0.0
0.679903143946
0.92007511575
0.35771768992
0.524578567716
0.841932789525
0.724704450163
0.873192332107
0.24735668859
0.388080235244
0.741675875802
0.0
0.47999059758
0.0
0.977972423571
0.0
1.00663679954
0.800480412932
0.724303761223
0.0
0.170117035994
1.12902541448
0.53203065818
0.937673250997
0.714526010982
0.675596368503
0.12866637604
0.844506890632
0.782012880266
0.503760297824
0.695625900271
0.976263187713
0.830076413083
1.18584590068
0.486318540773
0.540256645702
0.694398863889
0.670798541093
0.811642555319
0.810010166366
0.621724981871
0.61021375527
0.86814985563
0.520519902853
0.43651512287
0.423415443667
0.318000550085
0.234128249945
0.166813344862
0.153227166366
0.135109866314
