0.00705293528907
0.00705293528907
0.00705293528907
0.00705293528907
0.0481122168952
0.0693137769965
0.0501902710557
0.229236333237
0.252814871992
0.376887693097
0.305816928851
0.244789621917
0.458444136359
0.904822674942
0.717283915728
0.305681834667
0.217606273521
0.0032323195637
0.0791393394568
0.687736641826
0.145209862385
0.0828293533361
0.274331694459
0.369554178114
0.0032323195637
0.0032323195637
0.145209862385
0.507711287214
0.057465474651
0.60013324179
0.193040107955
1.07441606928
0.144399871155
0.421315361084
0.620100089957
0.212733349145
0.286008840344
0.2661663674
0.269396595468
0.0745546825541
0.477264200216
0.0849859641268
0.533112561963
0.560098695631
0.0921824980108
0.0458480569395
0.304957952233
0.195716729523
0.201127065269
0.0032323195637
0.0278946413392
0.0032323195637
0.317761752582
0.00648210287399
0.206130673693
0.802393593693
0.658049856866
0.939955887143
0.638828960925
0.0032323195637
0.0032323195637
0.610387916333
0.637116653896
0.0032323195637
0.729270780832
1.02968412963
0.796957663405
0.74860192825
0.870260631981
0.89349833286
0.660423782921
0.648536967091
0.978305052691
0.732735178246
0.771029802103
1.01109533996
1.01905435642
0.756527786931
0.741126931326
0.454438077367
1.03304281316
0.642805616783
0.693721230335
0.0297363659845
0.406550064012
0.0434405428441
0.0297363659845
0.068356413734
0.598291154484
0.0828293533361
0.0032323195637
0.302288681335
0.576345183751
0.33821744848
0.573354928659
0.925781794032
0.627631179131
0.0569516118382
0.415352048282
0.765226392337
0.0414473332789
0.0189885030407
0.376885124373
0.00648210287399
0.336371264251
0.451827795307
0.0032323195637
0.319430405543
0.628028482176
0.72870633667
0.353580067426
0.0032323195637
0.0032323195637
0.0032323195637
0.680865517387
0.0130348432053
0.516967657423
0.0032323195637
0.161886667177
0.134564658076
0.0682041697829
0.00648210287399
0.0230684141379
0.263913631402
0.356152599813
0.016732671227
0.0102620789665
0.379473635905
0.440871310933
0.300933663305
0.00648210287399
0.508555559777
0.170404983745
0.0940383510351
0.249835189233
0.634559879327
0.1126539903
0.0032323195637
0.0693606846758
0.0
0.0
0.0
0.283745080198
0.668451263042
0.0
0.506011507686
0.902941120811
0.0314746648907
0.0150302980089
0.543594012979
0.442539085957
0.0365516839446
0.361724608322
0.00648210287399
0.294562976454
0.29591722902
0.181793153935
0.0
0.479190608243
0.502980552152
0.598271864958
0.0100054451489
0.26579081746
0.0
0.0
0.051818936542
0.00974954470837
0.671333069635
0.18904647764
0.154638287359
0.242827674969
0.0
0.0157985815588
0.184500713972
0.195866145787
0.407861909783
0.855226206065
0.630233990179
0.157835951975
0.0622214372123
0.103033489232
0.548507528808
0.0229999121602
0.0196598200258
0.189103382672
0.0399500422487
0.591983542587
0.0193104669972
0.29252048576
0.0449590532323
0.295458517372
0.0
0.181208412895
0.0
0.0826795776037
0.0
0.216082828936
0.0
0.0
0.0
0.0032323195637
0.00705293528907
0.356370650952
0.289111034771
0.624559275221
0.602881046656
0.72449137478
0.81363050118
0.0646031357083
0.0646031357083
0.57570241475
0.547470013916
0.133003556327
0.704603570935
0.394745425966
0.800480412932
0.294143859116
0.412569049349
0.47919364734
0.0
0.138960082239
0.525366224881
0.0191014900969
0.849329085577
0.281163409125
0.200400123274
0.0
0.685393538782
0.426052519032
0.0
0.0217255040194
0.0
0.557716689265
0.0651058861385
0.251108083244
0.0115095063715
0.0958455379878
0.229959934062
0.420153805334
0.249852038636
0.458629409404
0.0032323195637
0.0032323195637
0.0032323195637
0.0032323195637
0.00974954470837
0.169753560179
0.310114728092
0.365265179416
0.823273370987
0.178374913508
0.574173068411
0.043062176449
0.419021972868
0.040591003268
0.0646031357083
0.723688729491
0.00648210287399
0.0610236588775
0.699003983278
0.0856768830191
0.547968047146
0.527381138518
0.242540631518
0.411783316486
0.438883901916
0.288864183919
0.00648210287399
0.506083462043
0.424466706294
1.00092508908
0.352038077644
0.754022991938
0.0885602627427
0.0885602627427
0.0885602627427
0.0912809194451
0.0992809194451
0.333938759668
0.547414290755
0.468597526989
0.738520893255
0.628766781949
0.611539459008
0.0218412861925
0.522626779976
0.747682669847
0.276742222171
0.152797237268
0.0032323195637
0.0032323195637
0.0
0.0
0.584194114485
0.0504119502537
0.0
0.559175716058
0.637302303177
0.637302303177
0.637302303177
0.637302303177
0.637302303177
0.025370149782
0.440336003927
0.693950570622
0.0032323195637
0.540059870702
0.781777518783
0.208098773395
0.273723852539
0.315128015917
0.0054885929389
0.321476991214
0.203725086999
0.225436832156
0.65572391145
0.679147299148
0.505957428925
0.438045525104
0.693816568207
0.0032323195637
0.287535156757
0.0032323195637
0.0032323195637
0.0032323195637
0.0032323195637
0.0032323195637
0.0032323195637
0.0032323195637
0.0032323195637
0.0032323195637
0.462564584808
0.767380207869
0.388951081349
0.895465580521
0.466657631293
0.971897026133
0.875476937068
0.291338533462
0.124554181237
0.796076775312
0.292942221017
0.808661418584
0.273732385689
0.2052801252
0.446895975813
0.468551962395
0.0551159147488
0.355453229768
0.385771666603
0.579290205981
0.0032323195637
0.235940817121
0.440280325466
0.449883849562
0.807143435475
0.680268928784
0.315626334134
0.495928164155
0.212887229126
0.0
0.438873374013
0.234998163339
0.478155869085
0.0754719939475
0.0558335957728
0.133003556327
0.0
0.0
0.634957550084
0.160174854601
0.105462223135
0.706324138161
0.843630214169
0.205550180535
0.00705293528907
0.00705293528907
0.00705293528907
0.00705293528907
0.00705293528907
0.288479293529
0.891192975216
1.13338208076
0.666593729384
0.288864183919
0.786762769426
0.318683731791
0.248277814393
0.579698308533
0.0773808599242
0.310626593022
0.0130348432053
0.0545755386385
0.430830974892
0.244199831162
0.133510709457
0.180439701651
1.01201123854
0.603063272586
0.60226466018
0.58988803596
0.125003430313
0.271850824596
0.00648210287399
0.735032381877
0.831116521941
0.709096570552
0.310803783049
0.556693042248
0.900423435245
0.127971699805
0.727259433739
0.845416713367
0.919625309267
0.928949602916
0.459498028206
0.377148424123
1.00087974691
0.732834740254
0.972876434995
0.432444771874
0.730655497217
0.366479001301
0.78390410019
0.016732671227
0.759194139859
0.476037849791
0.552878026049
0.418591673625
0.557683943919
0.676676572711
0.796249787593
0.938791819504
0.0775868776552
0.823808910869
0.0196598200258
0.552504096615
0.0141617489475
0.0141617489475
0.0141617489475
0.499396902816
0.80482756149
0.599773546596
0.303226389165
0.343122907132
0.238035962304
0.541479591823
0.0
0.196724685954
0.658302159736
1.01161550731
0.434880175683
0.669460617245
0.596431259429
0.492503094336
0.0
0.460804138443
0.779165243918
0.352949409278
0.598871658254
0.865872460551
0.512764744628
0.533391545404
0.0657205212042
0.0940383510351
0.754418026986
0.0
0.474675329774
0.0
0.535757408228
0.0
0.69534507498
1.56208559256
0.355422843607
0.0
0.0828293533361
0.752733860957
0.544863404443
0.586006918037
0.294331114041
0.474649411885
0.0427237930736
0.548030394794
0.523321085892
0.269758001135
0.563309482215
0.535434438311
0.44509779079
0.685310733058
0.252491116403
0.350079108076
0.362696083543
0.367616809492
0.36161545726
0.36161545726
0.36161545726
0.355677155598
0.349800482283
0.196724685954
0.170404983745
0.153489473563
0.117109684214
0.0828293533361
0.0469161052257
0.0297363659845
0.0297363659845
