0.0318791208714
0.0832233611301
0.0577883684646
0.0772579012409
0.00110216658853
0.012828432293
0.00694004308715
0.00772204204674
0.0275682169807
0.00137679778938
0.0
0.0072250286763
0.0314104223918
0.0
0.0
0.0897215729581
0.00290191472721
0.0
0.0
0.0
0.0
0.0
0.0
0.0
0.0278059945549
0.0
0.00346428413072
0.0
0.530815145047
0.0777559232844
0.0
0.427853362333
0.0679077921714
0.0
0.0
0.0
0.0
0.00068693350541
0.00934908503056
0.0
0.00346428487865
0.0
0.0
0.0
0.0129402407753
0.0116558749351
0.0
0.0327394557553
0.00346428488248
0.0
0.0
0.00068693350541
0.0
0.0
0.0
0.00836590241088
0.0
0.0
0.0
0.0837969719183
0.00629027164992
0.00068693350541
0.0953160118054
0.243700286524
0.0
0.0333887597138
0.130815001213
0.310726966431
0.0494429625919
0.0370841999429
0.000901200364808
0.0
0.0306193138338
0.0
0.00137680334111
0.0251710053414
0.00137680334111
0.000686933505118
0.00137680334111
0.00068693350541
