1.14346845966
0.715512809784
0.664953461504
0.195556497255
0.00532309648042
0.220625973182
0.0182795274122
0.0151715817483
0.0103525416635
0.00532308507745
0.0
0.0116579694181
0.0211456627894
0.0
0.0
0.116945254726
0.0266974982138
0.0
0.0
0.0
0.0
0.0
0.0
0.0
0.00469362279313
0.0
0.0301615244746
0.0
0.0318791208395
0.0229516253482
0.0
0.0234408684685
0.135856644425
0.0
0.0
0.0
0.0
0.00652794975162
0.0185130610855
0.0
0.0134110313069
0.0
0.0
0.0
0.00652794975162
0.0825625007846
0.0
0.0424322192668
0.0975491955994
0.0
0.0
0.00652794975162
0.0
0.0
0.0
0.0514515127916
0.0
0.0
0.0
0.0169624721578
0.00413794749586
0.00265475777829
0.0781348876971
0.133892680373
0.0
0.0396476497417
0.109738068096
0.138485196315
0.0426558898148
0.00454313096286
0.0733698765742
0.0
0.104320967607
0.0
0.00532309647996
0.0463177104792
0.00532309648042
0.00265475777699
0.00915953164366
0.00265475777829
