0.00269151458838
2.31758862501e-05
2.31758862501e-05
0.00269151458838
0.000308798964307
0.0
0.0
0.000284449608666
0.000583650394282
0.0
0.0
0.00327295919654
0.000713045721953
2.31758862501e-05
0.00280321098212
0.0
0.0
0.0
0.000482183350254
0.0
0.00808158571168
0.00177304228824
0.000457092922666
2.31758862501e-05
0.0
0.00014047236572
0.00352299708954
0.00299431457917
0.000558115885457
6.98087704289e-05
0.000432111112329
2.31758862501e-05
6.98087704289e-05
2.31758862501e-05
2.31758862501e-05
2.31758862501e-05
2.31758862501e-05
2.31758862501e-05
2.31758862501e-05
2.31758862501e-05
2.31758862501e-05
2.31758862501e-05
2.31758862501e-05
2.31758862501e-05
2.31758862501e-05
2.31758862501e-05
2.31758862501e-05
0.00095353012155
0.00360880992355
0.0
2.31758862501e-05
0.0
0.0
0.0
4.64452241597e-05
6.98087704289e-05
0.000308798964307
0.000188066766154
0.00272850702226
4.64452241597e-05
2.31758862501e-05
0.000482183350254
0.000116821561136
0.0
0.00572608241907
0.000236056967696
0.00464799989992
0.0003332514958
0.0
0.000382469610001
0.014710603753
0.000116821561136
0.000188066766154
0.000260202561845
0.0
0.000164220499267
6.98087704289e-05
0.000899216395311
6.98087704289e-05
0.00827237702563
0.000609298390558
0.000457092922666
2.31758862501e-05
0.000236056967696
2.31758862501e-05
0.0
0.0
0.00287889470093
6.98087704289e-05
2.31758862501e-05
0.0
2.31758862501e-05
4.64452241597e-05
0.0
0.00143708113479
0.0376223603223
0.000818692429707
6.98087704289e-05
9.32672909856e-05
0.00149672810517
0.000899216395311
6.98087704289e-05
6.98087704289e-05
0.0
0.000116821561136
9.32672909856e-05
6.98087704289e-05
0.0
0.00014047236572
4.64452241597e-05
9.32672909856e-05
0.0
9.32672909856e-05
0.0
0.00560263738731
4.64452241597e-05
0.0
0.00014047236572
4.64452241597e-05
0.000212011980773
0.000116821561136
2.31758862501e-05
0.00945203101416
0.000792098878607
0.0
0.0376223603223
0.00660008638229
2.31758862501e-05
4.64452241597e-05
0.00524739720044
0.000357808081245
0.0032323195637
4.64452241597e-05
0.000308798964307
0.000872250034724
0.00888579622237
0.0
0.0376223603223
0.000116821561136
0.0376223603223
0.000308798964307
0.000212011980773
0.000818692429707
0.0
2.31758862501e-05
0.0110924624169
6.98087704289e-05
0.0
0.0
0.0
2.31758862501e-05
4.64452241597e-05
0.0
0.00420003937346
4.64452241597e-05
0.00143708113479
2.31758862501e-05
0.000507383343722
0.000558115885457
0.0
6.98087704289e-05
6.98087704289e-05
0.0
0.0
0.0024038139495
