0.0275548213377
0.000236056967696
0.000236056967696
0.0302475971231
0.00314673938251
0.0
0.0
0.00289849512699
0.0495451620428
0.0
0.0
0.0750123832958
0.0452194551199
0.0376223603223
0.0631760760185
0.0
0.0
0.0
0.00491501391078
0.0
0.0359485147827
0.0365741252628
0.0046590611115
0.000236056967696
0.0
0.0014310489466
0.0123122991367
0.0102048572916
0.00568975617957
0.000711088027797
0.00440423871842
0.0220218222027
0.0224484606218
0.0220218222027
0.0220218222027
0.0220218222027
0.0220218222027
0.0220218222027
0.0220218222027
0.0220218222027
0.0220218222027
0.0220218222027
0.0220218222027
0.0220218222027
0.0220218222027
0.0220218222027
0.0220218222027
0.118328172419
0.096558580864
0.0
0.000236056967696
0.0
0.0
0.0
0.000473083643291
0.000711088027797
0.00314673938251
0.00191606267449
0.0279358706938
0.000473083643291
0.000236056967696
0.0500852135845
0.00119006242649
0.0
0.0294857485829
0.294110662852
0.0803125249956
0.0404603007405
0.0
0.00389794551146
0.0078080830869
0.00119006242649
0.00191606267449
0.00265131434511
0.0
0.00167304619088
0.000711088027797
0.00917265156727
0.000711088027797
0.0429581165867
0.00621209142951
0.0046590611115
0.000236056967696
0.00240518796256
0.000236056967696
0.0
0.0
0.0162555282869
0.000711088027797
0.000236056967696
0.0
0.000236056967696
0.000473083643291
0.0
0.0268057424177
0.000236056967696
0.00835004392554
0.000711088027797
0.000950078221675
0.0307978603223
0.00917265156727
0.000711088027797
0.000711088027797
0.0
0.00119006242649
0.000950078221675
0.000711088027797
0.0
0.0014310489466
0.000473083643291
0.000950078221675
0.0
0.000950078221675
0.0
0.0259609649395
0.000473083643291
0.0
0.0014310489466
0.0378352414037
0.0393503562306
0.038479171253
0.0376223603223
0.0637736261498
0.00807842716582
0.0
0.00629563393406
0.0238766758092
0.000236056967696
0.000473083643291
0.0337254241112
0.0321097714301
0.0344371168811
0.000473083643291
0.0152199324566
0.0252484711512
0.0304717088936
0.0
0.000236056967696
0.0251726444827
0.000236056967696
0.0267312946909
0.00216010702066
0.0188100567163
0.0
0.000236056967696
0.0306298264702
0.000711088027797
0.0
0.0
0.0
0.000236056967696
0.000473083643291
0.0
0.0424317716825
0.000473083643291
0.00690962352383
0.000236056967696
0.00517210719174
0.00568975617957
0.0
0.000711088027797
0.000711088027797
0.0
0.0
0.0245937827457
