0.00811613862054
6.98087704289e-05
6.98087704289e-05
0.00811613862054
0.000930237430943
0.0
0.0
0.0937779098478
0.00175838856201
0.0
0.0
0.0632360217542
0.0937779098478
6.98087704289e-05
0.00845341334071
0.0
0.0
0.0
0.00145263944775
0.0
0.021090253123
0.0301732295439
0.00137703850623
6.98087704289e-05
0.0
0.0937779098478
0.0937779098478
0.00903056404691
0.0372946535219
0.0937779098478
0.00130176627484
6.98087704289e-05
0.000210276512141
6.98087704289e-05
6.98087704289e-05
6.98087704289e-05
6.98087704289e-05
6.98087704289e-05
6.98087704289e-05
6.98087704289e-05
6.98087704289e-05
6.98087704289e-05
6.98087704289e-05
6.98087704289e-05
6.98087704289e-05
6.98087704289e-05
6.98087704289e-05
0.0346978374841
0.0108873065767
0.0
6.98087704289e-05
0.0
0.0
0.0
0.000139900175164
0.000210276512141
0.000930237430943
0.000566514604214
0.00822783501429
0.000139900175164
6.98087704289e-05
0.00145263944775
0.000351893315714
0.0
0.00868196987817
0.000711088027797
0.0807974598564
0.00100390807664
0.0
0.0011521965948
0.00230679751503
0.000351893315714
0.000566514604214
0.000783830024408
0.0
0.000494678135784
0.000210276512141
0.0607192598218
0.000210276512141
0.0156731418836
0.00183567707999
0.00137703850623
6.98087704289e-05
0.000711088027797
6.98087704289e-05
0.0
0.0
0.00868196987817
0.000210276512141
6.98087704289e-05
0.0
6.98087704289e-05
0.000139900175164
0.0
0.00433101568558
6.98087704289e-05
0.002466730454
0.000210276512141
0.000280940107433
0.027249561444
0.0504622241545
0.000210276512141
0.000210276512141
0.0
0.000351893315714
0.000280940107433
0.000210276512141
0.0
0.000423138520732
0.000139900175164
0.000280940107433
0.0
0.000280940107433
0.0
0.00845341334071
0.000139900175164
0.0
0.000423138520732
0.000139900175164
0.000638650399905
0.000351893315714
6.98087704289e-05
0.0286497303243
0.00238657929788
0.0
0.000856878958363
0.00703710751322
6.98087704289e-05
0.000139900175164
0.0158462797179
0.00107789356371
0.00974954470837
0.000139900175164
0.000930237430943
0.0415957233006
0.0423840074902
0.0
6.98087704289e-05
0.000351893315714
6.98087704289e-05
0.000930237430943
0.000638650399905
0.002466730454
0.0
6.98087704289e-05
0.0336933081534
0.000210276512141
0.0
0.0
0.0
6.98087704289e-05
0.000139900175164
0.0
0.0126751723143
0.000139900175164
0.00433101568558
6.98087704289e-05
0.00152857198295
0.00168144355989
0.0
0.000210276512141
0.000210276512141
0.0
0.0
0.00724760032342
