0.00852398771042
0.000284449608666
0.0195050602704
0.0332432158976
0.0223804753818
0.0
0.0
0.316780923932
0.00717173232898
0.0
0.0
0.0927102276986
0.176263081211
0.000284449608666
0.00899155577079
0.0
0.0
0.0
0.0886218579395
0.0
0.0504361177377
0.0457997223051
0.00561512393512
0.000284449608666
0.0
0.094424512294
0.0954406473218
0.00985688211941
0.0419996553968
0.0937779098478
0.00251340870115
0.000284449608666
0.000856878958363
0.000284449608666
0.000284449608666
0.000284449608666
0.000284449608666
0.000284449608666
0.000284449608666
0.000284449608666
0.000284449608666
0.000284449608666
0.000284449608666
0.000284449608666
0.000284449608666
0.000284449608666
0.000284449608666
0.0611233851479
0.0237909871361
0.0
0.000284449608666
0.0
0.0
0.0
0.000570072686723
0.000856878958363
0.00379224613271
0.00230900717994
0.0337035902537
0.000570072686723
0.000284449608666
0.00592365832958
0.0014340805882
0.0
0.0185539970024
0.00289849512699
0.0864229497254
0.0796780047125
0.0
0.0706705631506
0.101020506145
0.0014340805882
0.00230900717994
0.00319513202348
0.0
0.1138640326
0.000856878958363
0.0683175151934
0.000856878958363
0.0923144828362
0.00748729833001
0.00561512393512
0.000284449608666
0.00289849512699
0.000284449608666
0.0
0.0
0.0355763353084
0.000856878958363
0.000284449608666
0.0
0.000284449608666
0.000570072686723
0.0
0.0176924108921
0.000284449608666
0.0100649858256
0.000856878958363
0.00114487826918
0.0403346424675
0.0580604795261
0.000856878958363
0.000856878958363
0.0
0.0014340805882
0.00114487826918
0.000856878958363
0.0
0.00172449600993
0.000570072686723
0.00114487826918
0.0
0.00114487826918
0.0
0.0188866465752
0.000570072686723
0.0
0.00172449600993
0.000570072686723
0.00260312376404
0.0014340805882
0.000284449608666
0.0290751281434
0.00973747718642
0.0
0.00349304534709
0.0076873536123
0.000284449608666
0.000570072686723
0.0460817571708
0.0122450043249
0.0108715779821
0.000570072686723
0.00379224613271
0.100946854457
0.152353783199
0.0
0.000284449608666
0.0014340805882
0.000284449608666
0.0487423676258
0.00260312376404
0.0883497115787
0.0
0.000284449608666
0.0825047842125
0.000856878958363
0.0
0.0
0.0
0.000284449608666
0.000570072686723
0.0
0.0168538712795
0.000570072686723
0.0176924108921
0.000284449608666
0.0119660852583
0.00685759817971
0.0
0.000856878958363
0.000856878958363
0.0
0.0
0.0296664723186
