0.0566331889517
0.000482183350254
0.000482183350254
0.0566331889517
0.00643130759952
0.0
0.0
0.0886218579395
0.00644923258555
0.0
0.0
0.0852001483591
0.0347353089987
0.000482183350254
0.0590167348106
0.0
0.0
0.0
0.499718446573
0.0
0.122820336016
0.122348230743
0.00952503879369
0.000482183350254
0.0
0.0029238064955
0.0744568338923
0.0631022633962
0.0116346121426
0.00145263944775
0.0576699984688
0.000482183350254
0.00145263944775
0.000482183350254
0.000482183350254
0.000482183350254
0.000482183350254
0.000482183350254
0.000482183350254
0.000482183350254
0.000482183350254
0.000482183350254
0.000482183350254
0.000482183350254
0.000482183350254
0.000482183350254
0.000482183350254
0.0366958576701
0.0534821419459
0.0
0.000482183350254
0.0
0.0
0.0
0.000966390807726
0.00145263944775
0.00643130759952
0.0237661431069
0.0574222388634
0.000966390807726
0.000482183350254
0.0530361308511
0.00243132966608
0.0
0.114209269296
0.00491501391078
0.0989092325404
0.0706054316839
0.0
0.189666245245
0.132489337565
0.00243132966608
0.00391511343035
0.00751319290059
0.0
0.103383087063
0.00145263944775
0.0187700629711
0.00145263944775
0.150323672584
0.0127040472924
0.00952503879369
0.000482183350254
0.00491501391078
0.000482183350254
0.0
0.0
0.0825196245368
0.00145263944775
0.000482183350254
0.0
0.000482183350254
0.000966390807726
0.0
0.0959865311894
0.000482183350254
0.188372986082
0.00145263944775
0.00194094656278
0.0157166365236
0.150822110964
0.00145263944775
0.00145263944775
0.0
0.00243132966608
0.0216111288172
0.00145263944775
0.0
0.0029238064955
0.000966390807726
0.00194094656278
0.0
0.00194094656278
0.0
0.0326008023506
0.000966390807726
0.0
0.0029238064955
0.000966390807726
0.0044139801696
0.00243132966608
0.000482183350254
0.0152287114891
0.0153747370641
0.0
0.00726902910042
0.0741874120033
0.000482183350254
0.000966390807726
0.0716455374681
0.0138728924582
0.0497209382385
0.000966390807726
0.00580640156672
0.0529805909995
0.0741785140793
0.0
0.000482183350254
0.0224365928628
0.000482183350254
0.0497257115199
0.0044139801696
0.0946135033027
0.0
0.000482183350254
0.166568839371
0.00145263944775
0.0
0.0
0.0
0.000482183350254
0.000966390807726
0.0
0.104159108294
0.000966390807726
0.0300635713512
0.0202282981399
0.0148706853201
0.0116346121426
0.0
0.00145263944775
0.00145263944775
0.0
0.0
0.0505080485997
