0.0332432158976
0.000284449608666
0.000284449608666
0.0332432158976
0.00379224613271
0.0
0.0
0.00349304534709
0.0249022926079
0.0
0.0
0.0418192009702
0.0327643825226
0.000284449608666
0.0346336288035
0.0
0.0
0.0
0.00726902910042
0.0
0.0202866363734
0.06557692127
0.0638264561155
0.000284449608666
0.0
0.00172449600993
0.0436193583046
0.0308815815807
0.00685759817971
0.000856878958363
0.0709716663074
0.000284449608666
0.000856878958363
0.000284449608666
0.000284449608666
0.000284449608666
0.000284449608666
0.000284449608666
0.000284449608666
0.000284449608666
0.000284449608666
0.000284449608666
0.000284449608666
0.000284449608666
0.000284449608666
0.000284449608666
0.000284449608666
0.00376481221702
0.040230595668
0.0
0.000284449608666
0.0
0.0
0.0
0.000570072686723
0.000856878958363
0.00379224613271
0.00230900717994
0.0337035902537
0.000570072686723
0.000284449608666
0.00237596438398
0.0014340805882
0.0
0.0255424981018
0.00629563393406
0.057765244821
0.00409274555896
0.0
0.00974098220977
0.0189195966628
0.0162354094027
0.00396291234524
0.105051942355
0.0
0.00452224611426
0.000856878958363
0.011056911697
0.000856878958363
0.0505658034003
0.00748729833001
0.00561512393512
0.000284449608666
0.0336422868433
0.000284449608666
0.0
0.0
0.0355763353084
0.000856878958363
0.000284449608666
0.0
0.000284449608666
0.000570072686723
0.0
0.0294387452219
0.0376223603223
0.015847529388
0.000856878958363
0.00114487826918
0.0175877642926
0.0105976745924
0.000856878958363
0.000856878958363
0.0
0.0014340805882
0.00114487826918
0.000856878958363
0.0
0.00172449600993
0.000570072686723
0.00114487826918
0.0
0.00114487826918
0.0
0.0354536179853
0.000570072686723
0.0
0.00172449600993
0.000570072686723
0.0154363059187
0.0014340805882
0.000284449608666
0.0554093770359
0.00973747718642
0.0
0.327800473941
0.0217545418987
0.000284449608666
0.000570072686723
0.044682896533
0.115037926275
0.0399850221613
0.000570072686723
0.00379224613271
0.00506500223082
0.027325252958
0.0
0.0376223603223
0.0014340805882
0.0376223603223
0.0147136560088
0.00260312376404
0.00314936253994
0.0
0.0296223603223
0.0891837056158
0.000856878958363
0.0
0.0
0.0
0.000284449608666
0.000570072686723
0.0
0.0521163327548
0.000570072686723
0.0287807444246
0.000284449608666
0.00623357385793
0.00685759817971
0.0
0.000856878958363
0.000856878958363
0.0
0.0
0.0296664723186
