0.115891929389
0.000558115885457
0.000558115885457
0.114405869962
0.00744539860577
0.0
0.0
0.0419996553968
0.014089240933
0.0
0.0
0.150269669013
0.0514187856219
0.000558115885457
0.111711730479
0.0
0.0
0.0
0.0116346121426
0.0
0.0965923191744
0.038672383683
0.0110279894269
0.000558115885457
0.0
0.0388427655717
0.153422073786
0.105094387395
0.659781046278
0.0372946535219
0.0104241291432
0.000558115885457
0.0417723154369
0.000558115885457
0.000558115885457
0.000558115885457
0.000558115885457
0.000558115885457
0.000558115885457
0.000558115885457
0.000558115885457
0.000558115885457
0.000558115885457
0.000558115885457
0.000558115885457
0.000558115885457
0.000558115885457
0.0234987268456
0.119237530961
0.0
0.000558115885457
0.0
0.0
0.0
0.00111859039349
0.00168144355989
0.127752385668
0.00453210873076
0.120537562207
0.00111859039349
0.000558115885457
0.0116346121426
0.00281436729831
0.0
0.0703315938266
0.00568975617957
0.115156349141
0.00803581603677
0.0
0.00922459594073
0.0184973117776
0.00281436729831
0.00453210873076
0.00627239164158
0.0
0.00395705259882
0.00168144355989
0.160405341672
0.00168144355989
0.128923435102
0.0774429298835
0.0644703973219
0.000558115885457
0.00568975617957
0.000558115885457
0.0
0.0
0.111863597497
0.00168144355989
0.000558115885457
0.0
0.000558115885457
0.00111859039349
0.0
0.0348307647123
0.000558115885457
0.0197841539773
0.00168144355989
0.00224669567704
0.0306081981717
0.0325497683312
0.00168144355989
0.00168144355989
0.0
0.00281436729831
0.0218399329294
0.00168144355989
0.0
0.00338447924258
0.00111859039349
0.00224669567704
0.0
0.00224669567704
0.0
0.0684514019395
0.00111859039349
0.0
0.00338447924258
0.00111859039349
0.00510966928173
0.048349475952
0.000558115885457
0.0269659656831
0.0191391717212
0.0
0.00685759817971
0.05684059166
0.000558115885457
0.00111859039349
0.064701794678
0.00862887390043
0.0964070098664
0.00111859039349
0.00744539860577
0.026219343574
0.0695892327598
0.0
0.000558115885457
0.00281436729831
0.000558115885457
0.00744539860577
0.00510966928173
0.0197841539773
0.0
0.000558115885457
0.0832445199672
0.00168144355989
0.0
0.0
0.0
0.000558115885457
0.00111859039349
0.0
0.0754491466611
0.00111859039349
0.0348307647123
0.000558115885457
0.0122440227041
0.0134713107905
0.0
0.00168144355989
0.00168144355989
0.0
0.0
0.126264423182
