0.416361571236
0.00957226429921
0.00365219965691
0.37166330308
0.0192463259429
0.0
0.0
0.0825047842125
0.33282050018
0.0
0.0
0.388306987674
0.113538942844
0.00365219965691
0.393089525489
0.0
0.0
0.0
0.166568839371
0.0
0.319687792027
0.223870046074
0.0574569329577
0.00957226429921
0.0
0.0732499454833
0.475425602
0.35177161025
0.0832445199672
0.0336933081534
0.150828582835
0.00365219965691
0.0110184669446
0.00365219965691
0.00365219965691
0.00365219965691
0.00365219965691
0.00365219965691
0.00365219965691
0.00365219965691
0.00365219965691
0.00365219965691
0.00365219965691
0.00365219965691
0.00365219965691
0.00365219965691
0.00365219965691
0.255982929781
0.448567960094
0.0
0.00957226429921
0.0
0.0
0.0
0.0192441445343
0.0110184669446
0.049152914912
0.0701713257195
0.412107190141
0.0073249418773
0.00365219965691
0.0959440413312
0.0248783498555
0.0
0.259702468046
0.0306298264702
0.536528397327
0.0455945495754
0.0
0.07231472372
0.24921528587
0.0335320816698
0.0400636950049
0.103756034278
0.0
0.0806943045172
0.0423840074902
0.125960167335
0.0110184669446
0.686262272137
0.31958578498
0.0829128707436
0.0202282981399
0.0760150360342
0.00365219965691
0.0
0.0
0.430873137987
0.0058312109437
0.0110924624169
0.0
0.0138846428051
0.0234337312181
0.0
0.346076269412
0.0110924624169
0.21456886497
0.0333831409856
0.0670868789414
0.0946095391763
0.316321519924
0.0290182170573
0.0110184669446
0.0
0.0355998030697
0.0333216288277
0.0211631394583
0.0
0.0533947805691
0.0280085083145
0.01473301952
0.0
0.01473301952
0.0
0.358886452584
0.0132012880699
0.0
0.0242366699969
0.0073249418773
0.0249544899334
0.0184688487529
0.00365219965691
0.353483247121
0.14947994399
0.0
0.0891837056158
0.24874684834
0.0110924624169
0.0192441445343
0.453090522087
0.151859984928
0.486747432523
0.0206415508298
0.0878604060992
0.129066540058
0.28197483358
0.0
0.0110924624169
0.0541389616578
0.0110924624169
0.0997161403713
0.0769307774884
0.0739827095152
0.0
0.00957226429921
1.85689443077
0.0336933081534
0.0
0.0
0.0
0.00957226429921
0.0073249418773
0.0
0.70270276147
0.0234337312181
0.062897564381
0.0202282981399
0.0748739021936
0.0857203352228
0.0
0.0336933081534
0.0290182170573
0.0
0.0
0.391660136764
