0.000347525878831
0.000219142680385
0.0172776950136
0.00071870525537
0.294832819327
0.0
0.0
0.0223725291605
0.00703442876071
0.0
0.0
0.00609803491495
0.0313973033369
0.000308798964307
0.0159907690964
0.0
0.0
0.0
0.00643130748238
0.0
0.0059788627441
0.0369317030515
0.00571560614076
0.000308798964307
0.0
0.00187215751288
0.00256927758056
0.0139677265508
0.00733247463193
0.000927357127198
0.000714639557641
0.000308798964307
0.000930237430943
0.000308798964307
0.000308798936047
0.000308798964307
0.000308798964307
0.000308798964298
0.000308798964307
0.000308798964307
0.000308798964307
0.000308798964307
0.000308798964307
0.000308798964307
0.000308798964307
0.000308798964307
0.000308798964307
0.0190121488591
0.0536278270076
0.0
0.000308798964307
0.0
0.0
0.0
0.000618874573857
0.000930237430943
0.0041170949146
0.00631434306096
0.00999612631769
0.000618874573848
0.000307433687635
0.00643130759952
0.00155686796241
0.0
0.00156110594616
0.00314673938251
0.0113094046054
0.00416419282496
0.0
0.0051001696785
0.0102186548949
0.00155686796241
0.00250674092153
0.00284479796884
0.0
0.00218877807054
0.000930237091722
0.0120054440395
0.000930237430943
0.124449186764
0.0081291580808
0.00588115431689
0.000308798964307
0.00314673920312
0.000308798964298
0.0
0.0
0.0205498577783
0.000930237430943
0.000308798964307
0.0
0.000308798964307
0.000618874573857
0.0
0.00130089889002
0.000222384893326
0.0126196163125
0.000908065805198
0.00124208763217
0.00129704360786
0.0106142005094
0.000930237430934
0.000930237430943
0.0
0.0104273259931
0.00123627073799
0.000930237430943
0.0
0.0018721575136
0.000618874573857
0.00124289827051
0.0
0.00124289826882
0.0
0.00439145359328
0.000618874573857
0.0
0.00187214365347
0.000618874573857
0.00281693396657
0.00155024011176
0.000308798964307
0.0468230511171
0.0105633171651
0.0
0.00378561860018
0.00685282959034
0.000308798646185
0.0350126910588
0.0090110863144
0.00477104425433
0.000180807053101
0.000618874301962
0.0104496304167
0.0597034152886
0.0208297080606
0.0
0.00030878090913
0.00155682242043
0.000308798909835
0.0041170949146
0.0028260574991
0.0423999311894
0.0
0.000308798964307
0.0192462997587
0.000930237430943
0.0
0.0
0.0
0.000308798964307
