0.00539684572439
4.64452241597e-05
4.64452241597e-05
0.00539684572439
0.035013670635
0.0
0.0
0.000570072686723
0.00116977289859
0.0
0.0
0.00656367036883
0.00142914646691
4.64452241597e-05
0.00562096386395
0.0
0.0
0.0
0.000966390807726
0.0
0.0140047088025
0.0200055252277
0.00091610038667
4.64452241597e-05
0.0
0.000281516978737
0.00953467174208
0.00600444532664
0.00111859039349
0.000139900175164
0.000866028148745
4.64452241597e-05
0.000139900175164
4.64452241597e-05
4.64452241597e-05
4.64452241597e-05
4.64452241597e-05
4.64452241597e-05
4.64452241597e-05
4.64452241597e-05
4.64452241597e-05
4.64452241597e-05
4.64452241597e-05
4.64452241597e-05
4.64452241597e-05
4.64452241597e-05
4.64452241597e-05
0.00191123412826
0.0072378336942
0.0
4.64452241597e-05
0.0
0.0
0.0
9.30781083388e-05
0.000139900175164
0.000618874573857
0.000376902860677
0.0120047798896
9.30781083388e-05
4.64452241597e-05
0.000966390807726
0.000234118040607
0.0
0.00577283088214
0.000473083643291
0.00932481362735
0.000667883690796
0.0
0.000766530706627
0.00153455030949
0.000234118040607
0.000376902860677
0.000521476284261
0.0
0.000329111379171
0.000139900175164
0.00180234986852
0.000139900175164
0.0216978967289
0.00122118339189
0.00091610038667
4.64452241597e-05
0.000473083643291
4.64452241597e-05
0.0
0.0
0.00577283088214
0.000139900175164
4.64452241597e-05
0.0
4.64452241597e-05
9.30781083388e-05
0.0
0.0178573056643
4.64452241597e-05
0.015979314968
0.000139900175164
0.000186912965872
0.0180771781531
0.0332309743651
0.000139900175164
0.000139900175164
0.0
0.000234118040607
0.000186912965872
0.000139900175164
0.0
0.000281516978737
9.30781083388e-05
0.000186912965872
0.0
0.000186912965872
0.0
0.0112434913247
9.30781083388e-05
0.0
0.000281516978737
9.30781083388e-05
0.00042489306222
0.000234118040607
4.64452241597e-05
0.00258703604158
0.00158761542206
0.0
0.000570072686723
0.0132500466794
4.64452241597e-05
0.0672215447583
0.0105293272781
0.000717101804996
0.00648210287399
9.30781083388e-05
0.039710182524
0.00174829054379
0.00454151320422
0.0
4.64452241597e-05
0.000234118040607
4.64452241597e-05
0.000618874573857
0.00042489306222
0.00164092564343
0.0
4.64452241597e-05
0.0192441445343
0.000139900175164
0.0
0.0
0.0
4.64452241597e-05
9.30781083388e-05
0.0
0.00842499325198
9.30781083388e-05
0.00288073280457
4.64452241597e-05
0.00101690132166
0.00111859039349
0.0
0.000139900175164
0.000139900175164
0.0
0.0
0.00481963991473
