0.774708153424
0.00280321098212
0.00560263738731
0.737725950394
0.0159907690964
0.0
0.0
0.00899155577079
0.0716332563455
0.0
0.0
0.754255189899
0.0626907064331
0.0376223603223
0.992898644428
0.0
0.0
0.0
0.0590167348106
0.0
0.518023395384
0.183456040229
0.055908083733
0.00280321098212
0.0
0.017040526585
0.574032528995
0.777312084637
0.111711730479
0.00845341334071
0.0333527063796
0.00280321098212
0.0140002570827
0.00280321098212
0.00280321098212
0.00280321098212
0.00280321098212
0.00280321098212
0.00280321098212
0.00280321098212
0.00280321098212
0.00280321098212
0.00280321098212
0.00280321098212
0.00280321098212
0.00280321098212
0.00280321098212
0.118270411864
0.611656441604
0.0
0.00280321098212
0.0
0.0
0.0
0.00562096386395
0.0140002570827
0.0759876110555
0.0123913277497
0.649863872725
0.0112434913247
0.00280321098212
0.0590167348106
0.014163033567
0.0
0.257917155224
0.0631760760185
0.555912135192
0.0749356997494
0.0
0.0466878982055
0.0944474480103
0.014163033567
0.0228417042982
0.0316615118017
0.0
0.019933360853
0.00845341334071
0.0972174376266
0.0169231285196
0.586393989834
0.0608191171771
0.0721364301182
0.00280321098212
0.0287056046406
0.00560263738731
0.0
0.0
0.56126771372
0.00845341334071
0.00280321098212
0.0
0.00280321098212
0.00562096386395
0.0
0.180951352421
0.00280321098212
0.101147112673
0.00845341334071
0.0113007166377
0.188833125592
0.111355554533
0.00845341334071
0.0169231285196
0.0
0.014163033567
0.00877137708034
0.0140002570827
0.0
0.017040526585
0.00562096386395
0.0226421292748
0.0
0.00575182707169
0.0
0.372154857396
0.00838267248318
0.0
0.0230874773735
0.0404023954182
0.0602759978543
0.0601712223061
0.0376223603223
0.036312325025
0.0977868651192
0.0
0.0346336288035
0.303657490161
0.00280321098212
0.00562096386395
0.457905250985
0.0436490822572
0.637405084573
0.00562096386395
0.0376221383914
0.0287191569754
0.340764982799
0.0
0.00280321098212
0.014163033567
0.00280321098212
0.0376221383914
0.025765727677
0.0248537255843
0.0
0.00280321098212
0.393089525489
0.00845341334071
0.0
0.0
0.0
0.00280321098212
0.0112434913247
0.0
0.553512297202
0.00562096386395
0.180951352421
0.00280321098212
0.0621433613839
0.0684514019395
0.0
0.00845341334071
0.00845341334071
0.0
0.0
0.74034361589
