0.0275548213377
0.0202282981399
0.000236056967696
0.0275548213377
0.00314673938251
0.0
0.0
0.00289849512699
0.0317344506077
0.0
0.0
0.143643936967
0.0210282392762
0.000236056967696
0.0287056046406
0.0
0.0
0.0
0.00491501391078
0.0
0.0461981481522
0.0260018990434
0.0046590611115
0.000236056967696
0.0
0.0014310489466
0.0361386086817
0.0326261098133
0.00568975617957
0.000711088027797
0.00440423871842
0.000236056967696
0.000711088027797
0.000236056967696
0.000236056967696
0.000236056967696
0.000236056967696
0.000236056967696
0.000236056967696
0.000236056967696
0.000236056967696
0.000236056967696
0.000236056967696
0.000236056967696
0.000236056967696
0.000236056967696
0.000236056967696
0.00972764547177
0.12623960959
0.0
0.000236056967696
0.0
0.0
0.0
0.0124411792213
0.000711088027797
0.00314673938251
0.00191606267449
0.0279358706938
0.000473083643291
0.000236056967696
0.0680619598696
0.00119006242649
0.0
0.0231609208023
0.00240518796256
0.0478238473205
0.00339605630366
0.0
0.00389794551146
0.0693984273758
0.0240406093552
0.111615309883
0.00265131434511
0.0
0.00167304619088
0.000711088027797
0.00917265156727
0.000711088027797
0.104546923802
0.00621209142951
0.0046590611115
0.000236056967696
0.279169312878
0.000236056967696
0.0
0.0
0.0294857485829
0.000711088027797
0.000236056967696
0.0
0.000236056967696
0.000473083643291
0.0
0.0929735772908
0.000236056967696
0.00835004392554
0.000711088027797
0.000950078221675
0.0190726291994
0.00917265156727
0.000711088027797
0.000711088027797
0.0
0.00119006242649
0.000950078221675
0.000711088027797
0.0
0.0014310489466
0.000473083643291
0.000950078221675
0.0
0.000950078221675
0.0
0.0370460458071
0.000473083643291
0.0
0.0014310489466
0.000473083643291
0.00216010702066
0.00119006242649
0.000236056967696
0.0131746233896
0.00807842716582
0.0
0.0336422868433
0.0683515672585
0.000236056967696
0.000473083643291
0.0703221355556
0.00364645520214
0.0331331639273
0.000473083643291
0.0221191057887
0.00889714382544
0.023168373512
0.0
0.000236056967696
0.00119006242649
0.000236056967696
0.00314673938251
0.00216010702066
0.00513105735046
0.0
0.000236056967696
0.0760150360342
0.000711088027797
0.0
0.0
0.0
0.0202282981399
0.000473083643291
0.0
0.0431601506965
0.000473083643291
0.0208721433707
0.000236056967696
0.00517210719174
0.00568975617957
0.0
0.000711088027797
0.000711088027797
0.0
0.0
0.0245937827457
