0.0937978654837
0.000792098878607
0.000792098878607
0.0937978654837
0.0105726350955
0.0
0.0
0.00973747718642
0.033995170416
0.0
0.0
0.114669463529
0.0244769636657
0.000792098878607
0.0977868651192
0.0
0.0
0.0
0.0153747370641
0.0
0.223769058661
0.284499548081
0.112325376255
0.000792098878607
0.0
0.00480445746482
0.123730690563
0.104633804026
0.0191391717212
0.00238657929788
0.0130133476223
0.000792098878607
0.00238657929788
0.000792098878607
0.000792098878607
0.000792098878607
0.000792098878607
0.000792098878607
0.000792098878607
0.000792098878607
0.000792098878607
0.000792098878607
0.000792098878607
0.000792098878607
0.000792098878607
0.000792098878607
0.000792098878607
0.0327852373444
0.134092609479
0.0
0.000792098878607
0.0
0.0
0.0
0.0122739832627
0.0179619704189
0.0105726350955
0.00643417461434
0.0951179388385
0.00158761542206
0.000792098878607
0.0360122202493
0.0241512757932
0.0
0.20646038609
0.00807842716582
0.166796661518
0.0114115939078
0.0
0.01310105399
0.0393531491383
0.0039949696665
0.0256815928613
0.00890608583645
0.0
0.00561751522065
0.00238657929788
0.0309063111619
0.00238657929788
0.467417252929
0.0209013141322
0.0156646371409
0.000792098878607
0.00807842716582
0.000792098878607
0.0
0.0
0.131876083779
0.00238657929788
0.000792098878607
0.0
0.000792098878607
0.00158761542206
0.0
0.0932655444351
0.000792098878607
0.0683324148235
0.0391635305202
0.0153722930494
0.270185103793
0.0480893240105
0.00238657929788
0.00238657929788
0.0
0.0039949696665
0.00318902056218
0.00238657929788
0.0
0.00933313250778
0.00158761542206
0.00318902056218
0.0
0.0237059616702
0.0
0.157606902391
0.00158761542206
0.0
0.00480445746482
0.0171897232133
0.0824677857224
0.0039949696665
0.000792098878607
0.0444799097442
0.764790879851
0.0
0.00973747718642
0.251150888805
0.000792098878607
0.00158761542206
0.149404863625
0.0122543884399
0.0863259248368
0.00158761542206
0.0205834298419
0.0299739844336
0.072339892286
0.0
0.000792098878607
0.0226008135415
0.000792098878607
0.0105726350955
0.0226669080692
0.0428336790579
0.0
0.000792098878607
0.14947994399
0.00238657929788
0.0
0.0
0.0
0.000792098878607
0.00158761542206
0.0
0.0809367654791
0.00158761542206
0.191366727186
0.000792098878607
0.274529084452
0.261081719826
0.0
0.00238657929788
0.00238657929788
0.0
0.0
0.083565147741
