0.0174877614515
6.98087704289e-05
6.98087704289e-05
0.0172974968029
0.000930237430943
0.0
0.0
0.000856878958363
0.00175838856201
0.0
0.0
0.0172974968029
0.00214832855988
6.98087704289e-05
0.0169231285196
0.0
0.0
0.0
0.00145263944775
0.0
0.0138748427956
0.0053442824467
0.00137703850623
6.98087704289e-05
0.0
0.000423138520732
0.0143470560853
0.0160211667151
0.00168144355989
0.000210276512141
0.00130176627484
6.98087704289e-05
0.000210276512141
6.98087704289e-05
6.98087704289e-05
6.98087704289e-05
6.98087704289e-05
6.98087704289e-05
6.98087704289e-05
6.98087704289e-05
6.98087704289e-05
6.98087704289e-05
6.98087704289e-05
6.98087704289e-05
6.98087704289e-05
6.98087704289e-05
6.98087704289e-05
0.00287314880645
0.0176801405844
0.0
6.98087704289e-05
0.0
0.0
0.0
0.000139900175164
0.000210276512141
0.000930237430943
0.000566514604214
0.0180714340499
0.000139900175164
6.98087704289e-05
0.00145263944775
0.000351893315714
0.0
0.00868196987817
0.000711088027797
0.0114180179619
0.00100390807664
0.0
0.0011521965948
0.00230679751503
0.000351893315714
0.000566514604214
0.000783830024408
0.0
0.000494678135784
0.000210276512141
0.00270943476591
0.000210276512141
0.0156731418836
0.00183567707999
0.00137703850623
6.98087704289e-05
0.000711088027797
6.98087704289e-05
0.0
0.0
0.0169231285196
0.000210276512141
6.98087704289e-05
0.0
6.98087704289e-05
0.000139900175164
0.0
0.00433101568558
6.98087704289e-05
0.002466730454
0.000210276512141
0.000280940107433
0.00451088941699
0.00270943476591
0.000210276512141
0.112797459856
0.0
0.000351893315714
0.000280940107433
0.000210276512141
0.0
0.000423138520732
0.000139900175164
0.000280940107433
0.0
0.000280940107433
0.0
0.00845341334071
0.000139900175164
0.0
0.000423138520732
0.000139900175164
0.000638650399905
0.000351893315714
6.98087704289e-05
0.00388934176827
0.00238657929788
0.0
0.000856878958363
0.00703710751322
6.98087704289e-05
0.000139900175164
0.0101205518296
0.00107789356371
0.0148325124234
0.000139900175164
0.000930237430943
0.00262815467908
0.0269165291513
0.0
6.98087704289e-05
0.000351893315714
6.98087704289e-05
0.000930237430943
0.000638650399905
0.002466730454
0.0
6.98087704289e-05
0.0110184669446
0.000210276512141
0.0
0.0
0.0
6.98087704289e-05
0.000139900175164
0.0
0.0118270089281
0.000139900175164
0.00433101568558
6.98087704289e-05
0.00152857198295
0.00168144355989
0.0
0.000210276512141
0.000210276512141
0.0
0.0
0.0188815990843
