0.0687309280214
0.000583650394282
0.000583650394282
0.0687309280214
0.00778649911562
0.0
0.0
0.00717173232898
0.531568705039
0.0
0.0
0.0838936580589
0.0203557766619
0.000583650394282
0.0716332563455
0.0
0.0
0.0
0.00644923258555
0.0
0.148075631781
0.0414182300188
0.0115335891798
0.000583650394282
0.0
0.00353940907908
0.0904577220804
0.080941771302
0.014089240933
0.00175838856201
0.0109019846538
0.000583650394282
0.00175838856201
0.000583650394282
0.000583650394282
0.000583650394282
0.000583650394282
0.000583650394282
0.000583650394282
0.000583650394282
0.000583650394282
0.000583650394282
0.000583650394282
0.000583650394282
0.000583650394282
0.000583650394282
0.000583650394282
0.247599138274
0.119416784276
0.0
0.000583650394282
0.0
0.0
0.0
0.0301828348303
0.00175838856201
0.00778649911562
0.0329597893715
0.116077056118
0.00116977289859
0.000583650394282
0.0507054196642
0.00294318491826
0.0
0.0456849576392
0.0495451620428
0.074172993052
0.00840400951077
0.0
0.00964735994823
0.0193466831528
0.0144204998287
0.00473962016243
0.0346206564838
0.0
0.00413821334457
0.0449906854705
0.0429649451236
0.00175838856201
0.269155976383
0.349214893054
0.0171804772944
0.000583650394282
0.0317344506077
0.000583650394282
0.0
0.0
0.110322080671
0.00175838856201
0.000583650394282
0.0
0.014710603753
0.015271078261
0.0
0.0302568671064
0.000583650394282
0.0299140469091
0.00175838856201
0.0307785920614
0.0503362501803
0.0299956358708
0.00175838856201
0.00175838856201
0.0
0.00294318491826
0.00839918354458
0.0158339314274
0.0
0.00353940907908
0.0297018972712
0.00234951870384
0.0
0.00234951870384
0.0
0.0590926429218
0.00116977289859
0.0
0.00953696711013
0.00116977289859
0.00534365227488
0.00294318491826
0.000583650394282
0.205602504054
0.033995170416
0.0
0.0249022926079
0.0789124471254
0.000583650394282
0.00116977289859
0.102771783265
0.00902428813652
0.0613493955132
0.00116977289859
0.0228366345266
0.0220522766111
0.0576952759207
0.0
0.000583650394282
0.0398786117351
0.000583650394282
0.00778649911562
0.00534365227488
0.0206928656479
0.0
0.000583650394282
0.33282050018
0.00175838856201
0.0
0.0
0.0
0.000583650394282
0.00116977289859
0.0
0.108378878566
0.015271078261
0.036435978096
0.000583650394282
0.0128055143364
0.014089240933
0.0
0.00175838856201
0.00175838856201
0.0
0.0
0.0612768039894
