0.0593871245317
0.000609298390558
0.000609298390558
0.0590664398335
0.0081291580808
0.0
0.0
0.00748729833001
0.349214893054
0.0
0.0
0.0715101455271
0.0188078678511
0.000609298390558
0.0608191171771
0.0
0.0
0.0
0.0127040472924
0.0
0.151643249327
0.0470331724696
0.0120415326973
0.000609298390558
0.0
0.003695035316
0.0719220762148
0.0633853175057
0.0774429298835
0.00183567707999
0.0113820498978
0.000609298390558
0.00183567707999
0.000609298390558
0.000609298390558
0.000609298390558
0.000609298390558
0.000609298390558
0.000609298390558
0.000609298390558
0.000609298390558
0.000609298390558
0.000609298390558
0.000609298390558
0.000609298390558
0.000609298390558
0.000609298390558
0.235114641324
0.0793857036058
0.0
0.000609298390558
0.0
0.0
0.0
0.00122118339189
0.00183567707999
0.0081291580808
0.0344004629917
0.110956169727
0.00122118339189
0.000609298390558
0.0127040472924
0.00307258024593
0.0
0.0621781686895
0.00621209142951
0.0848470243041
0.00877388923804
0.0
0.0100720694563
0.0202001138933
0.00307258024593
0.00494806864675
0.0361407459025
0.0
0.00432019026741
0.0469762954891
0.115653607805
0.00183567707999
0.231511998043
0.554540674645
0.0182851722089
0.000609298390558
0.00621209142951
0.000609298390558
0.0
0.0
0.0624359870074
0.00183567707999
0.000609298390558
0.0
0.0153352334235
0.0159213559278
0.0
0.0380494044157
0.000609298390558
0.0216059433588
0.00183567707999
0.032115049938
0.0396416879031
0.023871029314
0.00183567707999
0.00183567707999
0.0
0.00307258024593
0.0294956853427
0.0165099715912
0.0
0.003695035316
0.0309869446545
0.00245280181497
0.0
0.00245280181497
0.0
0.0600854055382
0.00122118339189
0.0
0.0102909921083
0.00122118339189
0.00557869431031
0.023415057046
0.000609298390558
0.18760553051
0.0209013141322
0.0
0.00748729833001
0.048924038091
0.000609298390558
0.00122118339189
0.0741441038946
0.0094215176352
0.0664862379812
0.00122118339189
0.0081291580808
0.0230256242513
0.0503267338897
0.0
0.000609298390558
0.00307258024593
0.000609298390558
0.0081291580808
0.00557869431031
0.0216059433588
0.0
0.000609298390558
0.31958578498
0.00183567707999
0.0
0.0
0.0
0.000609298390558
0.00122118339189
0.0
0.0823494686881
0.0159213559278
0.0280644137156
0.000609298390558
0.0133696217187
0.0147100641701
0.0
0.00183567707999
0.00183567707999
0.0
0.0
0.0556125195304
