0.0370304498786
0.00396929241381
0.0486146957982
0.0382909903147
0.106996510728
0.191784668928
0.184060698776
0.0777911279904
0.260557371044
0.0560285817419
0.0811978294494
0.0630761352552
0.0
0.00270361944158
0.0831200229052
0.0618812895427
0.000256931726602
0.00910566871112
0.00680549410748
0.0579611073815
0.0
0.0
0.0332815614769
0.013833751414
0.00910566871112
0.0282328198347
0.00134875095085
0.00134875095085
0.0181732981551
0.0
0.0357099691516
0.0139811636422
0.0209118626731
0.0941811439502
0.0578432729033
0.0166014863542
0.0777323984721
0.0751380610444
0.00939639374308
0.109862940035
0.0
0.0
0.021720571656
0.0187030416346
0.00365624971906
0.00134875095085
0.0
0.0196086726233
0.0
0.0138531473981
0.0
0.00937628236996
0.00134875095085
0.0
0.00701531883665
0.0
0.0
0.0393174123907
0.0100710608187
0.0384377853926
0.0209128281627
0.0277245534462
0.116825738055
0.0474292190043
0.00134875095085
0.0412194616577
0.0510484999394
0.0299585685217
0.179008886155
0.0617034764493
0.0
0.00910778031872
0.0179510843173
0.0650791498711
0.00134875095085
0.0
0.00543193384244
0.0504506842047
0.0
0.0196212272504
0.0
0.0657086271233
0.0
0.0183013213399
0.00376284292854
0.0129133428368
0.0252463838419
0.0142260826428
0.177576076906
0.0
0.00134875095085
0.000743292919882
0.0
0.00642837155366
0.00910566871112
0.00134875095085
0.0983588479365
0.00406466147807
0.00134875095085
0.00776500225148
0.0349093649911
0.00134875095085
0.00910566871112
0.0
0.0
0.00543193384244
0.000506158293075
0.0
0.0553022198626
0.00134875095085
0.0
0.0
0.0369713501734
0.0490529200112
0.0899636835761
0.0379882329838
0.0532786104655
0.0
0.0
0.0946021830897
0.0383233720316
0.00575860658685
0.00176479210179
0.0562860880022
0.0208865035437
0.0
0.124746401314
0.0153471028938
0.0774125618236
0.00134875095085
0.0
0.0662838888543
0.0204239628869
0.0
0.0226721678878
0.00543193384244
0.0542072999512
0.0047747912488
0.116533497922
0.0204239628869
0.00134875095085
0.0133430356924
0.0
0.0
0.0633711280101
0.0183013213399
0.12741857125
0.0
0.00957171267353
0.101900501302
0.240037819244
0.0968831661626
0.0
0.0
0.0
0.0
0.0262792302398
0.018063148094
0.00134875095085
0.0144443352626
0.00154782874201
0.0524078910508
0.00543193384244
0.0
0.0163018094332
0.0215388199582
0.0102374204826
0.0238257210541
0.119260635061
0.00370609450089
0.0134975637572
0.00134875095085
0.00134875095085
0.0305090258669
0.0
0.031007604101
0.134695690721
0.00962188083142
0.0
0.0275891279297
0.2490908953
0.138598502485
0.00910566871112
0.0340545751103
0.00134875095085
0.0157943412575
0.0677619561983
0.0
0.00818540065151
0.0158876201187
0.0
0.0
0.0
0.0185131608854
0.069683525723
0.0
0.0
0.0
0.0530304213783
0.0104312437757
0.0
0.00134875095085
0.0378550208082
0.106196978271
0.0104312437757
0.0479148732171
0.00910566871112
0.0158876201187
0.0
0.0
0.0320817384518
0.0
0.0276278967196
0.0222606843835
0.0878314082619
0.0
0.00426034404116
0.0183013213399
0.0
0.0
0.0
0.0
0.0104312437757
0.0587444596486
0.00426034404116
0.00243124377572
0.00134875095085
0.0619781594664
0.0437612524032
0.0424421648083
0.0434736951943
0.0
7.00420538475e-07
1.17848924821e-05
0.00270361944158
0.00910566871112
0.0160062612426
0.0
0.00243124377572
0.0845693904247
0.0470407669522
0.115617719752
0.0204853348486
0.0310803760845
0.0223469620936
0.0104312437757
0.08675686217
0.0301528471961
0.0227088315216
0.0
0.0229907071552
0.0183013213399
0.0183013213399
0.0288680701101
0.115761497307
0.0301528471961
0.0233147248302
0.0478022886786
0.0973446381387
0.0627197203764
0.0336621758636
0.126755347288
0.0825545804574
0.0379276164253
0.554808216173
0.621101152609
0.696064359602
0.737642380186
0.737642380186
