0.327487495254
0.321388914619
0.360318071221
0.175832087318
0.754760584505
0.730567959421
0.808086053138
0.457189390645
1.00345212715
0.0165848728644
0.44561662895
0.274232929292
0.0
0.00547106925632
0.584853827315
0.690312189468
0.258096047234
0.00271830675751
0.0137845824219
0.444744924662
0.0
0.0
0.221710507078
0.41890160005
0.00918172099261
0.26477411801
0.00272850702226
0.00272850702226
0.531691054312
0.0
0.279276005545
0.751238261143
0.0221798484466
0.0267976461925
0.399005896345
0.25749490865
0.607232703294
0.822404854672
0.247628885673
0.231845612224
0.0
0.0
0.122510117838
0.355016739306
0.21672985208
0.00921882851504
0.0
0.413483357803
0.0
0.0146396946154
0.0
0.279818594083
0.00230153323165
0.0
0.28828575934
0.0
0.0
0.142394317071
0.561174764496
0.0870146152365
0.127526533452
0.0321360015431
0.0836696501844
0.0634086636737
0.00272850702226
0.0742187716975
0.310267613652
0.0589233943675
0.332873389721
0.820768895373
0.0
0.0512891037729
0.409590333608
0.570874786395
0.00253669848107
0.0
0.0109989545543
0.0615240668633
0.0
0.0378625305
0.0
0.0218993849524
0.0
0.00547106925632
0.0494508997251
0.563376043659
0.0271421036663
0.0106178283017
0.337362723153
0.0
0.00272850476823
0.00822783501429
0.0
0.254680125245
0.0376223603223
0.00921882851504
0.135066692087
0.00791964727961
0.00272850702226
0.0918634293985
0.046739635273
0.00272850702226
0.0172776950136
0.0
0.0
0.0109390008537
0.160047759742
0.0
0.40935797257
0.00272850700999
0.0
0.0
0.0362538524664
0.584221516269
0.0682110879675
0.242714652789
0.0544119602784
0.0
0.0
1.08428009105
0.691139478219
0.272232285361
0.092118724029
0.424228980931
0.76618451304
0.0
0.32955107178
1.66705019983
0.137042061769
0.00272831241525
0.0
0.895775449213
0.0533672736696
0.0
0.512023788698
0.0108486779332
0.0545238772395
0.0741245141055
0.257802776848
0.0567408007995
0.00921882851504
0.311391140938
0.0
0.0
0.279456942366
0.0119830261496
0.709417078282
0.0
0.0325641329115
0.433820589995
0.411943934294
0.362608737544
0.0
0.0
0.0
0.0
0.24884391257
0.743353120076
0.002728123645
0.013776840013
0.135029655081
0.240740932447
0.00837346932497
0.0
0.182148369501
0.429929825713
0.290688762452
0.519050556157
0.0313956259741
0.292991434063
0.377932144912
0.00921882851504
0.00921683306694
0.6587150998
0.0
0.51221735852
0.85107496771
0.347291689914
0.0
0.0279354613265
0.775151180212
0.0356717294718
0.00272850702226
0.334800226308
0.0027285069451
0.0442341189164
0.00811990016237
0.0
0.0130926930735
0.0176137384932
0.0
0.0
0.0
0.102135613355
0.591380782161
0.0
0.0
0.0
0.0369186419757
0.0113277060081
0.0
0.00921882851491
0.673570337315
0.423893939325
0.0115196687377
