0.558708589749
0.031857339027
0.688568228823
0.0822926378948
0.111688954275
0.396916548638
0.371206390205
0.406268909503
0.744981691906
0.954319388925
1.85567410332
0.0400029983853
0.568810568563
0.159324075639
0.666605005297
0.881243959737
1.01385163144
0.798386252167
0.608696606623
0.047203955557
0.00240381392503
0.00240381392022
0.00240381392449
0.0024038139495
0.0024038139495
0.00240381394945
0.0580753925928
0.0759144127998
0.0835997477572
0.0810995721342
0.120239180602
0.56733591987
0.317150089988
0.182378908077
1.13117279491
0.120137277335
0.322617000873
1.15773046816
0.0
0.0153342521686
0.0152169574584
0.700459354808
0.0588657862401
0.126764172964
0.031606551927
0.161317307178
0.805525770879
0.421490953444
0.322244396056
0.777389655375
0.00633104320267
0.0521253345973
0.0719480308942
1.03910953481
0.673496379525
0.814289964876
0.760763589517
0.500519282569
0.148732422114
0.513045122731
0.759677756174
0.295046875999
0.0556055403146
0.537191571096
0.377850832415
0.263554240718
