0.930480347014
0.0131791238894
0.807467192223
0.251139593774
0.039812305674
0.376917489218
0.410310776587
0.339674697123
1.16428169148
1.37502239043
1.15902145286
0.0158767801954
0.847081790459
0.154284692013
0.934745623103
0.975588789012
1.18611024306
1.16271863409
0.694286821956
0.122482258909
0.00424812976477
0.00424812961507
0.00424812976436
0.00424812976477
0.00424812976477
0.00424812976469
0.148209135881
0.0542137551746
0.127429153046
0.0950986958813
0.245859396045
1.03400201629
0.719111436531
0.181092518548
1.21114642645
0.0624337940504
0.530879202311
2.53702975478
0.0
0.021055522522
0.0209316386448
0.773657966685
0.0795303793313
0.263491255546
0.0334533623316
0.210382859414
1.18769053208
0.697177697339
0.685427948702
1.19269394135
0.0198695158425
0.0469435656321
0.0388760684562
1.33186431457
1.10880125438
1.15269899598
0.659159960701
0.535037202687
0.0756913018062
0.518042326019
1.084869679
0.249062327083
0.0353975275572
0.574855517968
0.682616638818
0.339188630094
