0.85158187647
0.0310179942948
0.638296644345
0.246464774429
0.0539282876102
0.346711507714
0.294280124369
0.26440822017
1.11128039668
1.89445100319
0.953927522499
0.0496136777893
0.780971458719
0.140548427577
0.700053272063
0.810533721726
0.983738543099
0.823657827038
0.506380740755
0.0333217812556
0.003272959169
0.00327295912193
0.00327295919597
0.00327295919654
0.00327295919654
0.00327295919647
0.0310101836623
0.0612123699321
0.0896178872511
0.0441090222328
0.119344339388
0.6639294055
0.644409564235
0.0757689570313
0.938428415412
0.0369335711554
0.387180505856
1.36365294292
0.0
0.0121282780595
0.0120172408748
0.419902361653
0.0167251914389
0.182293431613
0.0213615575983
0.140920572625
0.917243302763
0.707292015867
0.737688665908
0.863156496034
0.00931545412507
0.0547061196892
0.0219313466911
1.07850695222
0.892030854062
0.93736052189
0.57572463174
0.334301356785
0.0435904063214
0.213490205608
0.978367829266
0.0823934354036
0.0246345337995
0.454833631827
0.690622861867
0.285047602228
