0.12694905336
0.00184035382904
0.0760285942228
0.128396577026
0.00261088496375
0.137798076555
0.015805561977
0.00946957124703
0.130209874338
0.182308393383
0.126219312316
0.000866028148745
0.274198271555
0.0095855919655
0.195422361777
0.0372127805632
0.258333936624
0.111450325276
0.128142734218
0.00217788372058
0.000432111112329
0.000432111112329
0.000432111112329
0.000432111112329
0.000432111112329
0.000432111112317
0.00440423871842
0.00231877057401
0.0105800291129
0.00530795841624
0.0349928565308
0.191624916258
0.106297774771
0.0120488594198
0.102393681084
0.00485511525387
0.0674270319625
0.262929563342
0.0
0.000432111112329
0.000422934528833
0.0393873417704
0.0213421254754
0.462073281751
0.020094487993
0.0089528169805
0.160457209711
0.0851043788189
0.0904353862488
0.242726753994
0.0011794645758
0.0026200617455
0.00173934084813
0.254045259224
0.172525156221
0.138230707878
0.0313564142365
0.0514276812535
0.00576270596147
0.0529614570528
0.125741055274
0.0106092936546
0.00350831766551
0.11025647854
0.0619575510962
0.0513924363204
