0.422714228381
0.00581688283957
0.533870701408
0.128093116113
0.0534213159591
0.270409636895
0.228578811482
0.106339833281
0.451618473368
0.508336510626
0.612771922044
0.0105103239022
0.645473010502
0.214840874871
0.520921537735
0.392137977657
1.05006612788
0.905890535062
1.79195313722
0.0515609573596
0.00348056447562
0.00348056388718
0.00348056447562
0.00348056450009
0.00348056450009
0.00348056450002
0.133380866031
0.00968472189449
0.135623255455
0.0281545052803
0.0956025646983
0.881371804377
0.303545023777
0.181532444293
0.527496727921
0.071256487204
0.24626461886
0.684158141208
0.0
0.00705125851943
0.00696320869489
0.562099347916
0.0853671300379
0.128591181057
0.0608585663903
0.272137122917
0.713352578448
0.579859207707
0.406069272359
0.736415339493
0.00840700344296
0.0653666799978
0.0501273390548
0.861094858235
0.645666386056
0.997599507756
0.3426032371
0.352268193901
0.0779154374446
0.296329233947
0.66081678539
0.169164954626
0.0156379346237
0.712792597216
0.280271868602
0.445802175453
