0.676072084669
0.010989264867
1.04381531744
0.129214628276
0.0294623986737
0.330882567215
0.414143502557
0.102827229903
1.10651835678
0.979848059537
0.760549407151
0.0112555252321
0.455729576075
0.145267034392
0.651559094534
0.73123324982
1.08725931355
0.933599066959
0.659394406509
0.0245866777124
0.00485882956735
0.00485882886631
0.00485882956734
0.00485882956735
0.00485882956735
0.00485882956726
0.0838999483803
0.0299827696914
0.140388890834
0.0249889734574
0.11654667472
0.839860905508
0.789293808395
0.0842004296371
1.08706895109
0.108897428943
0.427017862808
1.07283297157
0.0
0.00652726027071
0.00644179182879
0.441726410345
0.0505469626026
0.12573153846
0.0368199803997
0.195052804977
0.746720838915
1.09626826851
0.593398628424
1.08528098194
0.00710611472017
0.0663095047531
0.0211272479551
1.30897340896
1.07766516627
1.08879000953
0.876003881189
0.57111630292
0.135769437721
0.641296565316
2.1103101816
0.234596373878
0.101641141057
0.539781674103
0.597460317446
0.497695644577
