0.553268397333
0.0833017174627
1.62209612537
0.140257983265
0.110800818089
0.229054496545
0.106142381182
0.0955508053395
0.786324298931
0.638309525678
0.688292824074
0.0304865958295
0.307617820643
0.109699989993
0.460130324472
0.625059569264
0.868868942324
0.662750672108
0.531072767987
0.0104755383504
0.0246419102998
0.0246419095442
0.0246419102993
0.0246419103309
0.0246419103309
0.0246419103308
0.0812983020367
0.0135738548636
0.132490681754
0.0527499788572
0.161670396736
0.530491881741
0.64798672895
0.127830795658
0.721424990909
0.0892175884419
0.304232507008
0.799753998655
0.0
0.00401158794313
0.00394786166885
0.34294714879
0.0787474639674
0.0760319203996
0.0194451550219
0.174718875407
0.560614062167
0.584720570848
0.382133788478
0.799324011946
0.026698324959
0.0131902545686
0.0768428619534
0.963672804077
0.745323562485
0.794006567634
0.590994155817
0.377642342247
0.134897184586
0.380245869425
1.04260818427
0.134506608301
0.0452042605302
0.414827377955
0.352195787202
0.513966153137
