0.0543758113819
0.000878335764851
0.0812938166193
0.00543031999704
0.00142727341778
0.0426065646817
0.0698682459582
0.00509753775755
0.0339709698574
0.0310101834236
0.0580656381485
0.000473083642748
0.0177600963764
0.0364127565619
0.0465285123344
0.0204165555637
0.080782224172
0.0575538099787
0.133230940991
0.00118789444999
0.000236056967696
0.000236056866506
0.000236056967694
0.000236056967696
0.000236056967696
0.00023605696769
0.27754262953
0.00167304619088
0.121608058546
0.00358342549067
0.0538932460416
0.0843912534655
0.0837116555739
0.013079144023
0.0848470963745
0.00256811958673
0.0426515841053
0.147276545552
0.0
0.000236056967696
0.000230958865754
0.048876198092
0.0657356596133
0.00440362747062
0.000950073168511
0.0631415389528
0.0471801981827
0.0583406733838
0.0385524218062
0.0985008120225
0.000706332787715
0.0276748236298
0.000950064278383
0.0672065002259
0.113633270697
0.149978631666
0.0392195521084
0.115543142154
0.00314673935367
0.124888598166
0.0835570659254
0.0969390473644
0.00191606267449
0.113735172444
0.00431094820022
0.0434622319017
