0.0212327299087
0.015371471241
0.0282708595654
0.00157283903351
0.000421990900343
0.0024650046888
0.0312693797885
0.0118154632455
0.00995241497222
0.0106454391153
0.00724607086427
0.000139900175164
0.00523550706908
0.00160270097733
0.00862898429161
0.0206000586034
0.0284147038111
0.0413910869303
0.010498463607
0.000351314658899
6.98087704289e-05
6.98087704289e-05
6.98087704282e-05
6.98087704289e-05
6.98087704289e-05
6.98087704269e-05
0.000711088027797
0.00037059993575
0.0196151362854
0.0102827789703
0.0152482008921
0.018470781308
0.0219122425432
0.0019648446781
0.0373300297165
0.000783825284031
0.0269043288574
0.0213605808665
0.0
6.98087704289e-05
6.82793398462e-05
0.0268257157249
0.000478678055239
0.00130176627484
0.000280940107433
0.00145249372886
0.0186264733928
0.0137308253028
0.00867953762756
0.0424608964922
0.100513672658
0.000422564710399
0.000280940107041
0.0174981429784
0.02979281122
0.0647580349054
0.00497184729115
0.00518007168248
0.0221947850815
0.0250593824928
0.00814307019698
0.0126276344639
0.000566514604214
0.00800514884156
0.00496738620902
0.0114058126387
