0.642847471869
0.0267439520798
0.794770779375
0.170481704731
0.0359785207233
0.292303053487
0.431543225656
0.205159139364
0.796705529671
0.939903577259
0.813681039407
0.0140616785568
0.620228952671
0.176042586459
0.728810792779
0.591643096217
1.2131355019
1.21760073079
0.997339193783
0.114250637338
0.0296223602978
0.0296223595452
0.0296223602906
0.0296223603223
0.0296223603223
0.0296223603221
0.150976658762
0.0664098461781
0.208315856892
0.119350996815
0.248506579674
1.08368548706
0.837138877603
0.197918908048
1.01380283949
0.117586348621
0.541706253002
1.14103518929
0.0
0.00827145173684
0.00817551308873
0.85425426251
0.0564878927527
0.138758096218
0.0256831020423
0.271591520519
1.02118253556
0.787222492686
0.69458533381
1.13218810017
0.0619690645391
0.122689623015
0.0260771690214
1.33138679016
1.04746268519
2.53830225577
0.681127076388
0.697075073056
0.168964550133
0.563137532246
1.08933152897
0.304388033397
0.108361178883
0.958064486813
0.764446021727
0.636393592699
