0.032573194392
0.000711258205838
0.0788575280622
0.00377669139526
0.000993790962413
0.00580226400812
0.00599596360468
0.003593581908
0.0430816626479
0.0174579197986
0.0592982169113
0.000329111379171
0.0123383411725
0.0431622111081
0.0491344066164
0.0141852362747
0.0578534084043
0.0330327240154
0.0853178078538
0.000827219120395
0.000164220499267
0.000164220447618
0.000164220499267
0.000164220499267
0.000164220499267
0.000164220499262
0.0657356596133
0.00100258720047
0.0452057374499
0.00201613475654
0.0526345069976
0.0941944671786
0.0551711616673
0.00465927605633
0.0682147728547
0.00180191976636
0.0263614649058
0.0793960728602
0.0
0.000164220499267
0.000160651827907
0.0654221283644
0.215098405205
0.021341467545
0.0373625209584
0.0699239358218
0.0314272917986
0.0119765696757
0.0239773667096
0.0501577863595
0.000424940563799
0.000994193427519
0.000660912763086
0.054393208453
0.0440309266705
0.0568942311841
0.0163331775901
0.10102410313
0.00218876886013
0.0903448317113
0.0512504356225
0.108236168629
0.00133284724656
0.0534011916086
0.0108468717587
0.0224236139548
