0.549015033018
0.0296832105757
0.315916640125
0.371585203803
0.0465161306206
0.398881513044
0.137032693252
0.109459467584
0.548412475889
0.793473661183
0.572125135945
0.0524934026429
1.58915470297
0.247601151023
0.702655973322
0.371326711987
0.862743920243
0.623142756085
0.655358375564
0.0447942846603
0.00180457673854
0.00180457670997
0.00180457676288
0.00180457676301
0.00180457676301
0.00180457676297
0.0184397647786
0.0256562477807
0.046464269922
0.022236612551
0.126995916123
0.914031969906
0.427546949681
0.15954721999
0.520012171433
0.0203311694448
0.24905309016
0.849640237359
0.0
0.0168323592154
0.0167130348246
0.3971735392
0.0128132055467
0.274927426584
0.0416604561804
0.258266053346
0.804937351273
0.344044883407
0.42221241507
0.842424486131
0.00499911404228
0.0384805047531
0.0203840554213
0.789952417899
0.628044162141
0.63088446967
0.192009896149
0.205871679706
0.0435743290822
0.220251829916
0.466804338065
0.105384885042
0.0215830891093
0.470308006472
0.322748522333
0.179519491056
