0.123065731247
0.00255844470638
0.181074765483
0.0116851226565
0.00307048662329
0.0179675927891
0.0354454628266
0.0111180843478
0.106841576425
0.143663219481
0.166414848745
0.00101690132166
0.258535071437
0.434523455186
0.119137515551
0.177849138625
0.23398732429
0.301220455818
0.277664517516
0.00255776151852
0.0376223602898
0.037622359498
0.0376223602898
0.0376223603223
0.0376223603223
0.0376223603221
0.0692933050015
0.00285268137915
0.077998438197
0.023200626487
0.105851705394
0.310426542074
0.129485449942
0.014163615092
0.244698862498
0.128183188165
0.0837441731194
0.215126390714
0.0
0.000507383343722
0.000496677329644
0.215934997694
0.0761203709748
0.00946986845382
0.00204240886658
0.605322622061
0.189307802025
0.0950523010411
0.0909820106538
0.209942079015
0.00137821928561
0.00307266736092
0.00204240060193
0.326261479055
0.21001736371
0.277171368282
0.118327727388
0.199978477664
0.135050863796
0.234166474772
0.198586496142
0.140648285499
0.063584999307
0.117257132416
0.0769217577965
0.0842306524535
