0.0488838421099
0.138115919262
0.0856775216398
0.0492672577107
0.0236558717018
0.0263848062784
0.0264942860857
0.0251102196879
0.0270859601944
0.0320414939713
0.0326718508261
0.0232774440994
0.0304941437185
0.0251469901376
0.0267415228677
0.0098838300087
0.0264799682164
0.0188020282595
0.00649507680497
0.000588890789483
0.000116821561136
0.000116821561136
0.000116821561136
0.000116821561136
0.000116821561136
0.000116821561133
0.00119006242649
0.000621064603853
0.0142707757418
0.00437220058815
0.0100465421603
0.0105909226479
0.00352305566669
0.00316639986369
0.0157476512944
0.00131179875335
0.00209983296116
0.0142698930444
0.0
0.000116821561136
0.000114272510165
0.0132260291832
0.000827861469668
0.00217876742133
0.000470151311439
0.00243164757373
0.0126938307822
0.00823991495957
0.00298878362569
0.0342319910308
0.0153343203915
0.00070609216701
0.000470151310912
0.0324086363791
0.0283274993276
0.0278417006566
0.00817538306726
0.01149588464
0.0163334101377
0.0118752175904
0.0115095674414
0.0124580393481
0.00940887763143
0.00314418912092
0.00730513356306
0.00398359113868
