0.0999591072897
0.0250957938908
0.0962125148573
0.0402437630059
0.0399292942003
0.0542114910099
0.134131276281
0.572787608599
0.22564637507
0.264783956387
0.405646644604
0.0381065677796
0.108764529745
0.0482294577239
0.315254031163
0.313036888834
0.32932462942
0.33188628356
0.106783505616
0.0395662884066
0.000507383319251
0.000507383343722
0.000507383343314
0.000507383343722
0.000507383343722
0.000507383343709
0.00517210719174
0.043373963938
0.0126003823349
0.0165521161478
0.0347821455309
0.164723086207
0.087571387428
0.0773077756843
0.296185106212
0.00570166805817
0.0614075185103
0.33877795493
0.0
0.000507383343722
0.000496677329644
0.294291653428
0.00349908148727
0.00947496655576
0.00204241360681
0.0105962424732
0.236108874133
0.093325465504
0.0826444804239
0.141008325494
0.0117265211543
0.0319339869428
0.00204241360626
0.223230810352
0.107935480776
0.205372833999
0.128614228604
0.0846578828043
0.0067677973899
0.14264371306
0.103334001602
0.178046760174
0.0041198635855
0.0548218453488
0.120477747586
0.0555868371913
