0.0504171740177
0.000543528009714
0.0131898495557
0.00323022200743
0.000849854879005
0.0416312760467
0.0509264154527
0.0313773719559
0.0351503855966
0.054798357733
0.0521122753243
0.000281516978472
0.0382040106064
0.00322596345996
0.0451453508439
0.0187225443215
0.0571199202901
0.055007044955
0.0648089586397
0.0300920777642
0.000140472340226
0.000140472316779
0.00014047236572
0.00014047236572
0.00014047236572
0.000140472365717
0.027676051179
0.000788692651383
0.0446969324412
0.00172449600993
0.0358733427673
0.0377597925646
0.0360647036073
0.0326960384876
0.0505554378421
0.00157745185229
0.0158373734352
0.046634672259
0.0
0.00014047236572
0.000137413504555
0.0347936381645
0.000995489490349
0.00262006174565
0.000565341731076
0.00292452747773
0.0658122259995
0.0270356064117
0.0183449321373
0.041363866425
0.000389974586416
0.208553888977
0.000565337140333
0.0735669987825
0.090713672555
0.12296920812
0.0212198395521
0.0433139619866
0.00187214807636
0.058263167107
0.0662220426565
0.044799295924
0.00114006811648
0.0455678242283
0.0175855102624
0.0196476629207
