0.846085785717
0.0299216130952
0.963714159994
0.183518115069
0.0469776182964
0.425577981725
0.414568486965
0.222707150436
0.783917331397
1.07836036459
1.03679570587
0.0190896100285
0.780743158009
0.263879521236
0.694092955268
0.888933913247
1.34805964113
1.38503290432
0.856906862159
0.0656018821821
0.00638632660044
0.00638632585062
0.00638632660014
0.00638632662983
0.00638632662983
0.00638632662973
0.0672113171895
0.0840881715088
0.162170665931
0.0717505994904
0.186443024764
1.06164718706
0.683343566691
0.20294034221
1.28813751902
0.129159769542
0.51640617149
1.32414694141
0.0
0.0117607469056
0.0116517077548
0.85296654948
0.0537219540881
0.254038422725
0.0337489943787
0.320846243741
1.04090918059
0.736662078318
0.549589848815
1.36789118627
0.0156221170315
0.0733798732477
0.0403944872924
2.97507886681
1.24033631999
1.3287243997
0.879016693288
0.730530799121
0.162219565652
0.591416106751
1.30814450224
0.315691340723
0.10641851016
0.651372298762
0.616625463686
0.471868380592
