0.0428960487465
0.000470151311439
0.0768429611259
0.0162456340161
0.0674083916874
0.00329441664816
0.00340375495731
0.00204037436574
0.0168617289738
0.0219314128304
0.0718790040737
0.000186912965872
0.0201787590295
0.00209147179744
0.0215218159709
0.0371264847004
0.0541482091737
0.0803022808948
0.0501014221399
0.000470151262081
9.32672909856e-05
9.32672909856e-05
9.32672909856e-05
9.32672909856e-05
9.32672909856e-05
9.3267290983e-05
0.000950078221675
0.000495488733005
0.0295808349408
0.00114487826918
0.00255654914636
0.0540321489215
0.027567712309
0.0648505823659
0.0378217354497
0.0676499381936
0.0154927193537
0.0386994383289
0.0
9.32672909856e-05
9.12280502087e-05
0.0105535633724
0.000660926225657
0.00173934084813
0.00037535183627
0.00194097590069
0.0564849290805
0.0182197998794
0.0145278186945
0.0511703237693
0.000279218676848
0.000564767920621
0.14234990879
0.0403369172813
0.084376585235
0.0259675199401
0.0392352410543
0.00935924365344
0.0668467628528
0.05751742702
0.0211273173228
0.00234951003488
0.000756908395629
0.0149102851361
0.0173421794316
0.0647954363339
