0.0302183121641
0.000420370803188
0.0104739794696
0.00268610459356
0.000706522190845
0.00412631109571
0.0264942860386
0.0388609878799
0.0166796104305
0.0333341783719
0.0470827969655
0.000234118040476
0.0444553406956
0.00268255879525
0.0435671843633
0.0100220158239
0.0605423465954
0.0329861594819
0.0506637922255
0.155853851761
0.000116821536665
0.000116821561136
0.000116821561136
0.000116821561136
0.000116821561136
0.000116821561136
0.00119006242649
0.000621064603853
0.00284580395709
0.0014340805882
0.118891805005
0.102067066233
0.0382984448966
0.0967703014899
0.120143497187
0.00131180879981
0.019094402959
0.116339004024
0.0
0.000116821561136
0.000114272510165
0.0624044679643
0.000827861469668
0.00217876742133
0.000470151311439
0.00243164758397
0.0634768225811
0.0228949787316
0.0174295554636
0.0392167034789
0.00028788923723
0.0299669691546
0.000470151310917
0.0656207533982
0.11006625239
0.11384670685
0.0277245292649
0.017532997614
0.00155686785633
0.0231852874791
0.0246059207043
0.0233112001246
0.00094809071331
0.0316633198825
0.0885852611004
0.0038098150384
