0.0535671047679
0.0236558728646
0.110865130139
0.0321916610114
0.209185224127
0.0783268773338
0.0417690406008
0.0400619441939
0.0542535176815
0.0540498606659
0.111832195094
0.0377396568017
0.0462733266034
0.0401880975844
0.0551031362335
0.0410920767311
0.0587167429298
0.094030413699
0.053559386013
0.000708131358151
0.00014047236572
0.00014047236572
0.00014047236572
0.00014047236572
0.00014047236572
0.000140472365717
0.0014310489466
0.000747333251371
0.0306280235043
0.00172449600993
0.00385136424258
0.0792237591959
0.0628957947217
0.066043047236
0.045404167295
0.13468456025
0.0263692282694
0.0395538795833
0.0
0.00014047236572
0.000137413504555
0.0159124136766
0.000995489490349
0.00262006174565
0.000565341731076
0.00292452747364
0.0608042058855
0.0277555873832
0.0174994994893
0.055219006722
0.000419695659562
0.000849217167457
0.0674098981759
0.0470393122431
0.0862330758562
0.035982657674
0.0423661808628
0.0140191282428
0.133883269555
0.0640590613379
0.0296227817905
0.00353940041012
0.105153691429
0.0161351109833
0.0257516492508
0.0733978526684
