0.459646184059
0.01423041937
0.721772051876
0.0885846452409
0.0453676838853
0.312244772387
0.330855354748
0.297396764092
0.909687290349
0.939643991897
1.12987789771
0.00759028198338
0.512215373146
0.178384782511
0.450021475967
0.827423297984
1.19479732621
0.929599747882
0.525574356638
0.120269897879
0.0150144693789
0.0150144686549
0.0150144693723
0.0150144694044
0.0150144694044
0.0150144694043
0.0850477494446
0.121499206762
0.115106195713
0.0738385228535
0.233025314928
0.73261050171
0.460634788357
0.189405559011
2.33983081809
0.122288582847
0.510122122537
1.20492012786
0.0
0.0107838010094
0.0106770262722
0.659756384581
0.0676909157317
0.102385038567
0.0371648940525
0.242034329894
0.884344560719
0.574337626317
0.317333712993
1.08028334125
0.0357924536269
0.0505418436495
0.0378236640508
1.28931765862
1.03980873247
1.01280118738
0.824148137678
0.634460712158
0.157216398757
0.468153043155
1.08639430452
0.350730683962
0.0931469886388
0.460387116697
0.522534721632
0.327608061337
