0.195167969164
0.0262104633663
0.106155398342
0.0476834076177
0.0416303525407
0.0872987900532
0.845262725766
0.134553606782
0.207968964007
0.294674070489
0.371017890049
0.0384445935354
0.134785023553
0.0544274609019
0.198937012001
0.175638342988
0.290330567102
0.44775393703
0.227818892119
0.0264845580961
0.000845409073129
0.000845408681708
0.000845409099975
0.000845409099977
0.000845409099977
0.000845409099956
0.0698682461329
0.00552151446642
0.0942230409394
0.0782649855614
0.024864167548
0.352543023214
0.208975202804
0.0598277517218
0.330917906687
0.00950647986957
0.130638021392
0.407749414244
0.0
0.000845409099977
0.000828075553374
0.450284913347
0.00560245403115
0.015798542684
0.00340375500863
0.0345832425608
0.233434846765
0.27238213425
0.0990062213443
0.463028423094
0.0311904616084
0.0509233773245
0.00340370600185
0.414699813015
0.251587472142
0.430433493446
0.483539246048
0.459298797074
0.0110971671516
0.259640850464
0.413734331092
0.0979343473112
0.00686771460442
0.163593005316
0.189961135823
0.0755681994033
