0.445435337403
0.00959673173683
0.625669341115
0.0538672555965
0.0410056672026
0.127263065224
0.175323089042
0.312924502738
0.756201338223
0.812005105669
0.881681835567
0.0182756330301
0.367942583078
0.144669465967
0.446780689269
1.59732563876
0.853937982923
0.793036783383
0.392106376925
0.0100766667859
0.0296223602902
0.0296223595068
0.0296223602898
0.0296223603223
0.0296223603223
0.0296223603221
0.0204182973109
0.0617107366223
0.0481826670558
0.0313957770582
0.0802954484783
0.445545692557
0.334964652704
0.0692056044736
0.828561963132
0.0511375599749
0.251791984314
0.974262935857
0.0
0.0168315025565
0.0167130348246
0.427360383667
0.0138153819185
0.0375022084762
0.00804801547413
0.176005511005
0.724793436161
0.396311246114
0.349370407725
0.667308511644
0.0196150571717
0.0187989881454
0.0371423948502
0.8914443888
0.491151252185
0.592390601519
0.562993585503
0.292757269139
0.0545924678133
0.338049355356
0.730608463886
0.183478470425
0.0256614794212
0.220389554678
0.361205296491
0.259814943879
