0.0942627954874
0.00969291826322
0.161666206374
0.0107195494043
0.00384393750865
0.10537791871
0.0248641671587
0.0346102843641
0.100784341246
0.119343340939
0.120007441268
0.00127282391344
0.125228751515
0.0478798094322
0.0933899968692
0.0801782602164
0.199205664203
0.126115145766
0.095206057228
0.118868096868
0.0220218221703
0.0220218214046
0.0220218221703
0.0220218222027
0.0220218222027
0.0220218222026
0.0538932460416
0.0383678372606
0.0968768722029
0.0198563144243
0.700198774412
0.246181588917
0.104024391273
0.110189379675
0.23268437959
0.00709683754942
0.0539478766046
0.239159940908
0.0
0.000635060887577
0.000621805822527
0.148242986638
0.0526345064606
0.0349725979971
0.00251518475012
0.0996732063448
0.191291572073
0.0530685239973
0.102860392004
0.213910087778
0.0149356984144
0.0358725660807
0.0025565303767
0.186427353151
0.248459043456
0.247302895296
0.159559719286
0.0470211372064
0.040120393858
0.126710513584
0.116242371713
0.0646002699699
0.0051574626859
0.0766709826727
0.124636237476
0.0483406326416
