0.0159936962106
0.00437220058815
0.0527499788572
0.00647152354391
0.00171849031818
0.0137171831916
0.0779141122332
0.0164453771093
0.018538812001
0.0441090222328
0.081090557842
0.000570072686723
0.021417540064
0.00653633071919
0.0218520540515
0.0313957770564
0.0949950480176
0.0827000065415
0.0281512775372
0.00142867860584
0.0177591514751
0.017759150734
0.0177591514751
0.0177591515077
0.0177591515077
0.0177591515076
0.00358342549067
0.00153908792117
0.0301466670701
0.277839573958
0.0198563144243
0.0323823546754
0.0356932075305
0.00792547077458
0.0738339964772
0.00313777262218
0.0228068083027
0.0940985314766
0.0
0.000284449608666
0.000278331886335
0.0726555676375
0.00176609375842
0.00530721916844
0.00114487301695
0.0228963134529
0.091984847343
0.00720496637025
0.0270169667763
0.0791016995839
0.0102827529634
0.0017230175142
0.0011448593077
0.0717426345934
0.0390659196266
0.11873960078
0.10078659002
0.0659024635615
0.0127993526549
0.0398722467676
0.0246813862913
0.0138691840142
0.00230900717994
0.0951413291825
0.125065771292
0.0153747036385
