0.0336075231558
0.000433000461921
0.0194445657565
0.00214432431916
0.000564322086216
0.0201537779501
0.00340375490599
0.00204088417623
0.0365346746256
0.02193141286
0.0322645052575
0.000186912965872
0.0416852743797
0.00214147791207
0.0121244056561
0.00804801102587
0.0582492481562
0.0549397821495
0.0616498161391
0.000469513500963
9.32672909856e-05
9.32672909856e-05
9.32672909856e-05
9.32672909856e-05
9.32672909856e-05
9.3267290983e-05
0.000950078221675
0.000495488733005
0.0157754826214
0.00114487826918
0.00255654914636
0.0215598000917
0.025181257248
0.00259250769092
0.0380399524977
0.00104726326903
0.0166984062898
0.0335809407187
0.0
9.27574807914e-05
9.12280502087e-05
0.0518132938327
0.0380472295802
0.0200944940831
0.140706356527
0.00202457978369
0.0512347762485
0.0180012325703
0.0145270652136
0.0265732659275
0.000263784330081
0.000563620300359
0.000375351836009
0.0341225126387
0.0227163818104
0.026000487513
0.00659157177273
0.0333010080926
0.00124288016445
0.0331687338016
0.037107551791
0.0211930022517
0.00075690839563
0.0149102896748
0.0173421794325
0.0173827709611
