0.0715107652338
0.0140740212123
0.134342121269
0.0145920539868
0.0309058908431
0.0638508173184
0.0952933041206
0.0137577955038
0.0895725417993
0.0948275122622
0.0859295269044
0.00127282391303
0.0479079061041
0.0213232709592
0.0741518116897
0.0511400429967
0.122648652545
0.184507616023
0.13583512093
0.00320082065015
0.0266028102812
0.0266028095078
0.0266028102812
0.0266028103136
0.0266028103136
0.0266028103135
0.121607267628
0.0213201398769
0.542228952838
0.0310028779409
0.0972336267323
0.170538628557
0.124530592705
0.0373204260428
0.119512035708
0.0338250094327
0.0248787258225
0.129788174011
0.0
0.000634265673759
0.000621805822527
0.0865479595212
0.0453484391543
0.0118597429106
0.0154305348597
0.0735091148965
0.0991197839438
0.034640766378
0.0151506532263
0.137463364026
0.0196071714683
0.0448576688908
0.0297254907279
0.171929507919
0.266743839615
0.208485140273
0.043075707285
0.0881780887178
0.0519867387339
0.228747384773
0.14165288804
0.0557443091382
0.0051574626859
0.0912183553784
0.0279681296586
0.114340268632
