0.105535408709
0.0252348597872
0.109793885327
0.040800099635
0.0400597459802
0.0550815624316
0.0544431336554
0.0482113108937
0.107740990451
0.140809990033
0.158910056157
0.0381318783002
0.247434629544
0.553076630963
0.123193472889
0.145467835189
0.160358723009
0.252525990083
0.216688257627
0.00268523929984
0.000532693864185
0.000532693836468
0.000532693864185
0.000532693864185
0.000532693864185
0.00053269386417
0.0364148946181
0.00293471574076
0.0203985599537
0.00654488294392
0.0478940631401
0.253896529074
0.0541876606325
0.0145985062222
0.178186498294
0.0926326354415
0.022650620283
0.154063643241
0.0
0.000532693864185
0.000521478039912
0.139587842382
0.0431636361299
0.00994299537204
0.00214432350766
0.430267059315
0.155018350965
0.0511970407061
0.0488596482701
0.116892341902
0.00139785244547
0.00322506295355
0.00214431443149
0.265300867455
0.12321046044
0.176301947566
0.107586230435
0.128517904006
0.0931392151269
0.173147363325
0.146902983126
0.097000624296
0.0436344768139
0.081925870315
0.0295006225177
0.0190752043663
