0.000351893315714
0.000351893315714
0.0
0.0
0.00279109826355
6.98087704289e-05
6.98087704289e-05
0.000711088027797
6.98087704289e-05
0.0167249686224
0.000139900175164
0.0
0.00328933350524
0.0133516209407
0.0159535254093
6.98087704289e-05
6.98087704289e-05
0.00160483444303
0.000423126285144
0.00351690931889
0.000423138520732
0.0301948932864
0.00789488486562
6.98087704289e-05
0.000138178744582
0.0
0.0
0.0
0.0
0.000210276433859
0.000139900175164
0.0
0.104797453534
0.000139900175164
6.98087704289e-05
6.98087704269e-05
6.98087704289e-05
6.98087704289e-05
6.98087704289e-05
6.98087704289e-05
6.98087704289e-05
6.98087704289e-05
6.98087704289e-05
6.98087704289e-05
6.98087704289e-05
6.98087704289e-05
6.98087704289e-05
0.0673155718999
0.0217158152733
6.98087704289e-05
6.98087704289e-05
0.0
6.98087704289e-05
0.000204861907398
0.0
0.0
0.000280940107433
6.98087704289e-05
0.00345865632541
0.0
0.00569766064025
5.38087704289e-05
0.00452239267086
0.0150780957894
0.000139900125199
0.000783830024408
0.000280940107433
0.000280940081938
0.00302067758334
0.00510568512565
0.0
0.0
6.98087704289e-05
0.0
0.0
0.00521649025732
0.000210276512141
0.000564680860831
0.00446619232598
0.000210276512139
6.98087704289e-05
0.000134198312106
0.0
6.98087704289e-05
6.98087704289e-05
6.98087704289e-05
0.0
6.98087704289e-05
6.98087704289e-05
0.000139900175164
0.0
0.0
0.0
0.000139900175164
6.98087704289e-05
0.000638650399905
0.00191331219484
0.0
0.000494678135784
0.00013837074458
0.00104919880099
6.98087704289e-05
0.0
0.000139900175164
0.0
0.000139900175164
0.0
6.98086970162e-05
0.000139900175164
0.000139900175164
0.0
0.000492652392402
0.000139900175164
6.98087704289e-05
6.98087704289e-05
0.00681028656396
0.000139900175164
0.000210276512141
0.00434697393023
0.000711087977831
0.000351893315712
0.000709558597215
0.00446087488544
