0.000116821561136
0.000116821561136
0.0
0.0
0.000926309359457
2.31758862501e-05
2.31758862501e-05
0.000236056967696
2.31758862501e-05
0.000792098878607
4.64452241597e-05
0.0
0.00109159391181
0.000583645547801
0.000407236982876
2.31758862501e-05
2.31758862501e-05
0.000532693864185
0.000140468287239
0.00212977803271
0.00014047236572
0.00429662428633
0.00261823360936
2.31758862501e-05
4.58714139655e-05
0.0
0.0
0.0
0.0
6.9808744335e-05
4.64452241597e-05
0.0
6.9808744934e-05
4.64452241597e-05
2.31758862501e-05
2.31758862494e-05
2.31758862501e-05
2.31758862501e-05
2.31758862501e-05
2.31758862501e-05
2.31758862501e-05
2.31758862501e-05
2.31758862501e-05
2.31758862501e-05
2.31758862501e-05
2.31758862501e-05
2.31758862501e-05
0.00014047236572
6.98087704289e-05
0.0376223603223
2.31758862501e-05
0.0
2.31758862501e-05
6.79078909741e-05
0.0
0.0
9.32672909856e-05
2.31758862501e-05
0.00114775777655
0.0
0.00323529288401
2.31758862501e-05
0.00103597139605
0.00291621890621
4.64451996889e-05
0.000260202561845
9.32672909856e-05
9.32672909856e-05
0.00229951958762
0.00103512818084
0.0
0.0
2.31758862501e-05
0.0
0.0
0.00173027098549
6.98087704289e-05
0.00018745551836
0.00152678438774
6.98087704282e-05
2.31758862501e-05
4.44493704174e-05
0.0
2.31758862501e-05
2.31758862501e-05
2.31758862501e-05
0.0
2.31758862501e-05
2.31758862501e-05
4.64452241597e-05
0.0
0.0
0.0
4.64452241597e-05
2.31758862501e-05
0.000212011980773
0.000635060887577
0.0
0.000164220499267
4.59354139649e-05
0.000348029947386
2.31758862501e-05
0.0
4.64452241597e-05
0.0
4.64452241597e-05
0.0
2.31758617792e-05
4.64452241597e-05
4.64452241597e-05
0.0
0.000163545251473
4.64452241597e-05
2.31758862501e-05
2.31758862501e-05
0.000845409075507
4.64452241597e-05
6.98087704289e-05
0.00219707237948
0.000236056943225
0.000116821561136
0.000235547157502
0.00229951958762
