0.000566514604214
0.000188066766154
0.000188066766154
0.0053678108983
0.0
0.0
0.0
0.0
0.0
0.0
0.0
0.0
0.0
0.0
0.0
0.0
0.0
0.000566514604214
0.0
0.0
0.00152643482854
0.000188066766149
0.0
0.0
0.0
0.0
0.0
0.0
0.0003769028596
0.0
0.0
0.0
0.000188066766154
0.0
0.000566514604214
0.0
0.0
0.000188066766154
0.000188066766154
0.000188066766154
0.0
0.0
0.0
0.000188066766154
0.0
0.0
0.0
0.0
0.0
0.0
0.0
0.0
0.0
0.0
0.0
0.0
0.0
0.0
0.0
0.0
0.000376902860677
0.0
0.0
0.000376902860677
0.0
0.0
0.000188066766154
0.0
0.0
0.0
0.0
0.0
0.000188066766154
0.0
0.0
0.0
0.0
0.000376902860677
0.000188066766154
0.0
0.000188066766154
0.0
0.000376870231781
0.0
0.0
0.0434529948994
0.0
0.0
0.000188066766154
0.000188066766154
0.0
0.0
0.0
0.0
0.000376902860677
0.0
0.000188066766149
0.0
0.0
0.0
0.0
0.0
0.0
0.0
0.0
0.0
0.0
0.000188066766154
0.0
0.000188066766154
0.0
0.0
0.0
0.0
0.000188066766154
0.0
0.000188066766154
0.00114006811648
0.0
0.0
0.00186619993276
0.0
0.0
0.0
0.0
0.0
0.0
0.000188066766149
0.0
0.000188066766154
0.0
0.0
0.0
0.0
0.0
0.0
0.0
0.00114006811648
0.0
0.118344794266
0.000376902860677
0.0
0.000188066766154
0.0
0.0
0.0
0.000188066766154
0.0
0.000566514604214
0.236163417928
0.0
0.0
0.0
0.000188066766154
0.0
0.0
0.0
0.0
0.000188066766154
