0.0
0.00106882291146
0.000212011980773
0.000410415799801
0.0
0.00259849853651
0.0145571244531
0.0
0.0397101761638
0.0
0.00128525284613
0.0411798448652
0.223632518368
0.00128525284613
0.0214291103233
0.0
0.00238114297563
0.00799530772841
0.00042489306222
0.0256733201633
0.000212011980773
0.0839294587814
0.0573632661742
0.0
0.0
0.0
0.0705996789122
0.0
0.00724840773521
0.0
0.0299858607625
0.000638650399905
0.0487806561775
0.0966542498737
0.0710098013304
0.0
0.0539479983341
0.000853291238142
0.000209191570792
0.0204835974686
0.0358786042958
0.0254952854727
0.00818960507008
0.0611913422538
0.0384535715017
0.102441744739
0.0276645470775
0.03311097993
0.0543751406627
0.0210272791707
0.00871540888012
