0.374293640457
0.814976395043
0.0772713699307
0.0334310088992
0.028356242605
0.0115929596998
0.0227759345409
0.552208161212
0.0226107882614
0.0107845852544
0.010784596163
0.257311021948
0.402483520965
0.0107845962232
0.131032287552
0.251711740825
0.652401383994
0.0107845962232
0.0258852732577
0.675561636137
1.10409156174
0.0274304034045
0.118475652108
0.760306277105
0.0107845962232
0.0107845962232
0.803311221182
0.472209514226
0.0476566176297
0.0
0.0
1.32750749635
0.500764446608
0.88549875546
1.01764497488
0.329558830509
0.286237080995
0.0865061139433
0.490681627942
0.244126840566
0.0
1.215596948
0.125024884382
0.0134375415963
0.133216400654
0.0
0.597340045133
0.0
0.908387364065
0.451031347517
0.0
0.419311693931
0.0386680532074
0.946354378005
0.00754437054402
0.497007495778
0.88344183378
0.452269716737
0.216452388436
0.711606576033
1.33156384932
0.0
0.0
1.0867778855
0.824355793442
0.0
0.0
0.0216978963085
0.309206681638
0.0
0.0
0.0
0.0075443704006
0.00754437054487
0.0183149841752
0.0178746817331
0.0
0.00583477743656
0.0
0.0
0.0
0.0
0.0
0.0243545446889
0.0
0.00745200594627
0.0365087586755
0.0
0.00754436609117
0.365272480298
0.00754437054487
0.44171012664
0.0
0.12645662136
0.556122417463
0.0
0.267105222114
0.981913005967
0.17164323792
0.0
0.00591634446429
0.00591634706763
0.251294278062
0.0
0.0
0.00754436611417
0.00754437054487
0.47407827705
0.0
0.463932933334
0.742495816727
0.987925774713
0.914908317018
0.0
0.00754437054487
0.00754433331795
0.158669789167
0.155900796603
0.101185964919
0.126456615575
0.155471778476
0.22769472533
0.137455468909
0.173198794754
0.0327439139216
0.0107845962232
0.164432118899
0.0402992142237
0.0355146834277
0.0296223548907
0.511782880646
0.0296223603221
0.0408519669229
0.767900545964
0.808886948801
0.0725814049486
1.16437499729
0.0888263633788
0.0730464848807
2.16602387873
0.174180825836
0.939108531563
0.074719470079
0.0672215447583
0.246501190238
0.0672215447583
0.966568427051
0.0672215447583
0.277301693599
0.38186708112
0.074719470079
0.454066928774
0.735617209885
0.531376284718
0.777329423112
0.083888579915
0.528191341833
0.388337123395
0.0730914465103
0.394664150023
0.175007002201
0.0672215447583
0.0672215447583
1.48520190201
0.393808079695
0.160079467887
0.266545859954
0.0747183758514
0.747730591305
0.738856462022
0.906363509002
0.269587525562
0.0897757490046
0.212518052818
0.0672215447583
0.0672215447583
0.263999687701
0.232224849946
0.233470849194
0.0670707488588
0.575777516326
0.162736562119
0.179169227779
0.13889795633
