0.328208223917
0.994792172303
0.0883579675555
0.0240367294871
0.0337820511016
0.0143470549643
0.0191900101864
0.943695463761
0.0276879528913
0.00475245197417
0.00475245197417
0.146492102394
0.733194390776
0.00475245197417
0.138464715036
0.352490963668
0.431692809611
0.00475245197417
0.0213207784023
0.919843562026
0.964595407088
0.0161452008135
0.228182092079
0.953184966667
0.00475245197417
0.00475245197417
1.02119462254
0.371979900574
0.0689731487056
0.0
0.0
1.16583591257
0.611311864233
0.828760917114
1.02514881935
0.370519239382
0.14314069799
0.116835996635
0.503964555992
0.362540579614
0.0
1.15061082101
0.249504966929
0.0130016529868
0.215200638635
0.0
0.741023711909
0.0
1.15087094548
0.492256696797
0.0
0.250967370986
0.0323543886339
1.31753920911
0.00827237702482
0.85662415708
0.850727456185
0.426104545367
0.403513344047
1.05174918419
1.25108388096
0.0
0.0
1.29506078254
0.746156495283
0.0
0.0
0.0397101815557
0.475689835124
0.0
0.0
0.0
0.00827237688618
0.00827237702563
0.00728778205842
0.00674105353489
0.0
0.00468149679844
0.0
0.0
0.0
0.0
0.0
0.0277542614096
0.0
0.00817593589732
0.0505078575785
0.0
0.00827237237616
0.744610217511
0.00475245197417
0.789738372628
0.0
0.258950072454
0.792083409392
0.0
0.389575463075
0.906024948757
0.253609622915
0.0
0.00475244980782
0.00475245197417
0.239732233716
0.0
0.0
0.00475244854824
0.00475245197417
0.560667183935
0.0
0.572554094184
0.419681885289
0.82138291802
1.4007897153
0.0
0.00827237702563
0.00827233395081
0.218922546026
0.289458893835
0.178357693534
0.260340618456
0.300836005562
0.330926701069
0.212349908572
0.340759863778
0.0666997592721
0.0296223602683
0.266459507705
0.0592055447583
0.0410162949859
0.0296223559878
0.361604701312
0.0296223603221
0.0343516364102
1.06962606217
1.22499648934
0.0718289771315
2.21812284294
0.076663138392
0.0719275515083
1.16193920967
0.290318446531
0.747174372773
0.0754474125692
0.0672215447583
0.316117246687
0.0672215447583
1.4161270063
0.0672215447583
0.204832615824
0.510232173
0.0754474765598
0.692281927536
0.517552891994
0.842044939011
1.17219120619
0.0784682821388
0.889753433896
0.535474201907
0.0719275514454
0.480708935701
0.221058500418
0.0672215447583
0.0672215447583
1.44967540963
0.457587722995
0.135534687219
0.42479931741
0.0754463596945
0.537613273209
0.885926937172
0.533216779603
0.185146933285
0.0901104042332
0.349239318536
0.0672215447583
0.0672215447583
0.376980824556
0.366131982766
0.348230677548
0.0855079934169
0.826326880443
0.271709603054
0.298006952903
0.240311840521
