0.0258413299071
0.0887379507265
0.0461855693606
0.0676481547031
0.000756896134091
0.000566514604077
0.000756908395629
0.0314853119852
0.000566514604214
0.000188066766154
0.000188066766154
0.00841799603487
0.0116840822515
0.000188066766154
0.0522252806257
0.0864482295135
0.0683657763521
0.000188066766154
0.00056535398038
0.137191006987
0.0417585247063
0.000375883240289
0.021013881072
0.0826770942208
0.000188066766154
0.000188066766154
0.0885450320436
0.0141097601993
0.00094751690298
0.0
0.0
0.0761254567475
0.0827646550176
0.118083723301
0.0940529057812
0.0261045070532
0.008332845419
0.0011400681162
0.0589857580678
0.0429283689724
0.0
0.105276105848
0.0211850610861
0.000376902836206
0.0235306478943
0.0
0.061847802558
0.0
0.0901430708077
0.0811561989271
0.0
0.0351781210859
0.0675053695106
0.0629080413697
0.000188066766153
0.0349432823525
0.0720402603126
0.0320978813387
0.0275333573499
0.0524093994959
0.111261110985
0.0
0.0
0.103837040193
0.0584998030007
0.0
0.0
0.000376902860677
0.0420554477244
0.0
0.0
0.0
0.0376223601713
0.0376223603223
0.0632695446931
0.000566514604214
0.0
0.0001839882846
0.0
0.0
0.0
0.0
0.0
0.000376902860672
0.0
0.0001839882846
0.000948090712266
0.0
0.000188066570387
0.0203455941845
0.000188066766154
0.0198771527591
0.0
0.0198380847356
0.0339361644523
0.0
0.0717899685778
0.0784556282997
0.0532527036628
0.0
0.000188066766154
0.000188066766154
0.0100175679725
0.0
0.0
0.000188066570387
0.000188066766154
0.0553226702519
0.0
0.0499415938334
0.0393137444093
0.0869177214372
0.12150738568
0.0
0.0376223603223
0.0376220936743
0.0634865508496
0.0902669150261
0.0215666371234
0.0219083036814
0.0222528467417
0.0254293928821
0.00250191901669
0.0362744875065
0.000566514579743
0.000188066766023
0.0545800051033
0.0296605493904
0.0297862345847
0.0296223542166
0.0480710395605
0.0296223603221
0.0297872512022
0.101567589206
0.162200361486
0.0673631663003
0.136920878992
0.134350011408
0.0673631663003
0.160777544337
0.0875893612288
0.0953799084464
0.0673631622218
0.0672215447583
0.111341140344
0.0672215447583
0.13066315923
0.0672215447583
0.0828162644851
0.111327968127
0.0673631663003
0.0939788005978
0.0877084256769
0.0728986662042
0.166816869792
0.0672204644885
0.0839196237192
0.139301724638
0.0673631662667
0.162934969432
0.0902790947885
0.0672215447583
0.0672215447583
0.173491408137
0.090028906991
0.281761844885
0.122819704239
0.104669319514
0.185590927058
0.152890782126
0.128403266665
0.10885395327
0.067505369486
