0.00842499325198
0.000766530706627
0.00270228859175
0.00407035834836
0.0213974496526
0.0410168687961
0.0
0.00169390943811
0.00380951824872
9.30781083388e-05
0.00164092564329
0.0316776818941
0.000570072686723
0.000765791458833
0.0172811332588
0.0292012048254
0.000218118040607
0.00227010759677
0.000915076376366
0.000916100386409
0.00212597658669
0.0211963598491
0.0670782653878
0.0144817138397
0.000666864070146
9.30781083388e-05
0.00180234986852
0.00247160984537
0.0
0.00821089424487
0.0
0.00277538439453
0.013350047481
0.0105828078871
0.0158616559241
9.30781083388e-05
0.0
0.00595553027912
0.0132500466794
0.000376893892213
0.000424893006786
0.0137419801702
0.000520253739729
0.0297795300986
0.00137680334111
0.0158904573015
0.0296105644957
0.000716326788344
0.0139915909636
0.00032911137917
0.000329111379025
0.0205929455712
0.00550144304513
0.0093972657016
0.0216684193963
0.0263939124163
9.30781082042e-05
0.000618874573857
0.0
0.000816172208955
0.000376902860677
0.0
0.0062714232363
9.30781083388e-05
0.0316875072898
0.0293642306506
0.00860297818876
0.0
0.0
0.0248184245554
0.00368127605102
0.0274433887087
0.0230775868024
0.0315751737482
0.00655485640707
0.011912684952
0.0168167032047
0.0259025594929
0.00042489306222
0.00374521903127
0.0
0.0374058755439
0.00489023159779
0.0263505025973
0.0296223276042
0.00716748233099
0.026458848632
0.019746109724
0.0561984312346
0.0194763875912
0.00169448324815
0.0002623957053
0.0033048837611
0.0298072262911
0.00907070338099
0.0141617489475
0.00640110780619
0.0591056034319
0.0
0.000734521360837
0.0
0.000202118014088
0.00185666359476
4.6445175218e-05
0.0274951152006
0.000570072686723
0.000473083643291
0.0121366804582
0.0134148161906
0.0149806977302
0.0226453923318
0.0
0.0
0.0194238958548
0.0340878569446
0.0
0.0347614212077
0.0137033420386
0.00510291506456
0.0
0.016233583078
0.000836907445104
0.00358107033215
0.00787017342266
0.00517699687832
0.00632009749742
0.0239548732855
0.00158761542206
0.0162346027284
0.0151516882746
0.0140407065378
0.0
0.0165549605352
0.00953467174208
