0.0565227819642
0.0029396378735
0.0434210158601
0.038026462465
0.0160218651768
0.027992215192
0.0
0.00686618298374
0.00538878365686
0.000376902860673
0.0458990298612
0.126289426339
0.120288472104
0.00310504639465
0.0522687495057
0.0377471761804
0.000944872477451
0.0186545268506
0.00518311280986
0.00337171962976
0.0319877821593
0.0610847270974
0.000376902680832
0.0593840196886
0.0224221555097
0.000376902860534
0.0811395616927
0.0367726580289
0.0
0.0231505832571
0.0
0.135443134886
0.00834660339592
0.0395190341358
0.0325480070867
0.000376137050483
0.0
0.0233906292384
0.0319851988075
0.00152495633295
0.00172082686842
0.0632170520524
0.00203386726408
0.0144869724654
0.0055151060987
0.0332881837351
0.0117685041634
0.0175088726922
0.0380738248814
0.00133284724656
0.00133284724656
0.0209245921614
0.0163844648038
0.059605713717
0.000518509501732
0.00988926343043
0.000376902860677
0.00250674092153
0.0
0.00330625625782
0.202466530073
0.0
0.00536138491595
0.000376902860677
0.00318807219707
0.013655489554
0.0350722167042
0.0
0.0
0.0192905255397
0.0142793995806
0.0134511556341
0.0148106406164
0.0194718118792
0.0133468826053
0.0576380007821
0.0024040322632
0.0868059994788
0.00169926142366
0.0151989764634
0.0
0.0638053656885
0.0178379463983
0.116646411046
0.000188066766154
0.0218457345428
0.0726455850564
0.000985975580059
0.00452888564812
0.0410883809925
0.115197071194
0.025698980234
0.0317664959308
0.0291931989155
0.101454168598
0.05015005746
0.0107854381772
0.0681145408965
0.0
0.00297703512636
0.0
0.00082009071331
0.00747188024462
0.0202282925866
0.0167811384528
0.00230900717994
0.00191606267449
0.0326340956884
0.00310507528074
0.038092604117
0.0742961807006
0.0
0.0
0.0150358905707
0.00453210858544
0.0
0.0740415805484
0.0393662103122
0.0441393403476
0.0
0.043837847124
0.0490749516023
0.0103885253129
0.0240211302369
0.015876350872
0.0256989511782
0.0533520004397
0.0507951181508
0.0467356163532
0.0590505245019
0.0106023009112
0.0
0.0349226303715
0.00996470872933
