0.0805053654727
0.0281064089692
0.0631457218171
0.039069965292
0.183046637296
0.0304649374699
0.0
0.163975863699
0.0391281527801
0.00111457372213
0.211683067128
0.211147495931
0.00462952025818
0.189456309624
0.267162006191
0.2511937923
0.0025325319408
0.0661244897807
0.00869630271588
0.0109448331545
0.047739460622
0.187966964467
0.0339466441524
0.132650163844
0.0129381438899
0.00105640942363
0.0939465501638
0.029855380945
0.0
0.222122604345
0.0
0.13058257988
0.199180953651
0.296271696012
0.285545442246
0.00111412572213
0.0
0.171956394407
0.0623647834642
0.0061800044468
0.0336845859655
0.186495677638
0.0062575112976
0.352416595816
0.223543856893
0.386577180797
0.225736802053
0.150580870902
0.175452114947
0.128093499354
0.128260593304
0.278025294601
0.125533572482
0.185106508594
0.00990411190341
0.0826489893159
0.00105767271369
0.00306183329271
0.0
0.0658128917078
0.00408410873061
0.0
0.00785033230672
0.0093682900296
0.0135683325769
0.0407346875617
0.227080771207
0.0
0.0
0.128061746476
0.084641831927
0.219334036915
0.195169695069
0.184407489823
0.0614206243962
0.0864896836079
0.172600437711
0.253720539558
0.0206821251526
0.375538604751
0.0
0.248076398989
0.152558620878
0.200463352278
0.016833324922
0.231543158182
0.189897042131
0.102947957974
0.0335639110448
0.319163089835
0.136996154753
0.0330410168438
0.0340237514759
0.102454400352
0.10834757541
0.144059949716
0.0781303246549
0.292953938358
0.0
0.103981613841
0.0
0.018618778387
0.106130355418
0.000558115486755
0.140864877501
0.0228455391101
0.00568975617957
0.127439254377
0.00716705783492
0.134197409048
0.29956490759
0.0
0.0
0.357482844256
0.549893064585
0.0
0.187303763729
0.339925623487
0.058936063733
0.0
0.195184826643
0.102620741018
0.0387402761238
0.115942343188
0.0447851741187
0.159338310183
0.242787315306
0.108554532092
0.0660290350267
0.257390305092
0.0224043431068
0.0
0.285515197482
0.0636195223695
