0.518615020612
0.843384820785
0.732591219461
0.615968714314
0.510525065656
0.840297585934
0.0726299563357
0.895767318023
0.658673670424
0.0535936204673
0.143389730813
0.508565155514
0.0601253461313
0.610004239642
1.00569427196
1.12167962469
0.595801334864
0.7445200726
0.885598202851
0.0160357960588
0.0160357960588
0.639716568767
0.070453730442
0.399490599594
0.0726300839366
0.0525417147559
0.0196636205382
0.867992668354
0.507266013351
0.0159691880682
1.12107181808
2.11730299147
0.0927453359951
0.0160337568161
0.0380339324402
0.902588397591
0.630175603257
0.682419789156
0.279588324514
0.0376223603223
0.0123016670929
0.0
0.775643911281
0.679084255179
0.038292300544
0.0717387973764
0.0
0.0
0.0842145434273
0.0609950299979
0.0744151205599
0.00365152440911
0.0
0.00867399469546
0.48352682694
0.0484422396807
1.05582864129
0.00867399000945
0.143728794183
0.131997001414
0.260472504743
0.546939588909
0.00365219965691
0.0100151561903
0.829348812389
0.34766716581
0.663429307708
0.147739880524
0.00730352091739
0.927382237961
0.0550056577828
0.541536765196
0.0
0.0
0.0
0.131504983727
0.17822492017
0.0176508459734
0.712377512931
0.661875681464
0.0584793667117
0.72690862169
0.0
0.635070090058
0.45333385383
0.210103678289
0.0210541915435
0.174099119309
0.139715395125
0.322741199321
0.0036521996569
0.646099686024
0.00922190571391
0.639851677278
0.0
0.120087206331
0.0
0.32916100057
0.0174297426847
0.30536359344
0.0871597915795
0.0143150032538
0.00365219965691
0.766620044484
0.33554894808
0.0634789864995
0.791820158942
0.690298060516
0.314696499544
0.684307206367
