0.483918804031
0.438038153305
1.01506247221
1.09521298005
1.33435602145
1.04321074936
0.0555236209504
0.332988763062
0.721763985269
0.0205622032596
0.123784806119
0.563083741537
0.0230175704505
0.520779393241
0.558840790145
0.524237108646
0.448897394443
0.349788474343
0.449088510236
0.0106366112828
0.0106366112828
0.374602895271
0.0365159226631
0.14898584707
0.0301732295439
0.0311170450616
0.0130862464517
0.758069665178
0.197999591145
0.0105716255994
0.698751363736
0.508562017213
0.0510336817336
0.0106366112808
0.021397170331
0.486032502717
0.376627982664
0.25201918079
0.420587727175
0.0099487678631
0.0049580808388
0.0
0.74912549931
0.330432122008
0.041084409773
0.0195761369722
0.0
0.0
0.0413104787086
0.0445481552014
0.0956251943698
0.00247355521926
0.0
0.00247440557506
0.122209982593
0.0402192560719
0.616176698061
0.037622354252
0.0570664368765
0.116461803009
0.0913305872881
0.325102175807
0.00247440563285
0.0114078568182
0.742213908391
0.264213662115
0.645856183216
0.00558553511026
0.00495526475052
0.341150019314
0.0301732295439
0.646251975932
0.0
0.0
0.0
0.141558317146
0.0974548374733
0.00508784102941
0.784349159833
0.362221208215
0.0607039069534
0.65470348703
0.0
0.402766758574
0.417392165983
0.0856438436954
0.0106362862782
0.0796187784016
0.0247119752886
0.299525837313
0.00247440563284
0.269876844481
0.0141117598203
0.411613486512
0.0
0.079321845875
0.0
0.187870998403
0.00496125770546
0.460655300875
0.0158407075892
0.00978528366187
0.00247440563285
0.646563576772
0.0567398020486
0.0591951583001
0.452809440256
0.715151734625
0.0741071043351
0.420073554867
