0.547857949001
0.624226185473
0.921735954335
0.469194036125
0.56346715739
0.734545114717
0.109865241552
0.621583300274
0.532738120736
0.0406004903235
0.134880801576
1.79073267978
0.052834655359
0.41539683673
0.80096272922
0.895145056645
0.665912204575
0.553624683356
0.733661626492
0.0376223603223
0.0376223603223
0.499864479438
0.0647114075459
0.318094860246
0.00914833961275
0.0742160588684
0.0406306766393
0.653895904371
0.32848749449
0.0375534004775
0.811159437558
0.506781171798
0.076727125962
0.0376189281994
0.055882705979
0.458953583115
0.479106555086
0.325938547511
0.406202140283
0.00303330663372
0.00607958933016
0.0
0.715246793525
0.679855302326
0.020008554428
0.0196586072328
0.0
0.0
0.0743769758885
0.0566175706212
0.110725316327
0.00303266882353
0.0
0.00303330657709
0.22988227433
0.0344716514892
0.611630170045
0.0246419043341
0.0796384962731
0.146599209018
0.17574823183
0.510770245326
0.00921882851504
0.0290853137575
0.523436670172
0.182002820617
0.518145579338
0.0634657505212
0.00606133285193
0.238555379876
0.0215167658523
0.422282756137
0.0
0.0
0.0
0.206982747433
0.0673273784635
0.0196520410784
0.585920351713
0.373560155107
0.04692958247
0.530614940188
0.0
0.276854921212
0.505022146574
0.0731422423254
0.0246407554105
0.239897265659
0.0788137723057
0.274739213817
0.00303330663372
0.272905641542
0.0289818890766
0.524579512621
0.0
0.0674423242354
0.0
0.0840562842641
0.0060826946919
0.428848768017
0.0286375662213
0.0121102633866
0.00303330663372
0.674862094837
0.222856527819
0.0770266718774
0.401801984058
0.704024798686
0.447235223151
0.597543235881
