0.374170249592
0.472861324479
0.385676427966
0.0997785821247
0.122205919262
0.238663975113
0.0493416956036
0.398217377218
0.124922533024
0.00926240085875
0.122993315166
0.229410674853
0.0204099597691
0.133532846581
0.504857398621
0.488104565704
0.215173858274
0.425591112706
0.400808551754
0.00335510726737
0.00335510726737
0.491116029867
0.0500137759596
0.0607925261896
0.0376449259584
0.0362857152387
0.006726918468
0.175459468925
0.222919036053
0.00332999761321
0.633998066775
0.47823734451
0.0383862047512
0.00335192223883
0.00931311989272
0.156581862748
0.249290294817
0.213608773085
0.0688626006071
0.00598118865857
0.00930953892004
0.0
0.307963488214
0.51220394402
0.0238710835665
0.0346253719835
0.0
0.0
0.0375066855494
0.0496908282729
0.037898555484
0.00335439458197
0.0
0.00335510726737
1.41303025884
0.00404268999843
0.329426679496
0.0195050543959
0.126035277447
0.0728794644205
0.115056413495
0.391370202394
0.00598118865857
0.0101205518296
0.39136812657
0.221451231002
0.19792162085
0.111715973922
0.00660319690487
0.217648177085
0.0126632988451
0.145472690146
0.0
0.0
0.0
0.0614608383602
0.027907761902
0.0148369916515
0.279629849235
0.268945555745
0.0353224224027
0.428644903611
0.0
0.0425202863113
0.177499047043
0.0932868447525
0.00335488183453
0.032936076532
0.0434861881671
0.0239608958153
0.00335510726734
0.155423823004
0.00834662511015
0.169526344563
0.0
0.0721583587772
0.0
0.212576252437
0.00672855541067
0.0672085113951
0.0205733835951
0.0156293559056
0.00335510726737
0.544995013875
0.408360445069
0.0262493104793
0.181302092282
0.515753046261
0.241654220472
0.362895614468
