0.273451520373
0.259577198241
0.583278805247
0.399468536428
0.460986363092
0.542624198664
0.0650314285084
0.377560192147
0.342390357766
0.01724566171
0.103711064537
0.429660840046
0.00748228292355
0.254536530157
0.539958092008
0.319602898033
0.237022780838
0.188088311555
0.33429675518
0.00123304196669
0.00123304196669
0.102031708009
0.0455951905599
0.233286206687
0.0104609693493
0.00745993666653
0.00247085270444
0.497037606201
0.246918580583
0.00123227615649
0.335383939949
0.30409760238
0.0423389681795
0.00123304196505
0.0133379894279
0.414044096414
0.253493459439
0.50822702612
0.17095418038
0.0160357960588
0.00246879341372
0.0
0.553694199057
0.237183473534
0.0565055114127
0.0358020264198
0.0
0.0
0.0305200498859
0.0723410477781
0.143472917243
0.00123304196669
0.0
0.0012330419116
0.0672085118895
0.058453164868
0.451467692517
0.00123304079208
0.0767359360004
0.16047500333
0.0760828019491
0.385700705043
0.00123304196669
0.0145886424567
0.251471855285
0.268542807695
0.537348271772
0.0176530813095
0.00247078861761
0.250293945567
0.0404163485398
0.376962893207
0.0
0.0
0.0
0.179335016743
0.0415046116623
0.00247161851464
0.440319299573
0.18639570705
0.0631998204113
0.358424090508
0.0
0.25100195064
0.740709716574
0.0460388350113
0.0160353897838
0.0595873321409
0.0305981403779
0.383271275446
0.00123304196669
0.10344517038
0.0176993408074
0.206327965631
0.0
0.0703143099936
0.0
0.0615520624351
0.00247161851464
0.901406494398
0.00983406600538
0.00480385322501
0.00123304196669
0.449164936649
0.0980716592837
0.0807004444559
0.3502878543
0.550432626048
0.156587130034
0.258301750877
