0.00410504442606
0.0124154427363
0.00369504526122
0.00867398931591
0.00247440152445
0.0119427028101
0.000140468287238
0.0125196220041
0.00729341879306
4.64452241597e-05
0.0202282935494
0.00297795124359
0.0231837984245
0.0138846428051
0.037439644682
0.0102659013675
0.0115874376675
0.00763854765017
0.00910566283227
2.31758862501e-05
2.31758862501e-05
0.0020724186057
0.00012447236572
0.0018357746712
6.98087704289e-05
0.00014047236572
4.64452241597e-05
0.0295302821221
0.00303273282353
2.31758862501e-05
0.0156291056341
0.00867302827779
0.000116821561136
2.31758862501e-05
4.64452241597e-05
0.0109359665549
0.0136336602102
0.0118240171432
0.00177252701913
2.31758862501e-05
4.64451996889e-05
0.0
0.0210547040645
0.0100799286604
9.32672909856e-05
6.9808744335e-05
0.0
0.0
9.32672909856e-05
0.000116821536535
0.000260202561844
2.31758862501e-05
0.0
0.0376223602591
0.00335510726737
0.0202282981399
0.0210555224926
2.31758862501e-05
0.000456366174593
0.029606355582
0.013392626578
0.00946642894171
2.31758862501e-05
6.98087704289e-05
0.0202282933126
0.00534739766375
0.00693728371418
0.0153352334235
4.64452241597e-05
0.0107840816158
6.98087704289e-05
0.00284092876808
0.0
0.0
0.0
0.000431537302134
0.000259544148253
4.64452241597e-05
0.00365219498401
0.0220218222026
0.00014047236572
0.0123205450363
0.0
0.00485882956735
0.0144219443999
0.000220056942201
2.31718077685e-05
0.0074595030716
0.00233407536397
0.000980879892957
2.31758862501e-05
0.00453546513189
5.38087704289e-05
0.00369591810664
0.0
0.000558115885457
0.0
0.000482179015772
4.64452241597e-05
0.00123304196669
0.000308798964307
9.32672909856e-05
2.31758862501e-05
0.00631679247956
0.00146682347754
0.000164216420785
0.0376213718386
0.006897493574
0.0117616781534
0.00507765477507
