0.0372488058194
0.0389498677294
0.0332502742095
0.0326641922158
0.0311839329665
0.0360846013531
0.0657526982014
0.0786161421171
0.0780683294762
0.037739656027
0.0393090504837
0.0742845975093
0.0382136701445
0.0532340430296
0.0774226244657
0.0899230052736
0.0592213067393
0.0833549086321
0.0858019691054
0.0376223603223
0.0376223603223
0.0479724207834
0.0675199735235
0.0465505418267
0.000423138520732
0.206296271266
0.037737750047
0.0827610686052
0.0521462252796
0.037550798095
0.0503411712862
0.0523991969372
0.0730103743883
0.0376188028127
0.0377396568017
0.0509749597402
0.0186842671642
0.0131933694728
0.0107652463907
0.00014047236572
0.000281492507848
0.0
0.0397071319536
0.0431146112278
0.000562792680105
0.0268378819377
0.0
0.0
0.0379756900726
0.038094434608
0.00157746158877
0.000139962555526
0.0
0.00014047236572
0.0363492760351
0.00114006811648
0.0219600162183
0.000140472218895
0.00277160102682
0.00298068403282
0.0425890009397
0.0369353384747
0.00014047236572
0.000423138520732
0.0679385346778
0.0211019112176
0.0370119904726
0.0029238064955
0.000278647927766
0.0505097885566
0.000423138520732
0.0518596699886
0.0
0.0
0.0
0.0203429958968
0.00157351110735
0.0297396568017
0.029444460736
0.0346349879485
0.000851512408491
0.027738783252
0.0
0.0199080301158
0.0210144577158
0.00142760608543
0.000140472365717
0.0174272077263
0.0141806453339
0.0156155982317
0.00014047236572
0.0227631327261
0.000423138520732
0.0284598703297
0.0
0.00338447924258
0.0
0.0319368467548
0.000281516978737
0.00748228292358
0.0018721575136
0.000565341731076
0.00014047236572
0.0538703705096
0.0162798509095
0.000994445560163
0.0236133094674
0.0433871344599
0.0513908403532
0.0379637408052
