0.690419301259
0.795970535432
0.744871146705
0.304611175535
0.325466420028
0.485120332105
0.0278933241323
0.529766395096
0.274096220126
0.0117664520002
0.146105899088
0.509860166987
0.0911095213161
0.442090120042
1.30788402328
1.05756152667
0.353016994798
0.996573221387
0.686164211226
0.00542228419772
0.00542228419772
0.641493416538
0.0236283526628
0.160712193109
0.0195151187657
0.0368673991175
0.0108791807549
0.508254245312
0.504877117468
0.00538746194134
1.04168695465
0.541032429095
0.0301438079535
0.00541912942335
0.0108799693262
0.388926810739
0.694075868462
0.380604055644
0.342838179238
0.00645670374217
0.0160028599904
0.0
0.463382843194
0.780426349959
0.0236316098396
0.00236208054597
0.0
0.0
0.0278397721097
0.0625023720297
0.129324226313
0.00542141694993
0.0
0.00957226424617
0.39163264697
0.0457507742462
0.663172640062
0.00957225935609
0.241938989311
0.416968337541
0.324821665257
1.99076702453
0.00645670374217
0.0163714421467
0.89410156867
0.708856487748
0.354819390162
0.175329956021
0.0107464801957
0.287190601992
0.0172911446601
0.269455618823
0.0
0.0
0.0
0.0716709882868
0.156833262291
0.00697137261068
0.626044592489
0.332295016599
0.0329036848652
0.521050434938
0.0
0.206869814344
0.87696511263
0.167978495492
0.020227357812
0.593182070168
0.30372536571
0.0953587449884
0.00542228419768
0.373898873578
0.0290806058051
0.540196927547
0.0
0.125373892844
0.0
0.128080806241
0.0430541688384
0.385389064375
0.0209679183565
0.025358476457
0.00542228419772
0.796989216799
0.376245526462
0.0422123510232
0.40044710318
0.832941990944
0.374629843497
0.375861243122
