0.163794746603
0.305304737028
0.280372802504
0.102490181558
0.0796145190721
0.191604979984
0.014841680763
0.147773039296
0.0632016299843
0.0314989384288
0.0509304437345
0.239723344111
0.039807023161
0.043904983779
0.492310477363
0.461908958682
0.0337922439494
0.223063702188
0.356569208242
0.00199749038417
0.00199749038417
0.208343423385
0.0203118839169
0.0124054444388
0.0255805086803
0.0174112077263
0.00400401977198
0.0871635238284
0.256851990978
0.00197589576672
0.33180142758
0.16904225105
0.0415241610431
0.00199749038221
0.00400401977198
0.212706999473
0.126982063438
0.196160558626
0.056575601559
0.0296223603223
0.00943096336066
0.0
0.190118581634
0.288591970426
0.00794823984204
0.0335370581489
0.0
0.0
0.0409702029815
0.0208621966345
0.0327896114615
0.00199658962841
0.0
0.00745950300941
0.0329362620048
0.00408885866209
0.203648231919
0.00745949864237
0.0596886738014
0.0998579847503
0.102001056253
0.593182309575
0.00199749038417
0.00591219288158
0.315064507511
0.113342812753
0.0637508068079
0.0532890316006
0.00388856195009
0.0432526297717
0.0335805086803
0.0220784437546
0.0
0.0
0.0
0.0633771623109
0.0407774625801
0.00143381756952
0.249132520968
0.1712496133
0.0113349427991
0.09651518668
0.0
0.0144444702487
0.29873829566
0.0553429140226
0.0019973668599
0.984766536917
0.0451365117168
0.0278217914821
0.00199748630566
0.0252778550355
0.00495847955682
0.0533626700727
0.0
0.0721416560624
0.0
0.0706610574932
0.0149806977302
0.0592958685237
0.00361294463711
0.0128392442991
0.00199749038417
0.244437778857
0.0909272906016
0.0141853561668
0.200038683644
0.126549072764
0.0808834734808
0.0518960019956
