0.159572191498
0.333952440314
0.091613695109
0.0441839065059
0.0247119638766
0.122371091821
0.0136704053998
0.0658171459076
0.0504007208394
0.00876760302295
0.073032357111
0.078758138653
0.0141806453338
0.0140621295006
0.525443900459
0.436486332067
0.0559478260081
0.319210040331
0.416535239701
0.00233407536397
0.00233407536397
0.0789508080863
0.0101113211171
0.0783275301208
0.00308999730588
0.0141577035396
0.00467882209436
0.151903887556
0.198638107884
0.00230446280496
0.468457832361
0.139504751606
0.014822403686
0.00233407536396
0.00876760321988
0.0898549665779
0.0755753945989
0.184177447831
0.0512884188392
0.00645670374217
0.0129604790794
0.0
0.15031721328
0.337494667698
0.013372035429
7.04472711363e-05
0.0
0.0
0.013424002485
0.0240549553596
0.00741047923609
0.00233407536397
0.0
0.00233407530406
0.0434861881671
0.000408776292484
0.0961769180643
0.00233407333289
0.0464419570261
0.0930074841272
0.10079977985
0.303619524829
0.00233407536397
0.00703062704257
0.539139518887
0.24100369237
0.125755803357
0.0360745820633
0.0045620179558
0.0650673293067
0.0195151187657
0.0521728273172
0.0
0.0
0.0
0.0128875326858
0.0504462438082
0.00467973878788
0.378799059928
0.0949643738279
0.0139017618507
0.10802102393
0.0
0.0162190928835
0.164263658666
0.0449474859371
0.00645571729641
0.0451363300423
0.943265236034
0.0022758927919
0.00233407536394
0.02097732015
0.0409955807322
0.08112739937
0.0
0.0468862463789
0.0
0.0350025314101
0.00467973878788
0.0304756086678
0.0312817264019
0.0126946440609
0.00233407536397
0.274662884949
0.0127575799962
0.0204952785421
0.0864863343178
0.426472334113
0.0117881104873
0.0543940225901
