0.581848703982
0.673078235377
0.811734312375
0.616824507658
0.449262301205
0.666193190085
0.0556666068685
0.612620532136
0.658603544252
0.0413705453462
0.108727510418
0.666337166937
0.0595531405143
0.450407572178
0.910790407661
0.919857113983
1.47880923979
0.490911013156
0.542319455373
0.0376223603223
0.0376223603223
0.567558020959
0.0516507245297
0.189851250229
0.00823285917283
0.0591552378603
0.0414714867371
0.759047808968
0.313431432994
0.0375558066103
1.07916986096
0.590859820606
0.0584951793795
0.0376191879572
0.0437784296174
0.381684400817
0.422929674283
0.357855836257
0.26191778225
0.00387418120254
0.00776703523725
0.0
0.630682559866
0.685536624554
0.0481007405489
0.00288483302165
0.0
0.0
0.0224798478782
0.0263061984895
0.0471429941742
0.0038732601114
0.0
0.0115874376075
0.215478053195
0.0189625839696
0.672279825702
0.00618019900137
0.126686565064
0.118313909959
0.0802134327803
0.353085752179
0.0115874376675
0.0161288843118
0.602531038944
0.177647630183
0.672235863132
0.0816658417572
0.00774929698006
0.30165551993
0.0162328591728
0.738609948922
0.0
0.0
0.0
0.0749949199216
0.0541514358114
0.00203120830786
0.494375475521
0.374474383983
0.0375689601671
0.437369628819
0.0
0.58543726667
0.384246020702
0.0397426627011
0.00617921278817
0.0337949523494
0.0559487427332
0.163678914263
0.00387418120253
0.352447509711
0.0172605088216
0.781849583416
0.0
0.0280664918716
0.0
0.0897983705305
0.0124051231944
0.237263202676
0.0808706261954
0.0150858513274
0.00387418120254
0.599212211533
0.283191575712
0.0388898418566
0.454649008261
0.631889335722
0.289780733617
0.920936942873
