0.468938142957
0.603679189909
0.656331067795
0.489593857291
0.411613469089
0.491281354426
0.0165795492902
0.497731705727
0.492159619678
0.00847279479179
0.058315221056
0.524579506452
0.023486771583
0.524555065231
1.12578133678
0.908150650456
0.781815319905
0.551831513543
0.521450516575
0.00491276287738
0.00491276287738
0.323726200415
0.0235678731655
0.323469563949
0.0111506286336
0.0283914138909
0.00985499869539
0.604486181233
0.0988260823089
0.00489560747221
0.996469684265
0.632426987757
0.0192548635832
0.00490943227171
0.00858550509777
0.496119592481
0.523837909981
0.454647164634
0.303974950712
0.00369591810664
0.0231701051972
0.0
0.45743369985
0.545852955414
0.0147964450031
0.0111506255545
0.0
0.0
0.014909916387
0.0331011390908
0.0424930341911
0.00491180222597
0.0
0.00369591810664
0.169526344562
0.0301659459109
0.679030024416
0.00369591521907
0.0740480225514
0.0804661587775
0.269981678012
0.538919967701
0.00369591810664
0.00125948015641
0.722367334067
0.115481971685
0.528158211817
0.0777557071612
0.00982571415531
0.469170793928
0.0111506286336
0.522922452285
0.0
0.0
0.0
0.043532075805
0.0417676352482
0.000585505097773
0.351504846934
0.269645984352
0.0224936296233
0.363714288546
0.0
0.546041608541
0.265193529059
0.0371197777562
0.00369587324327
0.0533625789796
0.08112739937
0.162303552104
0.00491276287737
0.619334160297
0.0110827672881
1.20878132824
0.0
0.212436677947
0.0
0.0785041246008
0.00741271251184
0.20632796533
0.0504134781325
0.0191761475573
0.00491276287738
0.442369843
0.214020031092
0.028312066055
0.397651170577
0.505269063927
0.27563715753
0.825354476066
