0.413342224283
0.434255001206
0.628212614067
0.75646325219
0.64624812938
0.814772932387
0.0846082681613
0.306736133813
0.794665041741
0.00934570190422
0.0590876696616
0.421779859638
0.0174800377023
0.589805664406
0.666795970837
0.652602369332
0.738465990884
0.303141325122
0.388788300629
0.00284092876808
0.00284092876808
0.346494087719
0.0804205061554
0.0479002298083
0.0197315512068
0.0517917250597
0.00569494446141
0.793748993514
0.211479429923
0.00283863424566
0.896475784188
0.536119208598
0.0580982768423
0.0028377785257
0.00934570248582
0.473166629517
0.315231141611
0.471522216008
0.262134336834
0.00652794975162
0.00569327597929
0.0
0.887041303036
0.488751342599
0.0262902448786
0.0626834949194
0.0
0.0
0.0572841027587
0.0909809822969
0.0701909656827
0.00284041895788
0.0
0.0028409287082
0.145472701955
0.035624758619
0.660315801991
0.0028409263944
0.173076262581
0.129341183457
0.146419811066
0.269264911294
0.00284092876808
0.00487979378291
0.688406728842
0.167877249149
0.856746217043
0.089014986434
0.0056923236346
0.57722498415
0.0405693736852
1.25693907254
0.0
0.0
0.0
0.0923635335579
0.0535009890507
0.0324401132041
0.624899032616
0.504964704793
0.0398031785403
0.491226096747
0.0
0.698822098575
0.394593005503
0.0634928880658
0.00652782371661
0.0220783785336
0.0521728332536
0.229941306881
0.00284092876807
0.359072693752
0.0105726805193
0.522922452285
0.0
0.0185992432128
0.0
0.187039530041
0.0131048602477
0.376840646234
0.153693680791
0.0111330653671
0.00284092876808
0.615380843023
0.0696693937618
0.0385995115809
0.573423638598
0.716256778189
0.0631037700474
0.634732565572
