0.0082342149723
0.0232951320235
0.0302249429053
0.0134543587237
0.0205622032297
0.024124692978
0.0297396568017
0.0324773843339
0.0323356722836
0.0750942776172
0.0752205258794
0.040632484955
0.0377396567691
0.0407112688886
0.0494887316941
0.0481495186146
0.0414733656386
0.0453171230506
0.0499204642043
0.0376223603223
0.0376223603223
0.055358330988
0.0377396568017
0.0450945943287
0.0296689932065
0.0376936772171
0.0376441009712
0.0415186941503
0.0399429821909
0.037550698048
0.0202762654173
0.0531378206298
0.074640747146
0.0376187968072
0.03764511985
0.0401629223675
0.0166830482685
0.00437890566251
0.00355444316486
0.0376223603223
9.30699513757e-05
0.0
0.00524817843641
0.0149806885489
0.000185893345483
0.0266494370584
0.0
0.0
0.037692451727
0.000234118015875
0.000521476284125
4.64452241597e-05
0.0
4.64452241597e-05
0.00931312000791
0.000376902860677
0.00723783363552
4.6445175218e-05
0.000916100386409
0.000984901321656
0.00202012574018
0.0118558010369
4.64452241597e-05
0.000139900175164
0.0194354096136
0.00695949549757
0.00557233040866
0.000966390807726
9.19304879503e-05
0.0133796457346
0.0376689932065
0.00934569669707
0.0
0.0
0.0
0.0300307217382
0.0378580701597
9.30781083388e-05
0.0073249372044
0.00328405074413
0.000281516978736
0.0398602410684
0.0
0.00656365875336
0.0116316399438
0.0359389514425
4.64452241584e-05
0.0315966707417
0.00876760321988
0.0117423002299
4.64452241591e-05
0.00825225953709
0.000123900175164
0.00858550509777
0.0
0.0381573003213
0.0
0.0300813591173
9.30781083388e-05
0.0171231307555
0.000618874573857
0.000186912965872
4.64452241597e-05
0.0157456426112
0.00294037161783
0.000328593412013
0.00467973342911
0.0128549964748
0.0265990641814
0.0210083222618
