0.0185409882894
0.0193930597981
0.0165837789755
0.0162868054844
0.0155514237152
0.0431940523704
0.000422564710537
0.00868031475594
0.0126677853418
0.000139900175033
0.0208989547204
0.0306228043767
0.00042313852073
0.0128674859181
0.0275701020528
0.0364524939381
0.0193105989936
0.0206486405676
0.0124988794086
6.98087704289e-05
6.98087704289e-05
0.00624848470527
0.00037513852073
0.0412556556483
0.000210276512141
0.000423138520732
0.000139900175164
0.0453462195518
0.0123513255129
6.87891500405e-05
0.0245422150543
0.0108646165298
0.000350873670853
6.98087704289e-05
0.000139900175164
0.00811460918955
0.0225358331999
0.0215854544119
0.0301102984443
6.98087704289e-05
0.000139382208007
0.0
0.0179273741634
0.025014171985
0.000279920487044
0.000210276433859
0.0
0.0
0.000280940107433
0.00035189324191
0.000783830024406
6.98087704289e-05
0.0
6.98087704289e-05
0.0101205518296
0.000566514604214
0.0240247384124
6.98086970162e-05
0.00137636325805
0.0229442722149
0.0153663070941
0.0309568871753
6.98087704289e-05
0.000209665264347
0.0384847906048
0.0123825176176
0.0227660041416
0.00145263430177
0.0216689932065
0.0078788848108
0.000210276512141
0.0121781461738
0.0
0.0
0.0
0.00130004484426
0.000781854783501
0.000139900175164
0.0168507469337
0.00497928471801
0.00042313852073
0.0168143164693
0.0
0.0113760430966
0.0213005101725
0.000693940381913
6.9804691946e-05
0.00602140350838
0.042255653886
0.00287102364545
6.98087704289e-05
0.0112838070508
0.100960765798
0.0135062648809
0.0
0.0160866145737
0.0
0.00145262644431
0.000139900175164
0.0183384379411
0.000930237430943
0.000280940107433
6.98087704289e-05
0.0252714566901
0.00442070670293
0.000493646279951
0.00703709679582
0.0306351521815
0.0103723821223
0.0134536128408
