0.990535456437
1.36564963929
1.07272754702
0.617650801991
0.526902521666
0.894574575667
0.136527244547
0.961650467309
0.664059788754
0.0481986441596
0.163348550508
0.899926548443
0.09047441426
0.666831970925
1.63715298439
2.57357963859
0.928882214832
1.08391705965
1.16349725117
0.0376223603223
0.0376223603223
0.754020038628
0.0815385526555
0.491975423041
0.0348029619155
0.0900631548701
0.044891081902
1.05614765017
0.545661998872
0.037555943495
1.64684619591
1.12032805928
0.11026201816
0.0376194439558
0.0478124834253
0.757787315236
0.618156107224
0.780271512972
0.410969450423
0.0106366112828
0.0211092717817
0.0
0.941389160881
1.12347607106
0.0577693472316
0.0250827963878
0.0
0.0
0.0815174896588
0.0643606965702
0.112570079096
0.00729276471395
0.0
0.0103515619948
0.49060273604
0.0520712131743
0.933758676384
0.0102141444979
0.163953016898
0.209766296975
0.34992434381
1.06596656687
0.0106366112828
0.0170419121166
1.30231206769
0.588010269196
0.713591040237
0.175277056259
0.0145174366542
0.69879662368
0.0322880627875
0.661150432334
0.0
0.0
0.0
0.116512045331
0.0864469752894
0.0224540456658
1.05852212724
0.672543185654
0.0639291008743
0.646325561927
0.0
0.807063838542
0.812988772868
0.103072927681
0.0102138771787
0.46254686184
0.437021702948
0.221648078937
0.0072934231275
0.583938195806
0.0340176030499
0.911464848956
0.0
0.124652515031
0.0
0.221398294857
0.0208207129135
0.323561812335
0.0764553463821
0.0321878350542
0.00729342312754
1.20756915777
0.356485173602
0.0666554856745
0.540990708971
1.14088016783
0.392196317009
0.893953677134
