0.891219257163
1.15691055622
0.949656386623
0.590057253035
0.566543521428
0.800758048284
0.0820535360149
0.891290296302
0.718060253921
0.0494458865065
0.191584543644
0.809014655825
0.0933569871659
0.603961868086
2.68198240175
1.6394471489
0.921152520212
1.30105880066
1.16044543634
0.0376223603223
0.0376223603223
0.693179313339
0.0712867081513
0.374938439723
0.0291198571433
0.0776211478017
0.045494434949
1.11863103885
0.676836470162
0.0375551390883
1.74422001155
1.0061435228
0.0679025590008
0.0376193088056
0.0501186706614
0.813348030444
0.748083138971
0.769239545062
0.423798739807
0.0119427028103
0.0296753022676
0.0
1.02393782548
1.02633041653
0.0405160248199
0.0132707456316
0.0
0.0
0.0399106489919
0.0625405996598
0.123999614993
0.00789690104426
0.0
0.0376223602651
0.50632582623
0.107316227775
0.91596636708
0.00789689651714
0.15135220041
0.229735062977
0.362868856302
1.31843919589
0.00808158571168
0.0220485913863
1.50023261171
0.680053425099
0.702500303367
0.141899579494
0.015727765952
0.720816491197
0.0363232552912
0.675152427936
0.0
0.0
0.0
0.137288048834
0.179504256723
0.0158622297343
1.02266656765
0.540449544449
0.0688949076621
0.665426457268
0.0
0.647070567733
1.11583436383
0.199717094625
0.0119423747374
0.500546530367
0.532473209623
0.236643365266
0.00789690104422
0.650964464316
0.0254253511821
1.13890078862
0.0
0.288757240822
0.0
0.159805179137
0.0162346027284
0.543752172709
0.0764430787976
0.0346253712155
0.00789690104426
1.27409820902
0.306629721841
0.0768275157968
0.707602435956
1.1691494364
0.608101905281
1.01171798738
