0.491617796234
0.593043230129
0.884296232304
1.3701151508
1.09692171775
1.1873721458
0.0546153223992
0.367918800569
0.969954505692
0.0134543641646
0.12363560915
0.469573015106
0.0547261613824
0.63271389244
0.581503173784
0.614996313236
0.616462134157
0.317171276874
0.396753728005
0.0106366112828
0.0106366112828
0.404475917405
0.0345186067713
0.093930887279
0.0122242262286
0.0325958691278
0.0134525084006
0.722025186013
0.252453005572
0.0105727422406
0.851491997587
0.614762410222
0.0442272834399
0.0106366112809
0.0213970573367
0.505700461557
0.411399261011
0.443836249058
0.37476656568
0.00284092876808
0.00569347768589
0.0
0.72536394676
0.368463581623
0.0385055504559
0.00306236366253
0.0
0.0
0.0327967011192
0.0436399055225
0.108388736573
0.00284007835448
0.0
0.00867399469901
0.100111852604
0.0552842502531
0.696471843993
0.037622354252
0.129305944629
0.195986551401
0.169025219763
0.30474486087
0.00284092876808
0.00919859741044
0.706006237334
0.153209870723
0.882069421582
0.128625757471
0.00569215366596
0.412623796672
0.0202242262286
0.756783266645
0.0
0.0
0.0
0.135894977626
0.086040068323
0.00545436416464
0.681630976664
0.520862611871
0.053095775067
0.726912003992
0.0
0.559767649023
0.45140320176
0.0764681467448
0.0106362911697
0.102902647416
0.0441848231995
0.270156401866
0.00284092876807
0.352944807267
0.0146869426259
0.489596683636
0.0
0.0767199586171
0.0
0.164266414307
0.0174297426847
0.399187570294
0.0317435903288
0.0111170898758
0.00284092876808
0.628201310831
0.0600640549259
0.0599305481775
0.542437009684
0.611424495866
0.0554376017296
0.469320578835
