0.416519253053
0.619844918168
0.647133434906
0.505627204931
0.486137204746
0.783657633458
0.074372715263
0.654592834005
0.558424654824
0.0401739846183
0.0754212484727
0.458051823461
0.0565555725746
0.61514520198
0.804102613345
0.753742621831
0.381374192348
0.574970463499
0.759528837636
0.0376223603223
0.0376223603223
0.459362807329
0.0900947757772
0.329289860142
0.00811613862054
0.0510341575815
0.0402888736926
0.724780642534
0.453705681725
0.0375544294159
0.854800473723
0.896260913432
0.0655591943326
0.0376194896105
0.075220567955
1.66609768963
0.67989346111
0.757907860148
0.398947220348
0.00269151458838
0.0146098294856
0.0
0.65209287955
0.426011125169
0.0670775525881
0.0107516486772
0.0
0.0
0.0281597709069
0.0353103334556
0.0240299545489
0.00269151458838
0.0
0.0109364763301
0.156637953861
0.0699937198485
0.817557482916
0.0119426974986
0.160673902955
0.114029130493
0.159297516554
0.389004197577
0.00269151458838
0.0248564937207
0.720617333313
0.186925045573
0.512468760973
0.0729965092965
0.00538448914339
0.628733299027
0.0266934855955
0.473215961759
0.0
0.0
0.0
0.0828247608889
0.0960117574502
0.00539684572439
0.693639548952
0.587645138895
0.0713103779917
0.609650822583
0.0
0.5447427365
0.425350587775
0.11187196675
0.00269044867282
0.212744159107
0.0898972814555
0.302141020426
0.00269151458837
0.489209668093
0.00663183477391
0.496193762739
0.0
0.0931505420923
0.0
0.158161671977
0.00539684572439
0.411985540121
0.168799633835
0.0105833611854
0.00269151458838
0.723443686511
0.061223244617
0.0541479272935
0.792979299721
0.623594470105
0.274529370684
0.347721062055
