0.00410504442606
0.00566402982367
0.00921882851504
0.0106366112828
0.0106366112828
0.0123212842841
0.0296223603223
0.0296223603223
0.0296223603223
0.0374950002914
0.037621341072
0.037622354206
0.0376223602897
0.0376223603221
0.0376223603223
0.0376223603223
0.0376223603223
0.0376223603223
0.0376223603223
0.0376223603223
0.0376223603223
0.0376223603223
0.0376223603223
0.0373996402605
6.98087704289e-05
0.0375535298107
0.0376204498216
0.0376223602936
0.0369325892441
0.0375506803068
0.00999365617211
0.0160351017807
0.0370452638572
0.037618795321
0.0376223603223
0.0374945836654
0.00307256394443
0.00217105890021
0.0017730422881
2.31758862501e-05
4.64411456782e-05
0.0
0.00261741515174
0.00745949848096
9.27574807914e-05
6.9808744335e-05
0.0
0.0
9.32672909856e-05
0.000116821536535
0.000260202561844
2.31758862501e-05
0.0
2.31758862501e-05
0.00335510726737
0.000188066766154
0.00360880989421
2.31758617792e-05
0.000457092922536
0.000491383343722
0.00100784506637
0.00542227868935
2.31758862501e-05
6.98087704289e-05
0.010784590773
0.00352299708954
0.00277871876589
0.000482183350254
4.58714139655e-05
0.00261822950353
6.98087704289e-05
0.00284092876808
0.0
0.0
0.0
0.000431537302135
0.000259544148253
4.64452241597e-05
0.00365219498401
0.00163810039056
0.00014047236572
0.00226448922933
0.0
0.00327295338881
0.00345271998631
0.000235483157502
2.31758862494e-05
0.00199749038417
0.00233407536397
0.000980879892957
2.31758862501e-05
0.00373997029145
6.98087704289e-05
0.00491276287738
0.0
0.000558115885457
0.0
0.000482179015772
4.64452241597e-05
0.00123304196669
0.000308798964307
9.32672909856e-05
2.31758862501e-05
0.00945202601793
0.00146682347754
0.000163706610591
0.00233407000534
0.00689749354353
0.0034384416431
0.00419910073513
