0.790105856643
1.01088572369
0.796491329005
0.705764486477
0.742210586204
0.852293068703
0.0592606236916
0.589334051257
0.662478412454
0.0193874143516
0.17638879711
0.523030138832
0.0556963404073
0.743036023474
1.48617358952
1.29318622342
0.602376491343
0.871073668035
1.02737597215
0.0107845962232
0.0107845962232
0.560527255014
0.0513199729855
0.252900961025
0.0217333116761
0.0678706695356
0.0216961625543
1.06607781661
0.562322877081
0.0107373321312
1.40975046551
0.821089946333
0.0595931572986
0.0107820942976
0.0318160612522
0.720508844709
0.776737808867
0.60417201734
0.419573730163
0.0086739947568
0.0240933723504
0.0
0.95920395418
0.892783483728
0.0425614632484
0.0265920407383
0.0
0.0
0.0603107122545
0.0746941809146
0.0737122200379
0.010783894413
0.0
0.0202282980843
0.391368233038
0.0473069132821
1.04634812151
0.0376223542521
0.14609753586
0.211767485743
0.420250100978
0.893616376629
0.0086739947568
0.0208185841042
2.90520802645
0.609695353569
0.694497693441
0.0989593495782
0.0215488007415
0.626657944264
0.0427154186903
0.688406998931
0.0
0.0
0.0
0.134579064585
0.161441577037
0.0229897184768
0.977192277385
0.611083690961
0.0364211751446
0.6534651894
0.0
0.638267132246
0.635478443204
0.153514052872
0.0150132513516
0.315064491406
0.539139518917
0.173304225579
0.0107845962232
0.47445579639
0.035472463433
0.722367921568
0.0
0.204794326158
0.0
0.207736682538
0.0183013213399
0.25147186677
0.1255548021
0.0413458692116
0.0296223603223
1.23497354148
0.183847190463
0.0965282732634
0.659229150818
1.1087321834
0.410359412971
0.598471297399
