0.0144823890875
0.0137754751986
0.00741139568466
0.00569663942579
0.00496125765652
0.00569664752647
0.000281516978737
0.00577118009439
0.0054875262639
9.30781083375e-05
0.000717101804719
0.0060826946919
0.000281516978736
0.00624079498798
0.0157559186402
0.0145633940384
0.00776960658188
0.0124040939797
0.00829719975794
4.64452241597e-05
4.64452241597e-05
0.00415521261562
0.000249516978736
0.00368025638169
0.000139900175164
0.000281516978737
9.30781083388e-05
0.00786238265381
0.00608154707151
4.54256037713e-05
0.0145545481292
0.00723509625983
0.000233098420217
4.64452241597e-05
9.30781083388e-05
0.00539582610374
0.00616147820319
0.00435420464939
0.003554443165
4.64452241597e-05
9.30699513757e-05
0.0
0.00524817858616
0.0149806885489
0.000185893345483
0.000139900122977
0.0
0.0
0.000186912965872
0.000234117991404
0.000521476284259
4.64452241597e-05
0.0
4.64452241597e-05
0.00672855541067
0.000376902860677
0.00723783363552
4.6445175218e-05
0.000916100386409
0.000984901321656
0.00202012574018
0.0108808751253
4.64452241597e-05
0.000139900175164
0.0216978858286
0.00706556520349
0.00557247901206
0.000966390807726
0.0670782776173
0.00524981544671
0.000139900175164
0.00569664758275
0.0
0.0
0.0
0.000864880528357
0.000520159457076
9.30781083388e-05
0.00732493253151
0.00328405074413
0.000281516978736
0.00454015265717
0.0
0.00656365875336
0.00692501099702
0.000471936022903
4.64452241584e-05
0.00400459358217
0.00467973878788
0.00196606390906
4.64452241597e-05
0.00750115575108
0.0216689932065
0.00985679199839
0.0
0.00111859039349
0.0
0.000966382138763
9.30781083388e-05
0.00247161851464
0.000618874573857
0.000186912965872
4.64452241597e-05
0.0190011094347
0.00294037161798
0.000328083601819
0.00467972807063
0.0138487572163
0.00689583025694
0.00842311597531
