0.011294010386
0.0125017064721
0.0128909123218
0.0134543600862
0.0130878410049
0.0151390371377
0.0297396568017
0.0324772537431
0.0323356766181
0.0375183625192
0.0379559736384
0.040632484955
0.0377396567691
0.0407112704733
0.0454429299333
0.0448512481379
0.0414728558284
0.0437788728202
0.0417355257876
0.0376223603223
0.0376223603223
0.0396716030687
0.0377236568017
0.0392124248253
0.000139900175164
0.0376708279859
0.0750923678598
0.0415262059149
0.0399430461909
0.037550698048
0.0172181210618
0.0196192027428
0.0371390499515
0.0376187968072
0.0376456296602
0.0401629223674
0.00616147820319
0.0043535462625
0.00355444316486
4.64452241597e-05
9.30699513757e-05
0.0
0.00524817858616
0.0149806885489
0.000185893345483
0.000139900122977
0.0
0.0
0.000186912965872
0.000234117991404
0.000521476284259
4.64452241597e-05
0.0
4.64452241597e-05
0.00672855541067
0.000376902860677
0.00723783363552
4.6445175218e-05
0.000916100386409
0.000984901321656
0.00202012574018
0.0108808751253
4.64452241597e-05
0.000139900175164
0.0216978858286
0.00706556520349
0.00557247901206
0.000966390807726
9.19304879503e-05
0.00524980728974
0.000139900175164
0.00569664758275
0.0
0.0
0.0
0.000864880528357
0.000520159457076
9.30781083388e-05
0.00732493253151
0.00328405074413
0.000281516978736
0.00454015265717
0.0
0.00656365875336
0.00692501099702
0.000471936022903
4.64452241584e-05
0.00400459358217
0.00467973878788
0.00196606390906
4.64452241597e-05
0.00750115575108
0.000139900175164
0.00985679199839
0.0
0.00111859039349
0.0
0.000966382138763
9.30781083388e-05
0.00247161851464
0.000618874573857
0.000186912965872
4.64452241597e-05
0.0190011094347
0.00294037161798
0.000328083601819
0.00467972807063
0.0138487572163
0.00689583025694
0.00842311597531
