0.266414591099
0.438606521787
0.440915943573
0.0550074223756
0.0741026961322
0.201974301569
0.0471550108395
0.460824646141
0.0881220647024
0.0265619129819
0.0704726895367
0.446526032534
0.0145908130658
0.0958770851162
0.596681531757
0.389676981395
0.289295043465
0.357748029934
0.361533726971
0.0034384416431
0.0034384416431
0.422387833354
0.0425884256562
0.149910173555
0.0220331834573
0.0513702369552
0.00689517184335
0.183445652184
0.132771928134
0.00341237490888
0.484235701494
0.314076698064
0.0516519024978
0.00343562303573
0.010546596888
0.274762679665
0.201834286785
0.193089720961
0.233003343393
0.0231837984245
0.0105466838578
0.0
0.251364043185
0.266250482461
0.0290589931872
0.0484988686715
0.0
0.0
0.0620304102648
0.0487644282124
0.0388636881622
0.00343778322951
0.0
0.0117623365055
0.241654220472
0.00177297672906
0.273454636804
0.0231837924522
0.0537474799246
0.0573898803981
0.0665822440675
0.374592687122
0.011762336567
0.00669340191496
0.410359152598
0.075650073141
0.102875044055
0.0379536880969
0.00685477203109
0.177182443946
0.037458308705
0.0631037700472
0.0
0.0
0.0
0.0873001635102
0.0616674912813
0.0185990641814
0.227519505225
0.156194287931
0.0275317448829
0.197410411496
0.0
0.0213388681573
0.239334871731
0.0777975719586
0.00343819523755
0.0808834206813
0.0117881104873
0.0786772372773
0.00343844164309
0.1752830861
0.00854103528681
0.27563715753
0.0
0.0852597959724
0.0
0.163787121786
0.00689583025694
0.156875107928
0.0191469692203
0.0135222505945
0.0376223603223
0.313778861919
0.324951872947
0.0814247182921
0.272147874157
0.242937709979
1.52182181135
0.270050664695
