0.0249981953388
0.0695325502284
0.0277884730254
0.054726134178
0.0230175499085
0.0736114173954
0.0302136497765
0.131402027836
0.0665764870996
0.0376127650043
0.0446411810556
0.0527421249778
0.17894608127
0.109451526704
0.0929533175052
0.0901803566133
0.0595531405454
0.0762125291173
0.0488347104623
0.0376223603223
0.0376223603223
0.0968611365877
0.0381605193194
0.0465524324641
0.000423138520732
0.0381448482758
0.037737750047
0.0960625665032
0.0604738060417
0.0375509144236
0.0586977269609
0.0599495335516
0.0375206159318
0.0376188028125
0.0377396568017
0.0564277958154
0.07017499836
0.0629090448388
0.01076355852
0.00014047236572
0.000281512824579
0.0
0.0544522077582
0.0334691633866
0.000563643093697
0.000423138364168
0.0
0.0
0.000565341731076
0.000708131260178
0.0486628926526
0.00014047236572
0.0
0.0231837983614
0.0204099597969
0.00662100539432
0.11730899207
0.000140472242047
0.053724408189
0.0917347233531
0.0712818083226
0.090966529631
0.00014047236572
0.000423138520732
0.0556963294453
0.0304392952985
0.0379060848881
0.0804327226344
0.000280943114846
0.0577501396121
0.000423138520732
0.0174800377268
0.0
0.0
0.0
0.00261661888448
0.00157351110682
0.000281516978737
0.022226180357
0.0778195901144
0.000809210709455
0.0655819715442
0.0
0.0277620525321
0.078260339351
0.00135047500893
0.000140451973312
0.0398070231918
0.0141806453339
0.00604146882277
0.00014047236572
0.0265924444276
0.000343138520732
0.0234867716148
0.0
0.00338447924258
0.0
0.00292378048861
0.0478025328692
0.00731198122455
0.0018721575136
0.000565341731076
0.00014047236572
0.0413903462855
0.00890306965419
0.000994955370357
0.102043819639
0.0422108649668
0.0145900060757
0.0298036824184
