0.578368037894
0.678803457172
1.06535237969
1.19150821912
1.04842385968
1.82486435717
0.0906146125041
0.626135380206
1.0611661879
0.0242408112066
0.161122853078
0.736108989818
0.073611417396
0.716630746253
0.792645947394
0.89005160605
0.666000150891
0.591101220732
0.734153116045
0.0123212842841
0.0123212842841
0.621940257593
0.0793795256907
0.275156577966
0.0363232552912
0.0360187046178
0.0151375055453
0.895059172584
0.420712223395
0.0122538693017
1.03627914337
0.840258363425
0.0422626132999
0.0123212842822
0.0242408112081
0.785481899397
0.590042285415
0.607430423255
0.503861801936
0.0119427028103
0.00569367319877
0.0
1.07538521437
0.501281792496
0.067582009358
0.042797171418
0.0
0.0
0.054404024851
0.0777986455703
0.130125656869
0.00284010491688
0.0
0.0119427027533
0.239203335933
0.0817189153262
0.887738678265
0.0210555165986
0.181472814423
0.266846450242
0.230400425286
0.485181738774
0.00284092876808
0.0258569721186
0.857103820274
0.290378218047
0.915744107547
0.20799563001
0.00569138949599
0.669709184691
0.0363232552912
0.814888903298
0.0
0.0
0.0
0.201026018168
0.114822343337
0.00713903716588
0.895567460271
0.799271707276
0.0784331488143
1.08108909359
0.0
0.523843167729
0.648796818105
0.110416712517
0.0123209413736
0.191604936543
0.122449613042
0.378686322343
0.00284092876807
0.373007556571
0.0416982744032
0.491281356637
0.0
0.0973561145051
0.0
0.252316666702
0.0240484162313
0.540959948905
0.0478200185092
0.0111763285971
0.00284092876808
0.935882475427
0.103058052764
0.0676784369526
0.739599577158
0.793030722893
0.201974317863
0.621076649443
