0.445580277575
0.347248558961
0.384286661313
0.0600665146276
0.0568826025138
0.103032753591
0.0443148455051
0.40975910493
0.0590025084696
0.00284873304765
0.0415299016196
0.222255043838
0.00890309409471
0.0314342114427
0.304212675734
0.356458399047
0.28309221475
0.199278957454
0.276904739431
0.00146682755603
0.00146682755603
0.547773435377
0.043736114934
0.0281385115571
0.011497560485
0.0162345913384
0.00293950337769
0.0919398231903
0.0841653227724
0.00145330687108
0.403574050646
0.330867061432
0.0126878079069
0.00146383396761
0.00294037977494
0.0612886530012
0.147036144538
0.193139473673
0.119849645627
0.00146682755603
0.00294018536609
0.0
0.122488673402
0.368614393597
0.00532817677267
0.0289947020353
0.0
0.0
0.0133455954959
0.050874682455
0.0164238855916
0.00146595115892
0.0
0.00146682755603
0.408361411421
0.0116791674529
0.263016465842
0.00146682618566
0.0431551074981
0.0313945725801
0.0581366470866
0.375791515255
0.00899468532823
0.00442071893853
0.183987390563
0.166022409588
0.0677613480086
0.00801316036785
0.00291832897219
0.189176450685
0.00442071893853
0.0698412637113
0.0
0.0
0.0
0.0320102589615
0.00926174229807
0.002438336998
0.0854575526262
0.0648518381141
0.00863061473627
0.176492729283
0.0
0.0113765057635
0.096208519264
0.0279357051395
0.0014667225812
0.0910914264706
0.012757914799
0.0210517423653
0.00146682755602
0.132548907977
0.00350731355753
0.214213918101
0.0
0.0197804779878
0.0
0.15089928144
0.00294037977494
0.0980766623385
0.00981743808551
0.00563542881381
0.0376223603223
0.248240061313
0.853720584845
0.0823580077186
0.100470246302
0.265496962888
0.32511785275
0.300895109068
