0.369516198566
0.424431651608
0.376865044094
0.35300329136
0.27010066106
0.37604599314
0.0240565363116
0.382516630703
0.348482184154
0.00836479381595
0.0373529755018
0.273355716209
0.0271551182677
0.40053572458
0.642248083821
0.582999136746
0.352315746333
0.43190674131
0.32925662528
0.00373997029145
0.00373997029145
0.274292737729
0.0136563791803
0.200372247548
0.0130183386946
0.0227173811591
0.00749939278926
0.385554685304
0.15162888936
0.00372486043544
0.64048821533
0.64715696646
0.0111899957192
0.00373670036781
0.00750021027017
0.495676010516
0.311220311591
0.29093445778
0.196951890928
0.00464799989992
0.00836382130503
0.0
0.354345342383
0.340578693217
0.0175879373202
0.00199878850333
0.0
0.0
0.0167328912699
0.0204687171338
0.015045082762
0.00373997029145
0.0
0.00464799983862
0.15677424003
0.0378658698451
0.519855940437
0.00464799652294
0.0951942586666
0.0879976869611
0.0837886043611
0.375099407886
0.00464799989992
0.00199878868599
0.474568281602
0.0923523307211
0.372528171426
0.0700144535614
0.00747547784009
0.566661725881
0.0140308203774
0.359185192902
0.0
0.0
0.0
0.0302078433437
0.0526871891037
0.00750115575108
0.329582445938
0.293256714168
0.0281348413176
0.243245916404
0.0
0.337873944338
0.190641030629
0.0800555314798
0.00373900033965
0.0252777762735
0.02097732015
0.11996686315
0.00373997029144
1.15514488936
0.0094918070508
0.619334160297
0.0
0.0335960448822
0.0
0.0722894306776
0.00932481362735
0.103557704974
0.0646070995193
0.0146453922104
0.00373997029145
0.341983197796
0.132475059416
0.0120032880342
0.399546146698
0.341559778528
0.1752830861
0.442842655
