1.03481102556
1.33060901405
1.10025911567
0.855523237837
0.702820220162
1.0368269688
0.054871981343
0.851390711172
0.930221014474
0.0203256005354
0.126409282485
0.815426567746
0.0590085975891
0.765680605009
1.74200309495
1.64903218658
1.08469637335
1.08311342297
1.18705960684
0.0100799332509
0.0100799332509
0.747563402397
0.0503129398065
0.294323952099
0.0228542009402
0.0506113101974
0.0173493255735
1.00041830172
0.653690163991
0.0100154442877
2.72161093161
1.12383431199
0.047433599871
0.0100770825093
0.0213086848106
0.862828601585
0.891580332215
0.790150220962
0.542693808576
0.0103515620528
0.0208171489179
0.0
0.977221853818
1.21293780519
0.0415137551642
0.0219328532925
0.0
0.0
0.0444700366558
0.063787369747
0.10939454755
0.00729258244214
0.0
0.0156748870592
0.638949130139
0.0850656314521
1.0528515834
0.0156748814155
0.230970140432
0.22749367415
0.294612119437
1.04798513481
0.0136336602103
0.0164983347997
1.42034872869
0.824374616845
0.926913687788
0.163135759667
0.0145188805443
0.669335156091
0.0419926241184
0.900849286658
0.0
0.0
0.0
0.102763756111
0.185706118529
0.0105230297282
1.02430236748
0.598780695057
0.0571404551366
0.909734449834
0.0
0.820243683195
0.888766752791
0.189321471055
0.0100789606079
0.335083687315
0.475983002007
0.191278784328
0.0072934231275
0.638356522445
0.0220825694831
1.00723582044
0.0
0.196782248588
0.0
0.20796163701
0.0316875072898
0.33755371667
0.0856138029984
0.0317979397624
0.00729342312754
1.30411911524
0.405978486394
0.0614343464265
0.812619185795
1.2303797939
0.492196393212
0.954688185617
