0.0567573997325
0.0588987713868
0.114560533446
0.0861783297481
0.097593095471
0.114073473644
0.00150027803746
0.084050687281
0.11376648705
0.0378593869455
0.0410327585554
0.0674583547301
0.0015774615889
0.0720033329339
0.178791012893
0.0861338871655
0.0542317621209
0.0876011383287
0.115653168045
0.000260202561845
0.000260202561845
0.0518987864432
0.00141408718873
0.0242263017786
0.0300973913824
0.0015774615889
0.000520966474067
0.0603737624191
0.034094690455
0.00025714370068
0.185368131824
0.178004443887
0.038551350404
0.000260202561844
0.000520966351712
0.096145732977
0.0722840826169
0.0241801336547
0.0862532161687
0.0376223603223
0.000521442979441
0.0
0.0696213610671
0.0560147528006
0.00104421388861
0.0270778349995
0.0
0.0
0.0383363815761
0.00131181329389
0.002922640721
0.000260202561845
0.0
0.000260202561845
0.0279801873719
0.00746974194894
0.0696558968645
0.000260202292665
0.00513604493542
0.00552567754116
0.0113369161498
0.156994513018
0.000260202561845
0.000783830024408
0.161600885119
0.039681903087
0.0516243218708
0.0054182226055
0.000518033423095
0.0842231019826
0.0380973913824
0.0535648195528
0.0
0.0
0.0
0.0337848039711
0.319517181094
0.000521476284261
0.0765301007319
0.0752146896632
0.00993956995785
0.138900344385
0.0
0.0438058194125
0.0759227832895
0.222397759614
0.000260182169433
0.0408255023124
0.0505568573012
0.0308048443531
0.000260202561841
0.0515401677341
0.000607830024408
0.0418453280521
0.0
0.043076059534
0.0
0.0380121985451
0.000521476284261
0.0414136841399
0.00346879830027
0.00104727274978
0.000260202561845
0.0678513299882
0.00929856859799
0.00184418134276
0.106669769989
0.0785668863992
0.061784030498
0.062978428041
