0.587296879811
0.882860123931
0.816021599901
0.367531007482
0.333002206535
0.625514930429
0.112500629661
1.76752436754
0.423204290864
0.0324780783726
0.152754999353
0.62090278734
0.131405475241
0.542191965997
0.882931570019
0.959021632872
0.612689510519
0.651893088236
0.567385718933
0.0296223603223
0.0296223603223
0.716767199946
0.114815322716
0.503127164403
0.042634982346
0.0785775752325
0.0324764470457
0.557566926247
0.443334443623
0.0295530600065
0.842209892062
0.890963087765
0.0732571057733
0.0296189776101
0.0394187285056
0.654520610901
0.492360409501
0.595397361635
0.255769195923
0.00287889470093
0.0126755539564
0.0
0.487000764219
0.645616992782
0.0522508684133
0.0380539918344
0.0
0.0
0.0382345214028
0.0696480919916
0.0738270808064
0.00287832089073
0.0
0.0125203160962
0.398239880323
0.0416913564794
0.660975253346
0.00982051277809
0.227301747171
0.271733101621
0.331615604603
0.52965879477
0.0125203161579
0.0115590091921
0.58941750956
0.342704749839
0.386413091128
0.324947580694
0.00574693868428
0.663759914234
0.0225785592007
0.306769129916
0.0
0.0
0.0
0.0967137100473
0.083922706226
0.024478079137
0.386916611571
0.447152322449
0.0524133002344
0.461999282023
0.0
0.318051337387
0.529495348861
0.0784034080723
0.00287863851933
0.147793818712
0.0658326648423
0.29156373531
0.00287889470092
0.381187509387
0.00709413662504
0.497827873383
0.0
0.064030634254
0.0
0.181144852515
0.0478025328692
0.377411361917
0.0656913879473
0.0113780509893
0.00287889470093
0.631840706931
0.409619763111
0.0271800373661
0.502155294247
0.579355071257
0.46060874579
0.442548783505
