0.011294010386
0.0408149006244
0.00734932941689
0.00569613233166
0.00496125359706
0.00569664755813
0.000281516978737
0.0126745857741
0.00545584911001
9.30781083375e-05
0.000717101804719
0.0060826946658
0.000281516978736
0.00976204222693
0.0295437725988
0.0211129823385
0.00777062620226
0.0160640735559
0.0181904236898
4.64452241597e-05
4.64452241597e-05
0.0192695783331
0.0295967650043
0.00953054295953
0.000139900175164
0.000281516978737
9.30781083388e-05
0.0145888518797
0.00932578060288
4.59354139655e-05
0.0207291148905
0.0122122119219
0.000234118016135
4.64452241597e-05
9.30781083388e-05
0.0146100218651
0.0118283118722
0.015541682788
0.00348647184055
4.64452241597e-05
0.0752177694775
0.0
0.00524847954105
0.010645322099
0.000185893345483
0.000139900122977
0.0
0.0
0.000186912965872
0.000234117991404
0.000521476284259
4.64452241597e-05
0.0
4.64452241597e-05
0.00931312000792
0.000376902860677
0.0153479705456
4.6445175218e-05
0.000916100386409
0.000984901321656
0.0143772957582
0.0158999512891
4.64452241597e-05
0.000139900175164
0.024096957372
0.0107371465752
0.0403762498011
0.0362264834313
7.65042981446e-05
0.0133791400576
0.000139900175164
0.00569664758275
0.0
0.0
0.0
0.000864880528356
0.000520159457076
9.30781083388e-05
0.0132012787241
0.00332541014414
0.000281516978736
0.00454015765341
0.0
0.00810860706991
0.0117019211255
0.000472509833096
4.64411456775e-05
0.00943381349104
0.0128433383389
0.00196606390906
4.64452241591e-05
0.00825225953709
0.000123900175164
0.0231740798889
0.0
0.0155494094036
0.0
0.000966382114292
9.30781083388e-05
0.00247161849017
0.000618874573857
0.000186912965872
4.64452241597e-05
0.0143751973088
0.00294037161798
0.000329103222208
0.00467973445311
0.0120037602384
0.0105472553015
0.00842499325198
