0.00329401038603
0.0044857064721
0.00489084832183
0.00545435983016
0.00508784100392
0.00713903713671
0.0217396568017
0.0244771894871
0.0243196766181
7.70781083381e-05
0.000716527994659
0.0196520367439
0.000281516953242
0.00624079498784
0.015755917479
0.0223713268081
0.00203018868748
0.0192119758171
0.0128637964674
4.64452241597e-05
4.64452241597e-05
0.00415521261562
0.0217076568017
0.00368025638169
0.000139900175164
0.0297396568017
9.30781083388e-05
0.0254266159789
0.00608154707151
4.58714139655e-05
0.0104314653242
0.0175899180317
0.027759862303
4.64452241597e-05
9.30781083388e-05
0.00539582117497
0.00616147817652
0.00435420464923
0.003554443165
4.64452241597e-05
9.30699513757e-05
0.0
0.0211962311215
0.00472542396799
0.000186339155678
0.0186494431978
0.0
0.0
0.029692451727
0.0297160059398
0.000505476284122
4.58714139655e-05
0.0
4.64452241597e-05
0.0148369916513
0.000376902860677
0.00723694891455
4.6445175218e-05
0.000916100386409
0.000984901321656
0.0306065146664
0.0069553726104
4.64452241597e-05
0.000139900175164
0.0229897077177
0.00703356520349
0.0178390373691
0.000950390807726
9.24402981446e-05
0.0319948837088
0.000139900175164
0.0324401132039
0.0
0.0
0.0
0.0106922805034
0.000520159457076
0.0672215447583
0.00672147549442
0.0202017348178
0.000281516978736
0.0106614755274
0.0
0.00656365875336
0.00692501099688
0.000471936022903
4.64452241584e-05
0.00143381756952
0.00467973878788
0.0037423002299
4.64452241597e-05
0.00750115575108
0.000139900175164
0.000585505097773
0.0
0.00111859039349
0.0
0.0220813677863
9.30781083388e-05
0.00247161851464
0.000618874573857
0.000186912965872
4.64452241597e-05
0.0174646411942
0.00243832884104
0.000328529412013
0.00625360228768
0.00734350052767
0.0185990641814
0.0130085730691
