0.00721214184622
0.0177220006582
0.0266021519
0.0371713144153
0.0376180070877
0.0210555184435
0.00014047236572
0.00982051774713
0.0295239584041
4.64452241597e-05
0.0376216309029
0.0245658271407
0.00014047236572
0.00667313615423
0.00781482716413
0.0101727901103
0.00617969314974
0.00761511916581
0.00415176725994
2.31758862501e-05
2.31758862501e-05
0.00207241860585
0.00012447236572
0.00771743436438
6.98087704289e-05
0.00014047236572
4.64452241597e-05
0.0194129820703
0.00303273282353
2.31758862501e-05
0.0156291102245
0.0086730282787
0.000116821561136
2.31758862501e-05
4.64452241597e-05
0.0119421929732
0.0136336602102
0.00219707668711
0.001773037804
2.31758862501e-05
4.64411455477e-05
0.0
0.0210547040645
0.00530510137328
9.32672909856e-05
6.9808744335e-05
0.0
0.0
9.32672909856e-05
0.000116821536535
0.000260202561844
2.31758862501e-05
0.0
2.31758862501e-05
0.0195050602386
0.000188066766154
0.0369866593247
0.037622354252
0.000456519112472
0.000490809533528
0.0133926316038
0.00946642894171
2.31758862501e-05
6.98087704289e-05
0.037622355495
0.00352299708954
0.00697494437389
0.000482183350254
4.64452241597e-05
0.00261822881219
6.98087704282e-05
0.00284092876808
0.0
0.0
0.0
0.0231832246143
0.000259544148253
4.64452241597e-05
0.0376180070877
0.00167945979057
0.00014047236572
0.0164201200148
0.0
0.00485882956735
0.00352299708954
0.000236056967696
2.31718077685e-05
0.0074595030716
0.00233407536397
0.0107845962232
2.31758862501e-05
0.00453546513189
5.38087704289e-05
0.00369591810664
0.0
0.0296223603223
0.0
0.000482179015772
4.64452241597e-05
0.00123304196669
0.000308798964307
9.32672909856e-05
2.31758862501e-05
0.00945202601793
0.00146682347754
0.000163706610591
0.00233407000534
0.00846918287205
0.0231837984245
0.00507708096488
