0.31677678153
0.417265266699
0.39276907023
0.559764291447
0.402766610436
0.523843165734
0.0230104956668
0.318025896073
0.592347377712
0.00656366962779
0.0520532192789
0.276685180005
0.0277620583397
0.624733738582
0.639058818013
0.799145638812
0.5854009203
0.22245000483
0.212264546922
0.00327295919654
0.00327295919654
0.180094254496
0.0128544268706
0.0921454762795
0.00497493053086
0.0198623288181
0.00656272824568
0.752359435997
0.166046330943
0.00327120295055
0.813871458138
0.630744940653
0.0180593400007
0.00326970270456
0.00810764548363
0.544686382834
0.398994150585
0.533883288887
0.159357840412
0.00327295919654
0.00810551167708
0.0
0.639727799941
0.482548152989
0.0195071372664
0.000356504703366
0.0
0.0
0.016219008819
0.0228012216834
0.0530610730649
0.00327295919654
0.0
0.00485882956735
0.0425202863113
0.0397557459556
0.756385290446
0.00485882609248
0.0980178708645
0.106834479866
0.219236891123
0.206869849189
0.00327295919654
0.00195538052221
0.63826676832
0.0752859939179
0.720966664331
0.0976225618626
0.0065543501441
0.453984465113
0.0129749305309
0.698822104383
0.0
0.0
0.0
0.0526814020737
0.0437347455803
0.00656367036883
0.419431514808
0.362262200445
0.0296227816315
0.353714788068
0.0
0.986615695151
0.310523947319
0.036054409776
0.00485882956726
0.0144444302942
0.0162190928835
0.163411827979
0.00327295919653
0.337873950146
0.00954617938223
0.546042229968
0.0
0.0724820771375
0.0
0.0797341584466
0.00974841655848
0.251001950579
0.0634204829231
0.0125905220709
0.00327295919654
0.574588289609
0.0111917966921
0.0309339554757
0.383327917427
0.541924694344
0.0213388739651
0.375974956926
