0.0082342149723
0.0250138527139
0.00741096682101
0.0174297318029
0.00496124948865
0.024048416231
0.000281508821773
0.0478011539074
0.0146461042208
9.30781083388e-05
0.000717101804711
0.00608268566287
0.0478025328692
0.0280085001575
0.0161238915219
0.0207453915427
0.0124051231944
0.0152940841768
0.00832806224258
4.64452241597e-05
4.64452241597e-05
0.0348989517813
0.000281516978737
0.00368127600208
0.000139900175164
0.000281516978737
9.30781083388e-05
0.0215137403285
0.00608154707151
4.64452241597e-05
0.0315959535044
0.0174278097832
0.000234118040607
4.64452241597e-05
9.30781083388e-05
0.00539582605031
0.0451824447407
0.0239300021067
0.003554443165
4.64452241597e-05
9.30781083388e-05
0.0
0.00524817858645
0.0149806885489
0.000185893345483
0.000139900122977
0.0
0.0
0.000186912965872
0.000234117991404
0.0672215447578
4.64452241597e-05
0.0
4.64452241597e-05
0.00672855541067
0.000376902860677
0.0672215446996
4.6445175218e-05
0.0451824447407
0.036872999069
0.0347668147784
0.0430541688384
4.64452241597e-05
0.000139900175164
0.0183013212829
0.0107117871754
0.0139284496968
0.0309869364975
9.3078057349e-05
0.0216968675139
0.000139900175164
0.0131048483749
0.0
0.0
0.0
0.000864880528355
0.000520159456815
9.30781083388e-05
0.00732493253151
0.0259965947018
0.000281516978736
0.0248173949429
0.0
0.00974841655848
0.0291093722663
0.0004410835923
4.64370671966e-05
0.0149806977302
0.00467973878788
0.0216978967289
4.64452241597e-05
0.0090997440913
0.000107900175164
0.00741271251184
0.0
0.00111859039349
0.0
0.000966382138763
0.0672215447583
0.00234361851464
0.000618874573857
0.000186912965872
4.64452241597e-05
0.0126799382269
0.00294037161798
0.000329103222208
0.0371218888557
0.0138487572772
0.00689583025694
0.010188161536
