0.0491491521412
0.0776960837872
0.0870491489518
0.108473872462
0.0957103369785
0.13020416709
0.00144945343194
0.0738362859697
0.0672205634436
0.000521476088493
0.00401969662354
0.110758331728
0.0486628926531
0.108505675069
0.12323565557
0.111797816063
0.0472453046002
0.0893151759245
0.0470551417497
0.000260202561845
0.000260202561845
0.0706003256733
0.00142561798897
0.0206885100349
0.000783830024408
0.0015774615889
0.000521476284261
0.13394398553
0.0599440845914
0.000259692751651
0.108974394287
0.0736897385781
0.00130950241629
0.000260202561841
0.000521476284261
0.0240253683929
0.195144269054
0.111216626394
0.0325049491779
0.000260202561845
0.000521472205779
0.0
0.114974534356
0.0827506798685
0.0010457433192
0.000783829737375
0.0
0.0
0.00104727274978
0.0419045743542
0.308427994897
0.000260202561845
0.0
0.000260202508807
0.0379503905106
0.0045142416643
0.196736007661
0.000260202292665
0.118057942444
0.09275448901
0.0503338496707
0.129029259872
0.000260202561845
0.000781724593825
0.073761090662
0.0570755264839
0.154052259811
0.0349759941202
0.00052090239451
0.0453285894941
0.000783830024408
0.0701909063193
0.0
0.0
0.0
0.0471369595349
0.00291539817032
0.000521476284261
0.119578354614
0.0409344536269
0.0015774615889
0.104602202668
0.0
0.0530610672576
0.162098756114
0.00248516405535
0.0202278580246
0.032887347853
0.00741047923631
0.0302591309977
0.000260202561845
0.0148200132261
0.000635908224442
0.042605744497
0.0
0.0503829487943
0.0
0.005418185895
0.0672215447583
0.142365684926
0.00346879830027
0.00104727274978
0.000260202561845
0.0745647741383
0.0165154874547
0.0868523466518
0.0581309204453
0.169435271531
0.0389019144678
0.0562691406463
