0.0612033524051
0.228049016566
0.101215184701
0.076346130415
0.079318302686
0.0971078733853
0.00315039495448
0.0640248587284
0.0393904342637
0.0381573001892
0.0767184135732
0.0672276585112
0.00338447924257
0.100690047137
0.284824231732
0.124275592598
0.0279974413477
0.0866571262741
0.0814315385853
0.000558115885457
0.000558115885457
0.0655312860102
0.00301700979913
0.0671291560499
0.0306945054916
0.00338447924258
0.0011180805833
0.139199124627
0.0202557802678
0.000555660909959
0.186424707898
0.119064040681
0.0396147736034
0.000558115885455
0.0011180805833
0.0931388161255
0.15608542639
0.132873650003
0.0199901727531
0.0376223603223
0.0155476007027
0.0
0.0793380964862
0.0576880602404
0.00223859301428
0.0276749487956
0.0
0.0
0.0392339951117
0.0171678972491
0.0503829487941
0.000558115885457
0.0
0.000558115885457
0.0721583586819
0.00141323932158
0.175813088063
0.0296223542765
0.0457469209067
0.0164505517916
0.12192152091
0.125251967775
0.000558115885457
0.00168056044473
0.204794303632
0.0701816558121
0.144155170159
0.011479315214
0.00111165755191
0.0689458736679
0.0386945054916
0.0185992372765
0.0
0.0
0.0
0.0700284509608
0.0430609160106
0.00111859039349
0.131033020178
0.0432508950315
0.00338447924257
0.10134739523
0.0
0.0724820655221
0.0906561289378
0.0404051692727
0.000557326050938
0.0721416519841
0.046886246379
0.0340846239594
0.000558115885457
0.0332584405782
0.0157167371123
0.212436677947
0.0
0.52843576718
0.0
0.0401926470452
0.00111859039349
0.070191778145
0.00744539860577
0.00224669567704
0.000558115885457
0.119009450523
0.0197803841826
0.0633195004725
0.0571063642315
0.116052052363
0.0852597721913
0.0460589921281
