0.0264650417468
0.0305269776329
0.062292593449
0.0387346907552
0.0413104746307
0.0675472747679
0.000533333574112
0.052384533058
0.0293245748437
0.00018691291693
0.0132363785984
0.0200541453465
0.000565341731073
0.0270008895252
0.0404454788572
0.0575415538453
0.0477783799584
0.0492217400581
0.0716584936138
9.32672909856e-05
9.32672909856e-05
0.0249838447007
0.0378006098405
0.0171168992747
0.000280940107433
0.000565341731076
0.000186912965872
0.0563770025025
0.00734675450792
9.32672909856e-05
0.0415774847234
0.0383152335037
0.000454151285552
9.32672909856e-05
0.000186912965872
0.0672989009116
0.0231869353556
0.0842099620704
0.0207882109774
9.32672909856e-05
0.000186912965741
0.0
0.0436281139284
0.035744796241
0.142079850944
0.000280940003057
0.0
0.0
0.000375351811665
0.000470151213555
0.00104727274978
9.32672909856e-05
0.0
9.32672909856e-05
0.0240985503132
0.00075690839563
0.0512089501713
9.3267193102e-05
0.012169766314
0.0019210442786
0.00405772641695
0.0237492628327
9.32672909856e-05
0.000280940107433
0.0427105806439
0.0306887203755
0.0301130116249
0.00871749029058
0.00018690837539
0.0265508499133
0.000280940107433
0.0264088412622
0.0
0.0
0.0
0.00173704560735
0.00104463909489
0.000186912965872
0.0667523911248
0.0213116455377
0.000549341731073
0.0473296187641
0.0
0.0196215332204
0.0402215854562
0.000843776470624
9.32509770594e-05
0.00804801113964
0.013424002485
0.0136703775337
9.32672909849e-05
0.0173633775943
0.000232940107433
0.014909916387
0.0
0.00224669567703
0.0
0.0180247236703
0.000186912965872
0.0562772144554
0.0186195801682
0.00037535183627
9.32672909856e-05
0.0416962233105
0.0053455791824
0.000660910019125
0.0275666420858
0.07845338098
0.0290953642316
0.0488077738557
