0.0308616062376
0.0457812808222
0.0386474826586
0.0362438515619
0.0380848191143
0.0806415344449
0.0951630381299
0.115911676532
0.10932153191
0.037723656027
0.039308986484
0.066284592715
0.0382136701434
0.0566342200164
0.072744259541
0.0832212702823
0.0534592163159
0.085044321954
0.0819850343302
0.0376223603223
0.0376223603223
0.0951785309126
0.204832714934
0.0524341215634
0.000423138520732
0.0675311516304
0.037737750047
0.0846612419734
0.0424592218212
0.0375508547579
0.0519463213812
0.0717915178144
0.0649958397932
0.0376188028127
0.0377396568017
0.0913739800695
0.0161117215311
0.0297188311953
0.0111683322939
0.00014047236572
0.0297368924125
0.0
0.0765617547025
0.0223756242901
0.037974160642
0.0562960217868
0.0
0.0
0.0299756900481
0.0675047770262
0.00156146158863
0.000139898555526
0.0
0.00014047236572
0.0501635266546
0.00114006811648
0.0306504151314
0.000140472218895
0.00277160102682
0.00298068403282
0.0507470984871
0.0249503812972
0.00014047236572
0.000423138520732
0.0538718152086
0.0327905608175
0.0943125098073
0.0302522636743
0.000248943168543
0.0854084287068
0.000423138520732
0.0820600693906
0.0
0.0
0.0
0.0386728386113
0.00157351110722
0.0217396568017
0.0709080166832
0.0625448497078
0.000851512408491
0.0361976857935
0.0
0.0147606338406
0.0266859598595
0.0013755388563
0.000140463952755
0.020375879958
0.0101273211172
0.00761559823173
0.00014047236572
0.0154457114167
0.000391138520732
0.0257728645448
0.0
0.00338447924258
0.0
0.0689745034038
0.000281516978737
0.046384205305
0.019199197909
0.000565341731076
0.00014047236572
0.0788354166105
0.0443138683862
0.000994381560163
0.0245548057673
0.0445599162208
0.044170609036
0.0642618706491
