0.615520984456
0.785811636128
0.692469631847
0.317137737091
0.350028107712
0.591805720618
0.0767304152026
0.655537610751
0.296716347411
0.0452722102005
0.109808708827
0.556689784361
0.076764506028
0.300935309073
1.289808766
1.07800970291
0.493270129285
2.09161414341
0.690891267577
0.0376223603223
0.0376223603223
0.581132487081
0.083612827297
0.19995626088
0.0136352550151
0.0833913792955
0.0437775696849
0.726352225118
0.693253775329
0.0375531057744
1.07738406419
0.744407537916
0.0764984084441
0.0376195769155
0.0437784907762
0.581809466249
0.62205668981
0.326963230378
0.202220133622
0.00771794419904
0.0160637608892
0.0
0.652198161816
0.791698084107
0.0492371383862
0.015864496219
0.0
0.0
0.0431844313466
0.0515608527669
0.0902195038248
0.00617951351067
0.0
0.0077179441401
0.426580560244
0.0585367146908
0.630079457422
0.0077179396964
0.115712178089
0.161260622701
0.217836834647
0.999193120711
0.00771794419904
0.0186691095505
0.873172189552
0.632089775748
0.429221695275
0.112523015822
0.0122664044627
0.427327267202
0.0324899235306
0.30795502414
0.0
0.0
0.0
0.0768119002751
0.0875260912188
0.0192125496273
0.822286769664
0.410981830675
0.0753880949856
0.591298460355
0.0
0.225737936107
0.65130687401
0.0726691133178
0.00836980067656
0.223764440584
0.319290945448
0.0703714796384
0.00618020299154
0.430052599886
0.0186202165207
0.551879997421
0.0
0.0871259891964
0.0
0.150352579461
0.0155014972477
0.188341452169
0.0703769987109
0.0263823511512
0.00618020299158
0.865379235053
0.199321970684
0.0523378487404
0.523562824264
0.998763163076
0.357793659036
0.461514873467
