0.0825983276355
0.114871682605
0.154251326717
0.135507737987
0.141578079858
0.200578211789
0.0306762598648
0.0967621691684
0.112823080224
0.0299759446424
0.132005322339
0.206927995514
0.00262006171763
0.0849944007758
0.135951418661
0.115690056304
0.0750623579557
0.076863184754
0.106641666245
0.000432111112329
0.000432111112329
0.0585069363495
0.0383785924203
0.0602150767789
0.0224419432469
0.0203304387579
0.000865454338551
0.169527845838
0.096243480107
0.000430360278123
0.102032119582
0.129892632017
0.0471458025968
0.000432111111796
0.000865454338551
0.0828689429598
0.116314591491
0.119923180151
0.0718244881567
0.0296223603223
0.000864671474919
0.0
0.180395088707
0.0956139649477
0.00173759001393
0.0556802124954
0.0
0.0
0.0486566273742
0.0382857138341
0.0470879205407
0.000431379898511
0.0
0.000432111112329
0.0614728883741
0.00350831766551
0.201376645368
0.0231837924522
0.0430989389487
0.0567454219645
0.0450915554141
0.0716557930773
0.000432111112329
0.00129894766917
0.134667976104
0.0871614542061
0.199770882074
0.00894823951899
0.000864085314539
0.0947494789283
0.0304419432469
0.092372714521
0.0
0.0
0.0
0.466782063138
0.0337786906174
0.0106934281238
0.192706444323
0.0832532610111
0.00259945834757
0.126140433788
0.0
0.0527433619592
0.139546405078
0.0311530993352
0.000432053346562
0.0634178985002
0.012888106496
0.0601945441676
0.000432111112328
0.0296491861749
0.00105179175718
0.0435383877172
0.0
0.070041074785
0.0
0.0650741978526
0.000866028148745
0.179353378241
0.00576278543878
0.00173934084813
0.000432111112329
0.1357953233
0.0319991307255
0.077759747323
0.0573544255575
0.160231393703
0.087361561201
0.0710132167125
