0.0123878091216
0.02107964264
0.0314976223405
0.0120379245296
0.0301714647167
0.035974889724
0.000423130055755
0.0426328979366
0.0351141471586
0.0296689932064
0.070835541632
0.00902163774407
0.00042313852073
0.0156002420456
0.0288972727478
0.0345149780787
0.00821685914119
0.0135316754577
0.0125714598869
6.98087704289e-05
6.98087704289e-05
0.0493842869901
0.000391138520731
0.0033522011423
0.104797459856
0.000423138496261
0.000138880554645
0.0138224483829
0.00910033961275
6.92349602347e-05
0.0227185781839
0.071991244239
0.029789683627
6.98087704289e-05
0.00013932636497
0.00811460913984
0.0174155268585
0.00658228830124
0.0053442824467
0.0296223603223
0.00013988793972
0.0
0.0206510882217
0.0471195907162
0.000280366297238
0.0186962652385
0.0
0.0
0.0297628280637
0.000351893265357
0.000783830024267
6.98087704289e-05
0.0
6.98087704289e-05
0.0376449258631
0.000566514604214
0.0216399727596
6.98086970162e-05
0.00137703850584
0.00148056179876
0.00303688131836
0.0195151022408
6.98087704289e-05
0.000210276512141
0.021733311586
0.0302036648539
0.00878326993878
0.0234066827806
0.00013926236497
0.0235577661073
0.0297158152733
0.0197315333977
0.0
0.0
0.0
0.0224413694367
0.0300954161308
0.000139900175164
0.0259322717726
0.0196549686683
0.00040713852073
0.0747545196737
0.0
0.00497493053086
0.0249403466846
0.0281750329534
6.98003574658e-05
0.0255804964448
0.00308999730588
0.0146323313977
6.98087704269e-05
0.0127932691586
0.000178276512141
0.0111506286336
0.0
0.0306945054915
0.0
0.072797446853
0.000139900175164
0.0104609693493
0.000930237430943
0.000280940107433
6.98087704289e-05
0.0190901917487
0.0114975482494
0.00049466590034
0.00703710751279
0.0431156586522
0.0220331834573
0.0517995588238
