0.403871413864
0.622073351803
0.38189316725
0.256425209245
0.201967580497
0.422901671318
0.047191511278
0.446753521632
0.215379742845
0.0405171394619
0.0735254125226
0.332759497638
0.0611828354354
0.243044158608
0.672128592761
0.547903968286
0.316284877524
0.694727163542
0.499250181979
0.0376223603223
0.0376223603223
0.255053187441
0.0428409496981
0.122087331155
0.00914833961275
0.0527661126662
0.0406306766393
0.274665011881
1.32220104448
0.0375515412503
0.652346189653
0.50799141813
0.0491406535261
0.0376189874596
0.0406324910698
0.458035605731
0.270590539923
0.32381760765
0.179527448715
0.00303330663372
0.00932662950052
0.0
0.360004151067
0.404842093465
0.00729254142916
0.00133349646519
0.0
0.0
0.0122304197867
0.0250329972248
0.0604566428066
0.00303330663372
0.0
0.00303330657374
0.227530627747
0.010239616252
0.374001949753
0.00303330413769
0.105452055148
0.0793196286856
0.0605449611406
0.507929284568
0.00631679747579
0.0260485537097
0.566272991215
0.437654238782
0.389760045101
0.0583580681618
0.00596383513398
0.397298607002
0.00914833961275
0.214571879261
0.0
0.0
0.0
0.0969253529183
0.0342136470519
0.0060826946919
0.524879990876
0.321988860538
0.0184019152821
0.177187748493
0.0
0.167476017845
0.396609597874
0.0889035461464
0.00631639946956
0.260224956616
0.201216866245
0.194382463101
0.00303330663369
0.154172293106
0.0109932258184
0.099891371324
0.0
0.0209152080817
0.0
0.0584246682722
0.0060826946919
0.249957036092
0.0407397146616
0.0146994260721
0.00303330663372
0.89384208776
0.0863200832985
0.0344148214086
0.413533114622
0.646703961481
0.135410158535
0.194257361226
