0.00721214184622
0.00686085253467
0.00369525969305
0.00284092468959
0.00247440560838
0.00284092873993
0.00014047236572
0.00287806930705
0.0027364921821
4.64452241591e-05
0.000357808081107
0.00303330663372
0.00014047236572
0.00311208603743
0.00784374549723
0.00725206370188
0.00387367139234
0.00617968838422
0.00413634135161
2.31758862501e-05
2.31758862501e-05
0.0020724186327
0.00012447236572
0.0018357746712
6.98087704289e-05
0.00014047236572
4.64452241597e-05
0.00391950974295
0.00303273282353
2.26660760559e-05
0.00724764074725
0.00360727684817
0.000116311750941
2.31758862501e-05
4.64452241597e-05
0.00269100477805
0.00307256394443
0.0021717172871
0.00177304228824
2.31758862501e-05
4.64411456782e-05
0.0
0.00261741515174
0.00745949848096
9.27574807914e-05
6.9808744335e-05
0.0
0.0
9.32672909856e-05
0.000116821536535
0.000260202561844
2.31758862501e-05
0.0
2.31758862501e-05
0.00335510726737
0.000188066766154
0.00360880989421
2.31758617792e-05
0.000457092922536
0.000491383343722
0.00100784506637
0.00542227868935
2.31758862501e-05
6.98087704289e-05
0.010784590773
0.00352299708954
0.00277871876589
0.000482183350254
4.58714139655e-05
0.00261822950353
6.98087704289e-05
0.00284092876808
0.0
0.0
0.0
0.000431537302135
0.000259544148253
4.64452241597e-05
0.00365219498401
0.00163810039056
0.00014047236572
0.00226448922933
0.0
0.00327295338881
0.00345271998631
0.000235483157502
2.31758862494e-05
0.00199749038417
0.00233407536397
0.000980879892957
0.037622354206
0.00373997029145
6.98087704289e-05
0.00491276287738
0.0
0.000558115885326
0.0
0.000482179015772
4.64452241597e-05
0.00123304196669
0.000308798964307
9.32672909856e-05
2.31758862501e-05
0.00945202601793
0.00146682347754
0.000163706610591
0.00233407000534
0.00689749354353
0.0034384416431
0.00419910073513
