0.481958472932
0.39889583563
0.551766556852
0.632516165019
0.520777764946
0.716442581473
0.0509217186857
0.542156033358
0.70908295682
0.0405962366765
0.148109519793
0.415173657292
0.109451543315
1.35876335271
0.596205473605
0.665367687237
0.45006609703
0.30074359742
0.397234591979
0.0376223603223
0.0376223603223
0.414700191899
0.0547998062547
0.207770255972
0.0156002480231
0.0531655493656
0.0407095053038
0.661317348253
0.239755855334
0.037554886187
0.757942537282
0.606967162698
0.0441243259898
0.0376192193133
0.0442713506604
0.615017787907
0.667507126037
0.522230784478
0.287902248368
0.00311209014501
0.00975909492282
0.0
0.588132903632
0.427447028108
0.0268810420364
0.00938631939397
0.0
0.0
0.0159896494896
0.0407360997436
0.108504558002
0.00311209014501
0.0
0.0138846428051
0.133533267445
0.00711484446795
0.868664612142
0.00667313202184
0.211755860634
0.33770880951
0.282127702829
0.441048980328
0.00311209014501
0.00543813018526
0.743036392522
0.201330729867
0.64672655687
0.179750808928
0.00623002998499
0.502238246124
0.00938632210773
0.589806018987
0.0
0.0
0.0
0.0849347813356
0.0718907909652
0.00624080320315
0.483272925086
0.485782938635
0.0406231149459
0.587402720027
0.0
0.624734126754
0.413553304086
0.0547866973757
0.0138842829304
0.0439052226384
0.014062445362
0.13565926013
0.003112090145
0.400536180342
0.0111819629576
0.524555599648
0.0
0.100690131362
0.0
0.109418924567
0.0280085083145
0.254536699732
0.0202265824089
0.0121608216599
0.00311209014501
0.580711054699
0.0312642723938
0.0380453742387
0.548283688467
0.580431999306
0.0958765791141
0.318317707157
