0.0249981953388
0.0345791647302
0.0444822276965
0.0546138502796
0.055523790196
0.0905059354867
0.207592580733
0.114162156619
0.121923194673
0.0297396560306
0.0313095602943
0.111265329557
0.0302136701689
0.0521490227671
0.0830056475464
0.136465222856
0.0558106565177
0.077955474711
0.118192285645
0.0296223603223
0.0296223603223
0.0399564207297
0.0969143218649
0.0385510516359
0.000423138520732
0.0675311516304
0.029737750047
0.111141631657
0.0473673106612
0.0295508842184
0.0546977166724
0.0738646915284
0.0650013725604
0.0296188028127
0.0297396568017
0.0750579194521
0.0241277215309
0.0505202174656
0.019048395067
0.00014047236572
0.000281504743032
0.0
0.0792478501511
0.0398040300663
0.000564258110687
0.0482960218129
0.0
0.0
0.0299756900726
0.0675047770252
0.00156146158863
0.000139898555526
0.0
0.00014047236572
0.0501635266546
0.00114006811648
0.0404481630746
0.000140472218895
0.00277160102682
0.00298067410463
0.0756185854707
0.0289193439832
0.00014047236572
0.000423138520732
0.0605983114168
0.0471297218285
0.0718503630222
0.00290779833853
0.000280305307359
0.0927767757097
0.000423138520732
0.0857430437053
0.0
0.0
0.0
0.0306728386113
0.00157351110709
0.0217396568017
0.0700630943776
0.0545294436191
0.000850492788103
0.0361975495872
0.0
0.0243312148183
0.0700145712628
0.00142932751602
0.000140460130274
0.0148418002385
0.0141806453339
0.0274892274904
0.00014047236572
0.0247667466119
0.000375138520732
0.0165797954195
0.0
0.00338447924258
0.0
0.0609745077383
0.000281516978737
0.0651408213491
0.0018721575136
0.000565341731076
0.00014047236572
0.0770350096299
0.0443138643078
0.000994381560163
0.0351473849847
0.0870247081494
0.0476983331808
0.0444174924982
