0.0207694871115
0.0404527286513
0.058373968747
0.0460583724702
0.0531662169762
0.0440028759039
0.0656662669152
0.074605339714
0.0985814323564
0.075221543984
0.0761582625222
0.0792239353337
0.0380944347379
0.0455187245368
0.0690731297131
0.110541768078
0.060007857194
0.0785461343522
0.0821492496279
0.0376223603223
0.0376223603223
0.061466915489
0.0674567831039
0.062424019892
0.0298100331387
0.0754588058111
0.0377144784319
0.0978352459745
0.0490324102421
0.0375508373912
0.0482335358348
0.0923441859511
0.176870069819
0.0376188013022
0.037715496187
0.0667534954952
0.0372503370843
0.0290800308267
0.008865625494
0.0376223603223
0.000234105804901
0.0
0.0612227914438
0.0404617283335
0.00046913169105
0.0562723648951
0.0
0.0
0.104844472614
0.0379992442373
0.00131104772957
0.000116311750942
0.0
0.000116821561136
0.040768525399
0.00094809071331
0.0344284490248
0.000116821438782
0.00230477219381
0.00247844470638
0.0497728409724
0.0322422020754
0.000116821561136
0.000351893315714
0.0616153619432
0.0176495424991
0.0424732685722
0.00243132533159
0.000232970393699
0.0638585411802
0.0378100331387
0.0600317404901
0.0
0.0
0.0
0.0490432481927
0.0385730737021
0.0297160059972
0.0485575663096
0.0329191545468
0.000707111787395
0.0837663781323
0.0
0.0194808313722
0.0462468551539
0.036557842456
0.000116813404171
0.0429401867624
0.0157697370455
0.04481450024
0.000116821561136
0.012356185735
0.000303893315714
0.0197294119734
0.0
0.0397757887082
0.0
0.060534266693
0.000234118040607
0.0423804727281
0.00155686796241
0.000470151311439
0.000116821561136
0.0443801734254
0.0148093058471
0.000827331401309
0.0408611181626
0.0385179280419
0.0536440072715
0.0482858451063
