0.593192982146
0.769042224806
0.864475065545
0.61316212288
0.716786537263
0.793458588291
0.0868950494987
0.580568119192
0.555977618115
0.0127622880642
0.206425130389
0.704328530996
0.0422139238279
0.58048384931
1.16282309849
1.13349740928
0.631804834684
0.996484669908
0.837499700242
0.00689800338419
0.00689800338419
0.413499620487
0.0431511393376
0.217518336986
0.0431171881754
0.0433298028342
0.0138481773926
1.03746094265
0.643969764723
0.00686348023354
1.22353175183
0.68655667553
0.0368927858272
0.00689497650027
0.0153435959231
0.623615153155
0.508531990784
0.547647615544
0.410971375527
0.00598118865857
0.0120016527908
0.0
1.08345389612
1.02518150842
0.0784368317774
0.00940847465139
0.0
0.0
0.0397157410975
0.0543759923888
0.169347920024
0.00689711866321
0.0
0.0068980033295
0.515812316057
0.0414902742714
0.91499730633
0.00846968800684
0.136426307345
0.242419260578
0.18518933411
0.833229909963
0.00598118865857
0.0128441612329
1.11068497619
0.577429588751
0.827818668791
0.192344756058
0.0137250168741
0.462678516976
0.022952199864
0.717003404785
0.0
0.0
0.0
0.160192718254
0.0788691469141
0.00734452018018
1.05099645003
0.464173156703
0.0514494701841
0.657708270794
0.0
0.542668457901
0.833658011723
0.0672951543836
0.0168329485429
0.126586028202
0.426514230347
0.210524521126
0.00689800338415
0.341396459904
0.0279690147349
0.50534118725
0.0
0.11614185467
0.0
0.213434735684
0.0138497768976
0.550732748753
0.0600452692259
0.0261287499696
0.0376223603223
1.06799202198
0.266460222147
0.153350477068
0.843481456939
2.09632010943
0.243971618986
0.677932513998
