0.0672215447583
4.64452241597e-05
0.0
0.0
0.0
0.00813999553711
4.64452241597e-05
0.0
0.000139900175164
0.0
0.0
0.00768010184017
0.00852157816501
0.0
0.00795383326596
0.0
0.0
0.0
0.0
0.0
0.0
0.0
0.0
9.30781083375e-05
0.0
0.0
4.64452241597e-05
0.0
4.64452241597e-05
0.0
0.000186912965872
0.0
0.0
0.0
9.3078059397e-05
0.0
4.64370671966e-05
9.30781083388e-05
0.0
0.0
0.0
0.00768010184017
4.64452241597e-05
4.64452241597e-05
0.0
0.000139900175164
0.0
0.0
0.0
0.0
0.0
0.0094292657016
0.0
0.0
0.0
0.0
4.54256037713e-05
0.0
0.0
4.64452241597e-05
0.0
0.0
0.0
0.0
0.0
0.0
0.0
0.00750115575076
0.0
0.0
0.0
0.0
4.64452241597e-05
0.0
0.0
0.000139900175164
4.64452241597e-05
4.64452241597e-05
0.000185690470283
4.64452241597e-05
