6.98087704289e-05
0.0107041730519
0.0125580539662
0.0133381838798
0.0186962652385
5.38087702984e-05
0.0
0.0
0.10479745979
0.0
0.0
0.0
0.0
0.0
0.000349918074937
0.0
0.000280940107433
0.000210276512141
0.0
0.0
0.0
0.0
0.000351893315303
0.0
0.00424177484106
0.0
0.0
0.0
0.00122681990746
0.0
0.0
0.0
0.000134198312106
0.0
9.19001751644e-05
0.00206963474816
6.98087704289e-05
0.0
0.0
0.0
0.0
0.000210263059445
0.0
0.0
0.0
0.0
0.000208555081558
0.0
0.0
0.00407556313702
0.000280940107431
0.0
0.0
0.0
0.0
0.0
0.0296213488589
0.0
0.0296223603223
0.0
0.0
0.0
0.000210276512141
0.0125587557764
