0.000116821561136
0.00103505901055
0.000944581662339
0.000827837618089
0.000351893185244
0.000116821560484
0.0
0.0
0.000351893315714
0.0
0.0
0.0
0.0
0.0
0.000585603933265
0.0
0.000470151311439
0.000351893315714
0.0
0.0
0.0
0.0
0.160859554397
0.0
0.0306328663112
0.0
0.0
0.0
0.00205331054002
0.0
0.0
0.0
0.000225096315656
0.0
0.000154118040607
0.00346428488248
0.000116821561136
0.0
0.0
0.0
0.0
0.000351870894554
0.0
0.0
0.0
0.0
0.000349024264743
0.0
0.0
0.0714649030506
0.000470151311436
0.0
0.0
0.0
0.0
0.0
0.000116801168729
0.0
0.000116821561136
0.0
0.0
0.0
0.000351893315714
0.00094809071331
