6.98087704289e-05
0.000617777306714
0.000564409173631
0.000494663744291
0.000210276433859
6.98087700374e-05
0.0
0.0
0.000210276512141
0.0
0.0
0.0
0.0
0.0
0.000349918074937
0.0
0.000280940107433
0.000210276512141
0.0
0.0
0.0
0.0
0.000351893315303
0.0
0.040841823319
0.0
0.0
0.0
0.0054250640934
0.0
0.0
0.0
0.0875141380449
0.0
9.19001751644e-05
0.0383851956019
6.98087704289e-05
0.0
0.0
0.0
0.0
0.093776802242
0.0
0.0
0.0
0.0
0.000208555081558
0.0
0.0
0.0322880627875
0.0267432779922
0.0
0.0
0.0
0.0
0.0
6.97965349842e-05
0.0
6.98087704289e-05
0.0
0.0
0.0
0.000210276512141
0.000566514604214
