0.000407236982876
0.00363445333333
0.00329432548452
0.00288674481101
0.00122681946387
0.000407236980657
0.0
0.0
0.00122681990746
0.0
0.0
0.0
0.0
0.0
0.00204211750895
0.0
0.00163919448729
0.00122681990746
0.0
0.0
0.0
0.0
0.00205331053769
0.0
0.267977178867
0.0
0.0
0.0
0.358415220811
0.0
0.0
0.0
0.0054250640934
0.0
0.000544172208955
0.248033956678
0.000407236982876
0.0
0.0
0.0
0.0
0.0054250640934
0.0
0.0
0.0
0.0
0.00121706513416
0.0
0.0
0.20102200262
0.0168318981913
0.0
0.0
0.0
0.0
0.0
0.00040716764869
0.0
0.000407236982876
0.0
0.0
0.0
0.00122681990746
0.00330625625782
