0.120408874982
0.116492745355
0.124150700964
0.147951139077
0.183831630805
0.15192437841
0.147950321596
0.18366652553
0.177010760485
0.182862867658
0.148125091572
0.183831813478
0.216191249554
0.232049957635
0.236146788004
0.225529651484
0.244841984116
0.236037496833
0.233497697838
0.243023299396
0.25306601886
0.252080418897
0.24608556569
0.257804626389
0.194791880674
0.281634852173
0.234413543271
0.279925927725
0.302237284957
0.275507482394
0.286160520396
0.308077537578
0.276030611903
0.212713888663
0.208837258351
0.327920362453
0.311521743451
0.331431419221
0.250968995611
0.317059424398
0.240661869477
0.343269882247
0.330434470361
0.316254053077
0.332579439514
0.321136722775
0.23973864398
0.333397633933
0.3587007328
0.327672632011
0.363067126333
0.335379417779
0.318425464364
0.366904317741
0.351114177351
0.378251144157
0.381031203595
0.354141557704
0.268662640584
0.381731609663
0.374992103578
0.366489378668
0.349169930985
0.0616844098419
0.358298504102
0.366432529261
0.377170267889
0.350490365135
0.34013726502
0.343256817072
0.392394912391
0.308402568469
0.249828108848
0.246948554261
0.387788158009
0.437334317017
0.247304334716
0.353163420239
0.426703836324
0.347892772662
0.458631242088
0.469364999079
0.48496700227
0.497769694708
0.392420370078
0.474346462668
0.517369804256
0.32745573827
0.489818141031
0.326290511838
0.34422070412
0.364526878377
0.356282125105
0.558161370443
0.415298186891
0.359850890722
0.374502564751
0.500533329305
0.371076505567
0.3710899645
0.411810093004
0.326580429818
0.363191147535
0.50787414514
0.352811727238
0.371798518021
0.470226879485
0.40971388172
0.353059225576
0.433325013494
0.517956524221
0.438476027808
0.415729579373
0.511989797476
0.314113597788
0.435138671934
0.488628729948
0.206863900664
0.517621432888
0.523532610323
0.31443206177
0.350519719098
0.331341291108
0.349299920548
0.325859002655
0.449821357977
0.362503637029
0.313407661418
0.521632199388
0.398009310306
0.165726606356
0.184644313678
0.184753979074
0.152938390386
0.434732959803
0.44245914174
0.476828768222
0.353149545361
0.351686860594
0.423966047134
0.383767808107
0.550080064545
0.415760102879
0.371231997774
0.410410356992
0.350519724518
0.530583439368
0.333830653503
0.528852687406
0.549669684676
0.535632033743
0.549849416239
0.47953056715
0.378928962474
0.50757638668
0.002466730454
0.578292877753
0.468375521895
0.578891535812
0.348826438762
0.391188068299
0.523309325661
0.381946869158
0.579016345516
0.465511675783
0.438072924522
0.533097182077
0.3890076652
0.506812059629
0.546206824531
0.590792152299
0.482790374648
0.525173496643
0.554222158978
0.395988751716
0.567395996668
0.583591380105
0.394597434367
0.450431026432
0.414483535952
0.380111810113
0.468182604766
0.457231591288
0.535034661333
0.498222662218
0.457690013556
0.590611579393
0.595438592241
0.596471197764
0.5199056399
0.375021781123
0.190814147106
0.382599689138
0.589017820285
0.578825424869
0.410450020178
0.584583979255
0.432683420781
0.614675090194
0.432507571553
0.595755288431
0.438554249239
0.589672152213
0.281372016597
0.513293212873
0.460493764792
0.500283186746
0.479771219551
0.48585379227
0.503937224033
0.479382753438
0.480167776409
0.588921783373
0.484833357237
0.542453772955
0.679258499832
0.443110558245
0.0392127386713
0.556525039777
0.631972966956
0.629679349083
0.493829493386
0.517067318129
0.517087692787
0.635550142413
0.517422895103
0.556113742363
0.525333540654
0.666481626523
0.630909827797
0.662718585565
0.479939795553
0.680200777272
0.596998060654
0.517843512865
0.50839486474
0.451318178435
0.508458093343
0.597506253688
0.589652995739
0.731891525399
0.644692052736
0.66892550058
0.0376223603223
0.0376189555058
0.0376223542568
0.0376223603215
0.0376223603223
