0.00674712257129
0.0273027153494
0.0273027153494
0.565630992871
0.655461501973
0.724932633673
0.744055689546
0.744055689546
0.820497528975
0.819730965599
0.885379654893
0.927926079998
0.924491545771
0.966590321763
0.908677337296
0.993744287024
0.944822764908
0.956825333094
0.933005137779
0.736194935898
0.136017781625
0.0920166774626
0.171768086384
0.113259419297
0.634889984055
0.918532472709
0.918075799694
0.286691191511
0.653870257129
0.139614602616
0.482563285527
0.772966791482
0.0318634418629
0.480173261774
0.617275008855
0.00226516950285
0.496524516006
0.0349079860478
0.00226516950285
0.869001649328
0.0889293081349
0.617758314862
0.69819099743
0.312589858577
0.401913354141
0.653763696545
0.0624963127658
0.171191216464
0.821338213032
0.515946801558
0.913202973668
0.853695904263
0.116600097966
0.788589112444
0.0
0.871037292363
0.435098138649
0.441885594451
0.884689740322
0.0
0.640279623285
0.406184954165
0.735381552261
0.583463950826
0.0296223603223
0.581170216429
0.238386937699
0.419431061675
0.0
0.0
0.0
0.716587460728
0.700938813455
0.448108866697
0.616373658832
0.187691533939
0.169998861649
0.0554776859536
0.00674712257129
