0.314351059383
0.139992648638
0.377795513668
0.528923930744
0.529062868741
0.00817893107571
0.202237974018
0.219693871855
0.248282920252
0.0279446049656
0.528852698671
0.0
0.392936608832
0.183441504088
0.0
0.0
0.399280566357
0.225026523636
0.17618915251
0.582908977201
0.0750724078534
0.317049057483
0.0286276651465
0.0
0.0
0.0786199318573
0.264441749603
0.196230697304
0.205703642669
0.0245932314796
0.0780770624975
0.168441556398
0.0762600436744
0.396912032047
0.203346767788
0.214668815723
0.430907106767
2.38815760421
0.449340377175
0.142760639905
0.451301509249
0.456382722644
0.621145525035
0.110701502866
0.219795416425
0.682268032197
0.271249930848
0.106187928333
0.216925143485
0.336314834947
0.0
0.279744069904
0.241167964895
0.0520081768511
0.395934225993
0.0614029467259
0.00524739720044
0.160943123926
0.326935719676
0.0244127398489
0.0307442743637
0.0238436967135
0.19867044461
0.0357340730206
0.330147382749
0.127628979038
0.0402468033896
0.171501678115
0.188842323465
0.527355847457
0.042195847299
0.0228424961011
0.391310915167
0.414325584653
0.00524739720044
0.123987971407
0.74772099935
0.028145444994
0.0777457251065
0.0975155685379
0.240188995759
0.286426895187
0.0493258824169
