0.151512643715
0.103126114309
0.174281011244
0.113191727502
0.110882936783
0.0144440175421
0.145229856199
0.0932118251544
0.106330798636
0.00363229867364
0.23037720609
0.0
0.179872669045
0.0857471777622
0.0
0.0
0.0960066950998
0.128820925958
0.0430072568171
0.29330627828
0.00676812199292
0.0864810493695
0.0434852696721
0.0
0.0
0.0386802220056
0.167911697102
0.125596933341
0.0737331732597
0.0119910392106
0.00512245967081
0.0374985152455
0.036460473843
0.139879038944
0.726842559684
0.116437115929
0.232396517636
0.202487509477
0.146971994177
0.116040023235
0.105901963888
0.116450305094
0.252999649516
0.060359479824
0.108623951425
0.226427113766
0.174087258409
0.0392658099459
0.101593904105
0.158196404327
0.0
0.0916886410143
0.15813847501
0.0029762649751
0.170847229239
0.0323803386968
0.000739276631206
0.0992546858409
0.0532270298564
0.0131833817327
0.00294425640735
0.00297626534553
0.0220232141984
0.0252233760299
0.19226185153
0.0150978221145
0.0171101699552
0.0513583355202
0.116759287456
0.0515684823441
0.00778949264919
0.00222738171272
0.118007007558
0.18294090523
0.000739276631206
0.066759126883
0.12896289926
0.00448383565839
0.0262687236958
0.0819898456079
0.0850357893152
0.207877469395
0.0647564602829
