0.0553171281
0.0544852724844
0.0793815788723
0.0298945250722
0.0718616961244
0.000188042295265
0.0323593440132
0.00887066812358
0.0721478144859
0.00104406811648
0.0890011192794
0.0
0.0544055916718
0.0091210061016
0.0
0.0
0.04638714725
0.0265508971951
0.00432233691235
0.0859308633257
0.00172083767239
0.0310229016677
0.000795934312714
0.0
0.0
0.00770236705269
0.0613956427245
0.106932490768
0.0173123668592
0.00330625625782
0.00133284235644
0.0154622535497
0.00172083767225
0.0468057816204
0.0879800322545
0.0630961212442
0.0591640180148
0.103375262244
0.0293053944456
0.081781680989
0.0605877315197
0.0369149101599
0.117963170088
0.0608177460357
0.0803780347906
0.119268620658
0.0777818547111
0.00371126741016
0.0279539369407
0.0792648423716
0.0
0.0332086714616
0.0496798793862
0.030119066081
0.0638893486103
0.0299528179588
0.0296223603223
0.0736124454616
0.0486994067087
0.0313015421777
0.0301190616718
0.0301190661561
0.0483317006845
0.0311311860139
0.0767389753299
0.00907229266006
0.0294920620972
0.0636403801856
0.0767680029335
0.0562305698694
0.0312095751138
0.0299528179577
0.0587305522385
0.0830258103462
0.0296223603223
0.0362383495552
0.0925538918679
0.0677915401881
0.0988182331621
0.248299747133
0.0895119241132
0.0584823465744
0.0356491380407
