0.205452329098
0.0650768638379
0.134465869471
0.224156467579
0.140308001625
0.0141795978638
0.0926404847727
0.979870169846
0.129662119063
0.0182130125767
0.306108850033
0.0
0.232453642679
0.128230699354
0.0
0.0
0.227896182356
0.134900082626
0.0528054596854
0.347496887447
0.0785408944556
0.166727965591
0.016914300683
0.0
0.0
0.0178791976055
0.18074906627
0.0812984397136
0.0153917408281
0.038796832236
0.0228553194217
0.109119284288
0.0196840497002
0.110487137957
0.0931967716582
0.0278806971879
0.221521729217
0.218673154323
0.182945400392
0.0567818924711
0.168822129461
0.345383805208
0.278739786441
0.0389133931544
0.124122591527
0.264325389349
0.132935430996
0.0223603903514
0.133647569247
0.0818401442681
0.0
0.103506413866
0.0855231442253
0.00439557455888
0.202359744973
0.00328933809572
0.00109159391181
0.0784006825143
0.125687918013
0.0187424894353
0.00437019765401
0.00439557529512
0.0420400326089
0.0153133339974
0.220336197246
0.0176591048102
0.0174122701898
0.107095034654
0.0978314356627
0.138044755891
0.014592364259
0.0174768137124
0.180001087024
0.350496323449
0.00109159391181
0.0242469449093
0.18240653648
0.00662300209913
0.0335071008687
0.00789199772898
0.0883750086355
0.179549664239
0.0817651022352
