0.0638291391204
0.0468454094065
0.0562154926431
0.0417551338004
0.0791622343342
0.000260173335517
0.0558340957797
0.0390284415324
0.0512151142383
0.00129563660153
0.152333576866
0.0
0.0751138640323
0.0125006914111
0.0
0.0
0.0794261767765
0.0407400273405
0.0059828016108
0.0685401656066
0.00238114289996
0.0387644998319
0.0010889084424
0.0
0.0
0.0250310839761
0.0654725034101
0.0960573400659
0.00715932578
0.0045754187336
0.00184421664278
0.0435208053592
0.00238114297536
0.0449319582229
0.0604846173795
0.0423815029527
0.0518365576589
0.112181372949
0.0418451881252
0.14553813343
0.145020252558
0.106002991734
0.174197866105
0.317499974652
0.134994916194
0.135447983875
0.0902416933268
0.00513604972165
0.0412019310234
0.0514089331309
0.0
0.0992679795807
0.047170892154
0.00104727255043
0.115003172994
0.000783830024408
0.000260202561845
0.0136545369584
0.0232707401582
0.00292176970415
0.00104726807688
0.0273158134365
0.019321066521
0.00265080453492
0.065973045911
0.00517926873858
0.000783830024408
0.0229183521668
0.040377931463
0.0221151312034
0.00282822851826
0.000783830022965
0.0875372670827
0.059803573354
0.000260202561845
0.00598639307606
0.0585386869728
0.0015774615889
0.0570022484921
0.0550335227111
0.0272232588304
0.0356793903071
0.0757339656363
