0.0802648534859
0.105965983117
0.0338317106255
0.225330812065
0.148970591388
0.00277171099638
0.215079102984
0.1259796544
0.259136549523
0.00521249505053
0.000953529286697
0.00472402121755
0.307963323908
0.0
0.0
0.0137431302453
0.00287314880146
0.00191123412826
0.0
0.183071295112
0.000877451921515
0.0
0.0
0.00095353012155
0.203811898551
0.826979888959
0.251434513069
0.00165048971796
0.590210693611
0.0866056994634
0.0333046145131
0.0
0.0107776604287
0.0
0.0
0.0531002034398
0.0
0.0153051704931
0.000953517567356
0.0663316246808
0.0104785835913
0.00873518382115
0.00287314880645
0.123016245773
0.0346943100732
0.0
0.0455860150787
0.0920971511475
0.0654245497323
0.0
0.100755426753
0.0285870604138
0.00189824203715
0.031291798408
0.325009274553
0.0129402407752
0.0107019801926
0.252000731108
0.304425413544
0.0316826961392
0.134865657175
0.0212770044932
0.183890678232
0.0
0.09289964804
0.0338042223907
0.116656380859
0.123778349903
0.124413897797
0.197432544491
0.122809498393
0.00478798558118
0.00095353012155
0.0818913485496
0.0
0.00095353012155
0.0589561810974
0.0
0.0168038970994
0.00095353012155
0.00095353012155
0.0
0.00191123412826
0.00285134401907
0.00095353012155
0.00287314880645
0.0107246304708
0.228229476359
0.0
0.0137248625779
0.0138705950106
0.0
0.120043688116
0.00279707060641
0.00863834587561
0.0
0.0579530533102
0.00243528722004
0.0111625004579
0.0405168279975
0.0387676917242
0.128268013909
0.0363094135218
0.0868112990766
0.215913108812
0.0604108612431
0.106419889738
0.136387784841
