0.0101259765867
0.0104802238148
0.0173789424551
0.0205014512809
0.023830074897
0.000114540775153
0.0214936324967
0.00531961990397
0.00424358580618
0.000280241358349
4.64452241597e-05
0.0266729016856
0.00673330801823
0.0
0.0
0.000667875533832
0.00013990017503
9.30781083388e-05
0.0
0.00786186616015
4.64452241597e-05
0.0
0.0
4.64452241597e-05
0.0172798812984
0.0138705950106
0.0142691280107
9.30781083388e-05
0.0120594845929
0.00293557079647
0.00454151320422
0.0
0.00106763386339
0.0
0.0
0.00042489306222
0.0
0.000715656977812
4.64452241597e-05
0.0105293160377
0.000480237329217
0.000424893062218
0.000139900175164
0.0120726906155
0.00324332804313
0.0
0.0190832109415
0.00355311685735
0.00347171972595
0.0
0.00282139250919
0.00137680328277
9.30781083388e-05
0.000280166483149
0.00336676138746
4.64452241584e-05
0.000521476284261
0.00932379400696
0.0145440314388
0.0015345502506
0.0113349363562
0.00185666353531
0.0178842260454
0.0
0.019464160486
0.000900100334481
0.0107038465353
0.00980184354922
0.00592672291312
0.0065630591209
0.00941728015357
0.000234118040607
4.64452241597e-05
0.0140047028316
0.0
4.64452241597e-05
0.00180234986852
0.0
0.000816172208955
4.64452241597e-05
4.64452241597e-05
0.0
9.30781083388e-05
0.000138752554776
4.64452241597e-05
0.000139900175164
0.000521476284261
0.00393740535082
0.0
0.000667873781754
0.0752215447583
0.0
0.0064821028189
0.000139900175164
0.0379735193136
0.0
0.0299810119014
0.000154912965872
0.0169050076785
0.00312119285013
0.0155494094036
0.00169448324845
0.0110879396472
0.00420741115369
0.0226465724922
0.00300033660666
0.0282095283341
0.0159076196698
