0.0242549235932
0.0895711021808
0.0542892731283
0.184486940929
0.101703263097
0.00100306736501
0.0821332429627
0.100270280092
0.128630851006
0.00165772815683
0.000333251153208
0.0275369093476
0.238858372522
0.0
0.0
0.352490372692
0.0301166249115
0.000667309880601
0.0
0.137153194468
0.0003332514958
0.0
0.0
0.0003332514958
0.0255378589926
0.013743143698
0.105687163447
0.0175606497846
0.0137360939741
0.0220306429125
0.0327718783768
0.0
0.00766929350565
0.0
0.0
0.00304995239898
0.0
0.0228193456779
0.0003332514958
0.115928384439
0.00409274555896
0.00304995231942
0.00100390807664
0.0510319155831
0.0953105421697
0.0
0.0250730197346
0.0875547912908
0.0198162086442
0.0
0.0203112263428
0.166908587065
0.000667883690796
0.00201887153877
0.0323725773579
0.000333251495791
0.00374364973025
0.0907691288095
0.187419320326
0.18017362144
0.0493250109965
0.0234702979247
0.104759019785
0.0
0.0464298906432
0.00636545541468
0.0723992079284
0.0493332389217
0.0776618457721
0.0815696704311
0.298708404325
0.00167214551536
0.0003332514958
0.0332724470252
0.0
0.0003332514958
0.0129584575249
0.0
0.165889156689
0.0003332514958
0.0177591512719
0.0
0.000667883690796
0.000995869737686
0.000333251467658
0.00100390807664
0.0278019096669
0.0636071320278
0.0
0.00479543235143
0.000667883690796
0.0
0.224570360495
0.000921189276614
0.241048793762
0.0
0.00550348842076
0.000893336289084
0.00730442681464
0.022478350904
0.0138762011405
0.00678852693004
0.0186183890264
0.0299248652496
0.0796886396925
0.128016489495
0.0321138404593
0.0797342552097
