0.109073149057
0.107982260743
0.0330663839634
0.0708540634383
0.14456715494
0.0045731700099
0.014606102383
0.0430424224508
0.0353806405633
0.0348508411488
0.00155535343579
0.00627142087216
0.00253292574799
0.0
0.0
0.022478201407
0.00469265169075
0.00312119285013
0.0
0.0229853870024
0.00109648845196
0.0
0.0
0.00155699803449
0.0212570795856
0.0405168279975
0.0292383435601
0.00296494827255
0.0120177447287
0.0141108518198
0.00510459099036
0.0
0.0360274660513
0.0
0.0
0.0142778379817
0.0
0.00376189588024
0.00837014468126
0.107163315774
0.0096689753492
0.0362505211486
0.00469265166658
0.0437343878239
0.0417312667557
0.0
0.0671768133322
0.088291359833
0.0430937038167
0.0
0.00296423902577
0.047535592313
0.00311381589061
0.000862138140209
0.068356129058
0.00837019154236
0.0240133586953
0.0189628175436
0.0699899215278
0.00526649300231
0.0887831598565
0.0102595022495
0.0751207573643
0.0
0.0786912898807
0.0376254972239
0.221530964585
0.0963565103125
0.0159752722281
0.089505505424
0.135855470533
0.0145370638098
0.00155699803449
0.171230084373
0.0
0.00155699803449
0.0611300509534
0.0
0.0118553095228
0.00155699803449
0.00155699803449
0.0
0.00312119285013
0.00465879689724
0.00155699803449
0.0046926516987
0.0175342209705
0.0185603951403
0.0
0.0240686282953
0.00312119285013
0.0
0.0535749939884
0.0043020202998
0.0257925960515
0.0
0.0458727404319
0.00443306199214
0.0639530755529
0.786487436238
0.00395803791949
0.015601456434
0.0210726066199
0.0804867413663
0.0533513147929
0.0380496706323
0.0120009429891
0.116209576951
