0.0638579126513
0.0809424667101
0.0349774489127
0.201036505505
0.135419255998
0.00241250072816
0.134611618595
0.11725450128
0.16005983398
0.00466864950411
0.000845408383544
0.0034037296046
0.181220381169
0.0
0.0
0.00678850766221
0.00254725441503
0.00169448324845
0.0
0.137162148234
0.000726189722188
0.0
0.0
0.000845409099977
0.17365140156
0.128268013909
0.135163511053
0.00151876675878
0.0548174404777
0.0687375309548
0.0683907254938
0.0
0.0158561709887
0.0
0.0
0.0686954080848
0.0
0.0153843091491
0.00084538742757
0.0763271483902
0.00993992588967
0.0223545346652
0.0025472544196
0.119140290296
0.08686605335
0.0
0.0798723546157
0.0774986439844
0.098226558907
0.0
0.134171659837
0.0312785267923
0.0318644192188
0.0178168896577
0.134934802847
0.0156748871171
0.00948410547036
0.181565476243
0.142636016445
0.00913843281686
0.12917342644
0.10862590781
0.167116399533
0.0
0.0493716358107
0.050451092574
0.112498144669
0.0855738889155
0.144371833859
0.213424927762
0.0724290915201
0.011138804312
0.0188625365787
0.0852569414759
0.0
0.000845409099977
0.0329999717908
0.0
0.00733000138479
0.000845409099977
0.000845409099977
0.0
0.00169448324845
0.002527744873
0.000845409099977
0.0025472544196
0.00950649595772
0.139818795129
0.0
0.0121684274188
0.00169448324845
0.0
0.125619664909
0.00243693733539
0.00622525982577
0.0
0.045027583098
0.00465304862891
0.0201592629581
0.015601456434
0.0519519606488
0.776130947974
0.0158049557196
0.11082724288
0.196668165046
0.105597633903
0.0965935051023
0.129912462967
