0.465734355675
0.603428636514
0.145225538866
0.486456538557
0.456158950088
0.00506603477522
0.316241433772
0.251879276264
0.267286764596
0.0261686876849
0.0073733236515
0.0377433371219
0.367640370872
0.0
0.0
0.0797386935146
0.0424411069618
0.0172207457832
0.0
0.414925843516
0.00387718342139
0.0
0.0
0.00737586561697
0.209050726739
0.136482331798
0.390698427753
0.00881814091922
0.12613578478
0.109535348743
0.0912599687851
0.0
0.05629033143
0.0
0.0
0.0298067414832
0.0
0.0270006378685
0.00737582535614
0.418713670289
0.0382241848537
0.0244782182188
0.0259542370618
0.457808747314
0.184408096698
0.0
0.180973986074
0.14785881474
0.252576506232
0.0
0.121997685935
0.070384836583
0.00890309871262
0.0141118574688
0.22697321515
0.00444460201741
0.0631730098136
0.403669678759
0.356624998865
0.084510956555
0.468580941841
0.135535949534
0.6051940474
0.0
0.280861992787
0.0964020609451
0.400614372596
0.499388788253
0.262876937339
0.377962182898
0.271549729535
0.0265716609607
0.0044446020175
0.612742740972
0.0
0.00857093963362
0.303840090554
0.0
0.0404057663664
0.00857093963362
0.00444460179852
0.0
0.0172217585042
0.0258434858926
0.00857093960213
0.0174407038877
0.113938947127
0.212298081412
0.0
0.0648016040448
0.0159236293958
0.0
0.324228382115
0.012843236997
0.0605562577321
0.0
0.0603502371754
0.0136820909689
0.0578097295998
0.116522223984
0.0308204420489
0.131083575681
0.139614905636
0.448048985149
0.516492199171
0.191510193268
0.492864659879
1.7094492786
