0.029671578422
0.0876516510376
0.031845618943
0.132501311058
0.116444250311
0.00122594706205
0.075474864014
0.0558688082648
0.0654488901162
0.00207398759939
0.000407236589909
0.00163917911267
0.168550320923
0.0
0.0
0.165889151564
0.00122681990517
0.000815336801139
0.0
0.0867785865301
0.000341837577416
0.0
0.0
0.0156748871173
0.0313974903528
0.0168038970994
0.0756986549767
0.0154867433386
0.0167950132806
0.0318152249711
0.000198556011942
0.0
0.0239285801361
0.0
0.0
0.00372748788222
0.0
0.0169554970362
0.000407236982876
0.116707859577
0.00489183259295
0.0107930765278
0.00122681990746
0.108093338675
0.127402715785
0.0
0.0704713289525
0.0683323293735
0.0298425775196
0.0
0.00988047211041
0.107361428503
0.000815336801139
0.00246455439618
0.0223602898425
0.000407236982865
0.0195893669386
0.116203391033
0.172142853783
0.206455661543
0.0128337409906
0.00105876190439
0.115208763882
0.0
0.0435230810658
0.0223385914
0.0624091095097
0.0441786143326
0.070024726681
0.074457245615
0.198089124825
0.0172082097454
0.000407236982876
0.0407219522893
0.0
0.000407236982876
0.0158438912165
0.0
0.358415324639
0.000407236982876
0.000407236982876
0.0
0.000816172208955
0.00121706513416
0.000407236982876
0.00122681990746
0.0045754187336
0.0179240681262
0.0
0.0058603042561
0.000816172208955
0.0
0.185732210376
0.00112802109654
0.121764525522
0.0
0.00672277817078
0.00109519448729
0.00892867341709
0.0118553095228
0.00597183845871
0.00733000138479
0.0227700528136
0.0478889681376
0.0751573797735
0.122806067793
0.0400089257372
0.0403980412563
