0.0420035857532
0.167110028716
0.026109987933
0.216256864717
0.171443578568
0.00556136787823
0.207960895793
0.193942570267
0.35444045218
0.0962373396703
0.00196321873081
0.0324559849342
0.435306824341
0.0
0.0
0.0636191142528
0.0333879426437
0.00393920143089
0.0
0.345871465242
0.00170465722478
0.0
0.0
0.00196488693297
0.0932274624266
0.228231272444
0.176278869382
0.00344289841458
0.19861988632
0.0135799691286
0.0249398170524
0.0
0.0455573734658
0.0
0.0
0.0180312606151
0.0
0.0641353091878
0.00196488693297
0.0348445780719
0.0215719273909
0.0154307426789
0.00592303529098
0.164914369423
0.0944076124434
0.0
0.0778046963983
0.0729413266051
0.107619606391
0.0
0.135952981266
0.100348746794
0.00157106821655
0.0126238117919
0.531900442462
0.00763050479011
0.0163418928605
0.416405083941
0.607723599561
0.0330778767553
0.184168929742
0.105120445074
0.293876117507
0.0
0.152922335644
0.0786251586098
0.175090279308
0.121996198007
0.136477503184
0.260717024551
0.138219586003
0.0100858019405
0.00763050479023
0.0807791708149
0.0
0.00196488693297
0.0359831283363
0.0
0.0179240681284
0.00196488693297
0.00196488693297
0.0
0.00393920143089
0.005881720957
0.00196488693297
0.0691399864671
0.0444902715004
1.00118843948
0.0
0.0842419754398
0.00393920143089
0.0
0.171568779662
0.073608133741
0.0239401364379
0.0
0.0768745651606
0.0251125112905
0.0771185999113
0.018560395148
0.0383592577077
0.139818795134
0.0206455422809
0.220920158659
0.178852377639
0.0425362986006
0.120292936133
0.211247023859
