0.322500108534
0.376767523543
0.0513734295449
0.650584150937
0.287787148206
0.0134548496624
0.374408387204
0.191711449916
0.416927791867
0.018194965364
0.00598118732245
0.0127390038734
0.634491010481
0.0
0.0
0.0907756955389
0.0110988861379
0.00932382537022
0.0
0.411707115594
0.00370930932738
0.0
0.0
0.00598118865857
0.190365741008
0.252019684687
0.356343817226
0.0101319183983
0.213289814039
0.129760814446
0.051273589389
0.0
0.139643022718
0.0
0.0
0.0554148534763
0.0
0.0953772093905
0.004647955577
0.314247497914
0.0674841693044
0.0540308596691
0.0140308203774
0.452306152867
0.210044686106
0.0
0.251444778474
0.143650273529
0.172238393507
0.0
0.201427036721
0.150852569637
0.0119814520678
0.0235649445292
0.546538528097
0.009820517747
0.0851873202961
1.59412602803
0.756880049324
0.120621626548
0.586011060876
0.146008193576
0.484275972015
0.0
0.228940075726
0.103607349736
0.115874401303
0.403507302532
0.357967386718
0.475614695357
0.383467120109
0.046420379123
0.00598118865857
0.47385888465
0.0
0.00464799989992
0.188763503308
0.0
0.116482994408
0.00464799989992
0.00598118843161
0.0
0.00932481362735
0.0139516288343
0.00464799986882
0.0166063345654
0.0444278581086
0.416526362337
0.0
0.0502458760287
0.00932481362735
0.0
0.699037696307
0.0486802400268
0.0482170632494
0.0
0.0817844860547
0.0297484786386
0.0557231422051
0.0189899496521
0.0675596344043
0.181582406515
0.0846869872631
0.218826058459
0.465102350519
0.127936210264
0.332339939507
0.402698724851
