0.0687084820528
0.0155418915887
0.0148100130509
0.01258050056
0.0100071165321
0.00568975593486
0.224514209043
0.0334487008659
0.0597765996625
0.0791867384852
0.0933029001715
0.00889713972146
0.160498233455
0.0143709122849
0.00465906111014
0.0046590611115
0.038178347995
0.195387449342
0.00993682921198
0.0117132757244
0.0885680084401
0.144468868596
0.0185512190697
0.0400795729138
0.00727116564475
0.0131245881345
0.00807842716451
0.0100071058557
0.109866622549
0.000473083643291
0.121511886086
0.0750409368293
0.00491501391078
0.00364645520214
0.141154976764
0.000236056967696
0.00669204016322
0.0330094681269
0.00517210719174
0.00119005210801
0.00673919838305
0.00972854204597
0.0329957231154
0.00939365888841
0.109110329369
0.00384722671143
0.047694692709
0.00421943228083
0.000950078221675
0.000950078221675
0.00143104894659
0.00167304619018
0.033600239542
0.17669758772
0.0931580272156
0.00613598596147
0.0
0.0
0.00440423871842
0.000473042858476
0.000473083641983
0.0
0.00516582124312
0.147502299501
0.00673637817143
0.261041271921
0.25794068324
0.0376223603223
0.173998997455
0.101764731689
0.115168919052
0.162405663723
0.104334627529
0.165221252815
0.0783950498035
0.0273857338303
0.0287488047133
0.0569074462667
0.0416747209855
0.0223460991029
0.0481347146739
0.0202916360998
0.0267303089783
0.0200268925414
0.0323327394944
0.0243493633098
0.0232493059905
