0.494032361182
0.136515632878
0.446167461865
0.270573880831
0.197745847094
0.0837581704371
0.239667375086
0.365425315639
0.751027500188
0.525176626065
1.20351896988
0.14090191559
0.257041637833
0.362036777901
0.325948072015
0.226971443065
0.517476622904
0.748310935179
0.268580781132
0.287176310142
0.532733971982
0.214710887771
0.562839943762
0.668054250665
0.137029670123
0.293745158846
0.321087325092
0.435554358768
0.696652117096
0.00921889635018
0.576132947727
1.19434183976
0.300050952652
0.234775543182
0.544683937299
0.0229969478651
0.265795697309
0.51795301494
0.242260812518
0.034218254643
0.193323231863
0.632412342449
0.380240889082
0.303128098912
2.37899051873
0.131257535704
0.328673533054
0.319216863245
0.0503688696938
0.0503688642853
0.0851956281156
0.111531169211
0.601322962634
0.216940433849
0.153375915571
0.205141779694
0.0
0.0
0.22291226915
0.0476093120868
0.0266441816415
0.0
0.260447627495
0.263686490382
0.186079424669
1.02316888832
0.106974789785
0.00459647439242
1.01325834424
0.391210698911
1.06867463402
0.527438646852
0.904101893514
0.416163539256
0.85136856692
0.257799060099
0.618107155793
0.451278380943
0.397924224349
0.0327839128803
0.746593752346
0.134815566022
0.499669643373
0.21852596932
0.44594711889
0.403164970369
0.307662269797
