1.60761846576
0.471222927235
0.925168244575
0.389530163094
0.314145116645
0.172163699969
0.272360286367
0.434086151594
1.02322216919
0.402023399703
0.976979953846
0.275260418815
0.272451483934
0.315918545011
0.14039184947
0.141293688917
0.578338422783
0.371221212572
0.202144267515
0.222403798767
0.498316556723
0.193126667722
0.439124296756
0.435522224974
0.213858107055
0.32043234439
0.23553657459
0.218251060102
0.784371018073
0.0138497768976
0.296662412411
0.63445354835
0.149410976247
0.109588301169
0.450639741212
0.0068220698751
0.131039613797
0.343039498078
0.106609641858
0.0216667977572
0.0937027821132
0.0985965064375
0.19770116691
0.203464753861
0.493932090523
0.0501521906172
0.164144958554
0.131873396863
0.0279184468897
0.0279184477368
0.042213923739
0.04944931712
0.244913869682
0.235823098437
0.0861298626571
0.118884421873
0.0
0.0
0.131711426299
0.0138261346647
0.0136968973532
0.0
0.174944068502
0.179652424703
0.175081157631
0.774445405296
0.0675192601911
0.00554189121111
0.211637184057
0.162342496986
0.426265941914
0.348094971041
0.250854055794
0.317132470232
0.86009039665
0.123819233142
0.310782976126
0.310839968629
0.164593127421
0.0175390361321
0.347315017871
0.101337091035
0.285071747362
0.121547904659
0.164850197831
0.151859719694
0.098679036486
