0.450640245831
0.272772993026
0.372060152569
0.32979705602
0.313949330795
0.135656907811
0.343990994385
0.276602535159
0.732828837972
0.451836054057
0.658952967653
0.215810276249
0.26417182422
0.442698036575
0.387067322556
0.387922601462
0.335363305488
0.404711869768
0.126018529742
0.247425152129
0.576955244324
0.256036741984
0.461410253376
0.284421351627
0.168759354511
0.281551027067
0.44749079723
0.118929994791
0.44157652004
0.0672170343368
0.696287914268
0.641208509519
0.417090946771
0.293054963886
1.62910411208
0.0202282981392
0.384367282196
0.167002229768
0.317646136352
0.0286397534288
0.232679571403
0.147886158382
0.283514290051
0.463520998697
0.544564995202
0.0600594589231
0.376265530185
0.348929156089
0.0619209551117
0.0619209561231
0.09496501737
0.112102240142
0.26048368434
0.444106328841
0.197976499513
0.379747721638
0.0
0.0
0.253829221004
0.0302572536814
0.0316624395573
0.0
0.113539528659
0.411233055685
0.209248070509
0.877868895926
0.138247153187
0.00206325515036
0.628101406977
0.111456738036
0.49709217237
0.600620835936
0.454299417831
0.345471802024
0.674181689392
0.279520045774
0.368390150763
0.198008516553
0.430458705559
0.0146560609818
0.291859704246
0.0570038875494
0.375426474482
0.0889084352808
0.447503788202
0.319523827041
0.168661660252
