0.260745620714
0.567649082032
0.560876481492
0.130313632935
0.516362195655
0.305558213994
0.0341291666226
0.318407991198
0.0962658833717
0.0257889667336
0.161947024222
0.110015207619
0.470325629177
0.654321065814
0.390216981748
0.0199409457154
0.644562215762
0.253091808338
0.00120447363137
0.369840899033
0.398418807751
0.348026678639
0.00241433851354
0.0514772301813
0.444931234127
0.0132402302925
0.0024143397118
0.527337364645
0.521308033982
0.114315564967
0.0376223603223
0.0040343037228
0.179290542985
0.139468344807
0.454123549361
0.0388034319891
0.12563590588
0.317686349138
0.0
0.00120447363137
0.00120447363137
0.00120447363137
0.00120447363137
0.00120447363137
0.00120447363137
0.00120447363137
0.00120447363137
0.00120447363137
0.00120447363137
0.00120447363137
0.00120447363137
0.00120447363137
0.00120447363137
0.00120447363137
0.00120447363137
0.00120447363137
0.0024143397118
0.0
0.00120447363137
0.00120447363137
0.00485044460666
0.0024143397118
0.0024143397118
0.0
0.0411708164971
0.0
0.00118135273497
0.162598219259
0.0399902546038
0.309745728725
0.00222716400981
0.0036192656919
0.113258417676
0.0
0.00485044460666
0.0
0.00362964692181
0.0
0.00485044460666
0.00120447363137
0.0
0.0
0.367604468872
0.039867608237
0.00118653923652
0.00978955094448
0.0073084941273
0.0333221636608
0.0122933797444
0.579259033708
0.0170408785295
0.0694956344586
0.0570879755696
0.007300063235
0.0
0.318296300557
0.365907603974
0.0499261618716
0.90082451234
0.266444511412
0.0503724293126
0.386763939713
0.0500412797985
0.400800331596
0.0398543893733
