0.000660926333052
0.0
0.0
0.00104727274978
0.00818030312266
0.0
0.0040602109677
0.000660926231072
0.00531445807357
0.0
0.00037535183627
9.32672909856e-05
0.0171456909409
0.00905689697068
0.0239085862677
0.00037535183627
0.000186912965872
0.118350011408
0.0
0.0167823780726
0.00037535183627
0.00245511154572
0.00173934084813
0.0
0.0
0.00163919448729
0.00163919448676
0.00124289827051
0.0
0.00858177681042
0.0194047437184
0.00266076477333
0.0198373718747
0.0100794521504
0.00726982618389
9.32672909856e-05
0.0101132407326
0.0122352163206
0.000375351737971
0.00959465464864
0.0
0.00114487826918
0.118350011405
9.32672909856e-05
0.00124287828559
0.0
0.0
0.0
0.0
0.0
0.0
0.000186912965872
9.12280502087e-05
0.000186912965872
9.32672909856e-05
0.0360655488959
0.000184873725095
9.32672909856e-05
9.32672909856e-05
9.12280502087e-05
9.32672909856e-05
0.0
0.0
0.0
0.000280940107433
0.0
0.00879647992237
0.0
0.00234951870384
0.000280930926467
0.0
0.0189772369285
0.00056532439315
0.0
0.000950078221675
0.0011448782686
0.0
9.32672909856e-05
0.0
9.3267290983e-05
0.000186895627946
0.0
0.0
0.0907636235993
9.3267290983e-05
0.0
0.000950078221675
0.00417145858312
0.00124289827051
0.00287061866805
