0.00218877807054
0.0
0.0
0.00346879830027
0.00602777526603
0.0
0.0134662835986
0.00218877773911
0.0926918071499
0.0
0.00124289827051
0.000308798964307
0.0780993274179
0.113595897882
0.0334615366094
0.00810827680906
0.000618838464083
0.00124289827051
0.0
0.000930237429193
0.0616174381612
0.0081774941107
0.00576278543877
0.0
0.0
0.00543074579045
0.00543074578875
0.344817043535
0.0
0.0113806267531
0.00693376290115
0.0088192086867
0.106780217827
0.0741983573656
0.0468122454773
0.000308798964307
0.0986427222785
0.0285359089966
0.00123763096136
0.0109243391323
0.0
0.00379224613271
0.00124289827022
0.000308798964307
0.00682834616414
0.0
0.0
0.0
0.0
0.0
0.0
0.000618874573857
0.000302171431782
0.000618874573857
0.000308798964307
0.0104215004893
0.000512872692812
0.000308798964307
0.000308798964307
0.000302171431782
0.000308798964307
0.0
0.0
0.0
0.000930237430943
0.0
0.0233034927946
0.0
0.00778649911562
0.000930237430934
0.0
0.0487769941537
0.00187210116534
0.0
0.00314673938251
0.00652918534722
0.0
0.000308798964307
0.0
0.000308798964298
0.000618818225597
0.0
0.0
0.00218877807054
0.000308798964298
0.0
0.00314673938251
0.0152970568121
0.00634692963985
0.0095156676979
