0.0609485066012
0.0587847026713
0.0909819850326
0.0188147539638
0.110637697699
0.136343717898
0.125104938037
0.0598831619316
0.171493091362
0.138810084314
0.203722389749
0.000482071742591
0.0499056913939
0.153325527233
0.000532693835397
0.000532693864036
0.0719397078701
0.199803873874
0.140351688169
0.0081252716431
0.139264684168
0.000532693864185
0.107789140831
0.0345604266432
0.0631335772284
0.111826660798
0.0496651548044
0.00160483900514
0.0198449709966
0.0337598194652
0.114629755223
0.134403252263
0.149768110366
0.183820996388
0.242262283949
0.190761683671
0.146256989585
0.157152636566
0.00377663401611
0.00160483900276
0.0016048390331
0.139578388778
0.201611890723
0.185959119528
0.072139512495
0.0621141552232
0.0893481213877
0.153381380922
0.0675725563271
0.0632681513793
0.0804688053412
0.189381772546
0.0971499667065
0.104236511993
0.0318358154688
0.137624759855
0.0
0.0935117158366
0.149668582467
0.0
0.178217529517
0.0306891533275
0.171712207139
0.0708995952157
0.160580983031
0.0169154115785
0.180217689642
0.162826550982
0.015219050743
0.0957587238161
0.0600855914449
0.141111822811
0.0
0.563466721753
0.138637906598
0.0721902774712
0.107979987486
0.183566071093
0.207190008501
0.056582423596
0.124051133959
0.00593992679846
0.128678452639
0.0818578493887
0.0626675519913
