0.0296814805421
0.0782666053999
0.292029856554
0.12308846522
0.251701160122
0.38968596248
0.3379416435
0.210248836346
0.120249855922
0.2266464155
0.382484524893
0.239041995023
0.595819692017
0.244955203596
0.0934401119878
0.0392373526652
0.289449353317
1.25731440957
0.384818477338
0.503385965974
0.0
0.291245925842
0.194477214075
0.228415808217
0.141242895224
0.153481851277
0.301280509494
0.349994443913
0.200733375605
0.122512324329
0.516897560651
0.0901216466672
0.424739101601
0.202592354742
0.0574161144476
0.134084659409
0.160605848715
0.108166557761
0.135397763356
0.0178667907254
0.388380350561
0.0370228463413
0.379288174169
0.363865281693
0.498491136725
0.246944973742
0.299352585584
0.240005952499
0.227901537577
0.180067572407
0.194583874187
0.322662671206
0.291300292437
0.257125300239
0.155620726445
0.201189597358
0.156962701535
0.165334059902
0.290502083197
0.0639158508946
0.146865911602
0.0812570487926
0.195460378877
0.325389584075
0.169692356603
0.267709905261
0.058856219496
0.117361869661
0.119984622459
0.303625940736
0.104494531631
0.0777724399096
0.0
0.455918167308
0.27810386716
0.539436497061
0.0484067254295
0.255879375977
0.115749028003
0.330190862115
0.311370091294
0.035527209316
0.160850610361
0.212487616934
0.122477825148
0.184556210802
0.0568203755089
0.262326051522
0.202871774028
0.138857206115
0.00164859985665
0.268299065094
0.00456190036234
0.372354359389
0.0423466696838
0.0600163744427
0.262918891813
0.257056838857
0.281832409938
0.19236288057
0.336251277439
0.238805098463
0.110479181854
