0.075758873561
0.190177468241
0.742755936948
0.372677114819
0.543251158359
1.05756095237
0.849871930434
0.70700477709
0.3625480447
0.998238841303
1.12283707438
0.459074951388
0.78397888197
0.934812473626
0.0991673176375
0.0382609337255
0.538332462019
0.311838037632
0.648758274463
0.504700011409
0.0
0.741519059685
0.424755641889
0.67922161489
0.349406588723
0.47299162785
0.832838941122
0.699661882315
0.586871290162
0.767486876323
1.11281258001
0.180255343844
0.958078984665
0.582825543165
0.137929801636
0.393342166908
0.150156655546
0.127166496816
0.434654677286
0.129447816249
0.822285670153
0.277242864629
0.675334779028
0.448738111601
0.798123013682
0.791858088451
0.630374141095
0.55793108956
0.767918301975
0.536959603836
0.356275116338
0.825834695065
0.532085245574
0.485007490908
0.362581541583
0.474595602873
0.410986790721
0.504552078625
0.379697210763
0.205255700742
0.186328326986
0.330901578319
0.645979626442
0.854301629616
0.397969711906
0.815153573553
0.346714197951
0.337963402193
0.422907686938
1.28598143959
0.273721172088
0.0661874423937
0.0
0.8694742527
0.575795522122
0.684153402241
0.473774812989
0.214790411008
0.139907171469
0.226633923968
2.79479267569
0.16812063511
0.39493312837
0.397969515537
0.47455058744
0.570341732975
0.112384017374
0.681911395215
0.306733654974
0.400472583866
0.0172776950136
0.738577588772
0.035013670635
0.951355708504
0.154139503058
0.19796196027
0.764056021345
0.428789404963
0.483737283897
0.365612079538
0.318945773481
0.172801705339
0.0747115362877
