0.0593876341804
0.0875606923571
0.287117563882
0.163723265537
0.229787827183
0.474784783289
0.322756352862
0.308262066141
0.13081436553
0.291794342747
0.196620165587
0.111029432039
0.312002251349
0.30699850631
0.0337469558437
0.00829611348084
0.207497510669
0.1695080396
0.204086072554
0.286199996783
0.0
0.265341794124
0.195636138795
0.270440539285
0.0873976500708
0.137119027627
0.222590474275
0.419547895958
0.164798020487
0.226685449769
0.477362158902
0.0276717571964
0.488441787051
0.278238106962
0.0645694570939
0.107996769796
0.0959488693596
0.0344983037849
0.069157610442
0.0234389558218
0.335676149068
0.0778547884109
0.382831636106
0.193600237084
0.326565855028
0.162044393081
0.211983298319
0.249525504479
0.220371812589
0.18394151758
0.124511580025
0.336051489098
0.210746253607
0.166538932269
0.239147900294
0.222075108455
0.140947880656
0.170869874969
0.147698748779
0.0748592949577
0.0679946673401
0.144362064999
0.155937379202
0.309581485359
1.39497363052
0.193267866376
0.363507009467
0.111274134146
0.0793647434244
0.275913393561
0.0806735665241
0.00245347451653
0.0
0.352475755678
0.222349026139
0.354825433316
0.0906126281241
0.116200160499
0.0175065518153
0.15910942926
0.397105070374
0.0658056389927
0.127757385156
0.136761851859
0.0850294427854
0.430408469123
0.0419113007279
0.275661359961
0.0501111541614
0.167873630642
0.00415234643249
0.400438130186
0.00832920991971
0.345571098303
0.0377013172743
0.0664494298651
0.313618282356
0.321402084237
0.330334640992
0.181441243661
0.172861829476
0.117656738838
0.0659304582863
