0.0187213436009
0.129248193347
0.373550329227
0.342672901898
0.340231517655
0.52742324866
0.573139290971
0.40440239305
0.187428192537
0.604416394555
0.654398421854
0.210155671414
0.376104637477
0.481650473191
0.150907265076
0.0195121793932
0.377143894463
0.294014733101
0.605168064485
0.373093687361
0.0
0.511685635826
0.495330754558
0.381140750507
0.200857794097
0.417851045835
0.58740300446
0.57589105506
0.411680698231
0.65646297404
0.758198103867
0.160044539281
0.64122343866
0.323972762875
0.133974821031
0.390997852113
0.21266680395
0.173300511314
0.284203235298
0.153176881159
0.51493668921
0.152393495678
0.629299149859
0.208152385589
0.74761701256
0.378403366344
0.408613599354
0.436726110377
0.74681971568
0.684664211331
0.218685386586
0.661334100681
1.90186739732
0.867862580546
0.717645935613
0.758916020945
0.697822853329
0.568563402797
0.432575673588
0.174276281383
0.155421525332
0.154787291632
0.483810296842
0.556219237311
0.213267180496
0.444745662717
0.128360717232
0.261762579938
0.17025883522
0.495332735509
0.323061598876
0.00693128976927
0.0
0.839427026381
0.250948497755
0.311582891275
0.0861237060323
0.215428355041
0.0585981091052
0.223698774332
0.537645562194
0.18469591229
0.186119741836
0.309359156348
0.391505083397
0.430399505957
0.0859711951768
0.479485832065
0.165348126912
0.442476060771
0.0172776950136
0.415055833055
0.0115540387149
0.650138323577
0.072692795994
0.103758293522
0.445944870295
0.453250006626
0.323917936129
0.223653109865
0.163178305497
0.119521786383
0.0432318273424
