0.0157596393278
0.0471192742126
0.192121578423
0.0931528732587
0.263612427698
0.345237374383
0.329188147257
0.39037086566
1.21730349603
0.47641843319
0.592147640987
0.212954085715
0.456934046559
0.416115558928
0.0425475091235
0.0214809587513
0.263747933757
0.120090219337
0.247847373744
0.269360510475
0.0
0.295141389391
0.192103049146
0.179106617141
0.103291603315
0.105112264285
0.14735668135
0.310124066314
0.19426708965
0.216326741713
0.479841336671
0.033751496985
0.361973249124
0.439684799454
0.158043751488
0.136497800335
0.0564113416019
0.0151704945973
0.110247803549
0.0134312083312
0.257374784966
0.0291058036441
0.227837189951
0.160445988551
0.211354994964
0.203366377258
0.1481625303
0.262932107046
0.284645586436
0.210717964731
0.113853471433
0.268922648208
0.185056190056
0.199152493724
0.277510390903
0.322545164365
0.171944357905
0.17636708576
0.264311767932
0.0412070807356
0.0616504346724
0.112683244954
0.163240969808
0.344203169871
0.129994512988
0.198033660931
0.112072154401
0.0479399841819
0.0406504248406
0.168342792869
0.0800506339633
0.0136969856647
0.0
0.345582259467
0.232818645702
0.207669304656
0.126258872877
0.0774430348477
0.069816714571
0.0865342410507
0.36373463781
0.107833693091
0.150032959201
0.113919355009
0.0472805652177
0.417907270334
0.0518653470285
0.420907810848
0.0718591774895
0.0982744275904
0.0032323195637
0.42040071455
0.00648210287399
0.376288041821
0.0416600784612
0.0422327461796
0.377881424848
0.271932503015
0.241892871571
0.0675109775257
0.113306681886
0.0703999101815
0.041074310792
