0.00978345651967
0.080880167046
0.262659305172
0.387499534983
0.190282399498
0.434287170048
0.438060963654
0.236482043661
0.216845110564
0.418933594498
0.432065760979
1.22446215386
0.487466838292
0.340601074218
0.111542725409
0.0235114304523
0.263686115401
0.239230356707
0.22042005288
0.164529567624
0.0
0.22899975439
0.190104018509
0.199727089329
0.10975823878
0.113790086805
0.309604011973
0.17534939833
0.19994030384
0.176448326599
0.341923439618
0.0972592169234
0.340543145282
0.339061823851
0.0597373565721
0.266848207525
0.0625697583266
0.0514964829378
0.18379515942
0.067885735661
0.26730513325
0.279756765044
0.428161820642
0.243998094984
0.391984411608
0.280452768915
0.269495125882
0.129902281849
0.288370153105
0.164986989125
0.11762652301
0.385293970681
0.210097488063
0.183521147861
0.100745882423
0.211054596218
0.145955630994
0.148322481167
0.256960856374
0.0527761951697
0.028092396246
0.0981333561113
0.252479213541
0.307182795623
0.112508124685
0.344208925741
0.0562718306655
0.209754933674
0.310718164474
0.497832461784
0.0546108120153
0.0406521366953
0.0
0.231720908817
0.190301853878
0.214408720799
0.054858807689
0.0547721905978
0.129541994749
0.0687129746505
0.461052602667
0.10586113564
0.222248804179
0.228761123939
0.225514331322
0.324066808264
0.0603107352108
0.315964330691
0.0853513690802
0.232250718268
0.00152678438774
0.169118389485
0.00821421225449
0.347769373657
0.0433595406588
0.0697726232612
0.262492978576
0.25222912516
0.164320016719
0.0926005477338
0.119198929475
0.087866393527
0.0616035616117
