0.00310507547354
0.0460900458733
0.0367551232788
0.0322708591342
0.0496795456987
0.101953130909
0.0898795671991
0.147153248688
0.0415869560929
0.0332677817436
0.170692830728
0.0431035030255
0.0649889138316
0.0568576788695
0.0350475796265
0.0299346831626
0.0393536645141
0.0417232175281
0.0694286673831
0.0798491870467
0.0
0.0811800448544
0.0307659991771
0.101814882882
0.031162681585
0.0631712759151
0.09565682318
0.103830586876
0.062941497652
0.0944735168242
0.0964026546651
0.0239869073892
0.0969518505241
0.0648259881951
0.0157572690996
0.0778274774734
0.0443185673263
0.0108508147091
0.0493447981005
0.0440806485475
0.0676538218209
0.0141523904837
0.0621520434008
0.0386304877735
0.135413099197
0.126460638802
0.0909556755236
0.06055920931
0.0650070968585
0.0813185046802
0.0473365710917
0.111273824242
0.0721331557108
0.156820622251
0.0448050709905
0.115111116157
0.0786584471435
0.0353685787325
0.0566701769472
0.0280687222456
0.0664703367708
0.0856950869527
0.08041427238
0.0891424854644
0.0376406962618
0.0944957013138
0.0161605712221
0.0414869030326
0.0609839154074
0.154926220338
0.029786641077
0.00115136394338
0.0
0.120971737047
0.0662431249368
0.047574594809
0.0794574746631
0.0285273940075
0.00337123353077
0.0143385284058
0.150084777978
0.0128187723884
0.0195218650279
0.0399945567895
0.0683971749825
0.0798738381096
0.0391223566444
0.1154007724
0.05995652161
0.0869722962717
0.0296223603223
0.127665535939
0.0672215447583
0.134526657137
0.419888310394
0.125553233067
0.0904373520145
0.0710265713255
0.0497149106596
0.0588905148537
0.039670353507
0.0193207731728
0.00713933495624
