0.042027852113
0.111676398931
0.914005202044
0.924283301786
2.26075232527
1.30898631664
1.32313381001
0.84907002763
0.263693432356
0.53099251614
0.531486453492
0.189231165846
0.589951825882
0.441799182446
0.0276875284201
0.0142935655527
0.397742285137
0.251370208817
0.405022825482
0.362121852322
0.0
0.510302365695
0.237678471824
0.380167048777
0.11008906183
0.228359570412
0.467631281703
0.598667300788
0.265146019925
0.343754232096
0.594349276773
0.0952156934682
0.572714350766
0.404319456305
0.139634910322
0.199656059956
0.16425123033
0.132644275475
0.213918918734
0.0312228807481
0.537156465102
0.114508513239
0.460763022894
0.524371125918
0.587942715493
0.447258208698
0.298506728189
0.459341636537
0.40619613049
0.369875151532
0.285711229715
0.558924422952
0.334548236364
0.280749183682
0.300031483558
0.33764708411
0.176887879753
0.257518894168
0.340706975666
0.100544145106
0.109264179414
0.216907197428
0.510328236081
0.507035842833
0.229294062608
0.289405843108
0.2338022936
0.14120876334
0.101722370689
0.33955602769
0.16564340999
0.017136838262
0.0
0.747225274418
0.602008078786
0.353150334585
0.230890883666
0.237330269953
0.0612697451755
0.151969404516
0.540232960434
0.118052065015
0.424154466308
0.221436449767
0.202625077615
0.394677621081
0.0772959059108
0.454626829736
0.101978369158
0.268405275724
0.0071319895447
0.36338418876
0.0143209555047
0.64460800558
0.0497367838476
0.113757920827
0.253255868767
0.337060017582
0.41089124821
0.204820694384
0.256277384554
0.204512372563
0.101446394345
