0.000566514604214
0.00473275250815
0.0110467516668
0.0199085971538
0.017139603077
0.0161529743993
0.0144823782127
0.017049830074
0.0137006005389
0.0312474041776
0.0742188820158
0.0406577242072
0.0192871621401
0.0248055921038
0.0269722781073
0.0266439991907
0.0937763883838
0.0775174355969
0.0478445528012
0.0340747015608
0.0
0.053251712197
0.0151621605304
0.0391084913839
0.0193013590132
0.0314090301513
0.016196100257
0.0195125006996
0.0360180755576
0.00745838650538
0.0490941089431
0.00110266716421
0.0349605441118
0.00879474531326
0.00287131506307
0.0469762954051
0.0011496914584
0.0204813565083
0.0232963692479
0.00130176627484
0.047801389343
0.0016048389601
0.0504622067425
0.00582520976761
0.0233498019178
0.0195151056796
0.0534526908578
0.0245676028674
0.0504601396925
0.0373869806502
0.0387593275133
0.0163540634721
0.00674080006586
0.00515404305621
0.00868196987778
0.00943047324324
0.00553505831259
0.034188283404
0.0195151036062
0.00672456122487
0.00137702619694
0.0290182170569
0.0415957233002
0.0234186129243
0.00245194508594
0.0429564739635
0.00176622562714
0.00642056290506
0.093775544088
0.0653162976017
0.0235717946447
0.0937713279397
0.0
0.060669525324
0.0171955497821
0.0612097271175
0.00230679751503
0.0259534649341
0.0905133357605
0.027249561444
0.0661896086078
0.00582522285587
0.0114161045313
0.0438466434106
0.0102003039223
0.00941441640877
0.0122458967454
0.0225551033631
0.00515558601597
0.0362737106141
6.98087704289e-05
0.0607164139571
0.000139900175164
0.0322400496969
0.0011521965948
0.00258535656587
0.0322880504656
0.0215650910727
0.0118269958512
0.00987233241204
0.00515558601597
0.00354394051554
0.00130176627484
