0.0170621802839
0.0735559564123
0.242366913154
0.343719881971
0.27156282509
0.399888259476
0.449323942023
0.35119968781
0.101318176317
0.565009195191
0.527815411622
0.232173823913
0.256881500951
0.327361766147
0.0939593962763
0.049492631091
0.211494951438
0.139585563556
0.298641695045
0.345978753475
0.0
0.289401686131
0.260344446121
0.366713526034
0.178274604191
0.251410487644
0.500632283783
0.363147743992
0.263547982149
0.379709651253
0.473720499476
0.0379084596596
0.423083765949
0.261488990551
0.0906352183969
0.289483505888
0.0919675998306
0.1074540602
0.210253747725
0.0429581705973
0.382236291392
0.13090460638
0.420603869418
0.119031409679
0.431536178487
0.267027240075
0.321084412447
0.257883491597
0.586885064675
0.341450557704
0.132001334594
0.506420439254
0.44118608415
0.319984265587
0.332794941257
0.456330723046
0.278365849437
0.346917610709
0.284144911845
0.171074700789
0.0757351497095
0.144152423431
0.385160756185
0.384918346787
0.16941462892
0.371735165035
0.122545161722
0.0926172972988
0.236414319752
0.338461452952
0.140433919325
0.036317417695
0.0
0.530240437068
0.188650934612
0.222455826436
0.0924903911987
0.108732126497
0.0711674972264
0.119614527798
0.404482049284
0.228214853146
0.144444728195
0.135287260946
0.276612736337
0.283884667617
0.128053457544
0.485463795781
0.113399231505
1.54187833689
0.0376223603223
0.313841398354
0.0316956051722
0.516727471065
0.0911040841982
0.220179876123
0.329044511381
0.281619754519
0.27185691562
0.273838652845
0.104808257451
0.103447386319
0.0269117057519
