0.0903874333265
0.171428471029
0.621915540551
0.32838439749
0.597461752791
1.10669486142
0.926920355259
0.800269448129
0.479726058636
0.817933925703
1.0908059552
0.341406267526
0.85597166236
0.813681427078
0.135475637563
0.0247498801871
0.663261318301
0.519634471465
0.852623705591
0.829697024478
0.0
0.959869929287
0.659501961481
0.734236770102
0.386204265325
0.617091518607
0.995550510929
1.00044150371
0.814229030886
0.838853637927
3.39523218568
0.199192799885
1.43063900523
0.644162056656
0.205544138074
0.314235883054
0.426157260055
0.165140977497
0.484740259516
0.0961421946323
0.965804341885
0.109573965907
0.556915373613
0.641534905045
0.944955980318
0.736589678876
0.597236774718
0.594456711332
0.981461567565
0.824260231637
0.488755052333
1.06251592937
0.750471674244
0.702766303123
0.730412007419
0.760646422688
0.618906171123
0.763014717275
0.736256068547
0.307129690676
0.162913033405
0.381142755853
0.694119375626
0.874130703271
0.477288246157
0.795973720522
0.355010671353
0.376339446258
0.198798898074
0.764867301281
0.353428658338
0.0492143640457
0.0
1.16938823498
0.652143330005
0.675642984969
0.339693438522
0.394097413698
0.127264136109
0.49247349043
1.11896687537
0.300683582781
0.448517969739
0.507217108088
0.37222308081
0.664594888029
0.142783852583
0.820983251808
0.228568803204
0.472280653399
0.00877892381416
0.996982630149
0.0176415441503
1.20458897091
0.0971784855247
0.172235541234
0.948260753353
0.67614160247
0.775433831962
0.514297067463
0.686536076351
0.473466322665
0.195494700069
