0.0427127060004
0.150369487471
0.445041874229
0.378971730366
0.537153039916
0.851567570455
0.965029896555
0.62442982737
0.590193729805
0.963538305572
2.80490265546
0.435281864883
0.625393656721
0.823914276891
0.165355402698
0.0370834811285
0.56576006842
0.384425319492
0.698756296496
0.535633023624
0.0
0.713034738579
0.614847893764
0.614103210537
0.444321257793
0.419766072189
0.817371755847
0.73788061488
0.767884637003
0.516292103185
1.09319801384
0.225335981479
0.95576250409
0.718563368906
0.219772964094
0.493902409826
0.329241658241
0.0719641366826
0.349187139319
0.197456332901
0.906284256195
0.164396048241
0.544202577912
0.345866252257
0.827556112194
0.669757779921
0.620383594223
0.701266636951
0.638270654493
0.546588846744
0.361358551385
0.946999545643
0.648914678927
0.585185144688
0.576091000065
0.637891450019
0.456322035805
0.465675079431
0.520240103344
0.173833712281
0.200551704512
0.377874107265
0.680608011897
1.05670069544
0.197976433232
0.920589028425
0.261527658936
0.329763120213
0.232123737272
1.02000917563
0.369564792779
0.0744350023081
0.0
1.00210232624
0.381880376154
0.549470481283
0.297957994005
0.19325709838
0.157469252063
0.152895073807
1.12535913417
0.126344145946
0.306479799629
0.498641953089
0.449617579456
0.678473270916
0.094968086915
0.734338842342
0.218395246712
0.524917852308
0.0188625365787
0.889783802131
0.0484617210147
1.0089663634
0.170908782327
0.307297634565
0.967219573306
0.506484179593
0.541618051672
0.396221629542
0.3341913786
0.21557568746
0.112330811514
