0.0319901579453
0.101260786972
0.373274927457
0.329097107959
0.411243518219
0.612508731881
0.613699847796
0.460610326611
0.285244301701
0.655856494347
0.638699672148
0.287519777447
0.612161949666
0.74348307918
0.0917306934072
0.0323912968449
0.516055658064
0.230708338521
0.582789227975
0.635474202401
0.0
0.61772741016
0.354074652885
0.628923189646
0.380296165354
0.548438901543
0.769465862825
0.596733495703
0.528102635693
0.578135938707
0.98342529537
0.134578712622
0.741955934042
0.419615392371
0.217567313938
0.458749630262
0.173305891174
0.160780566232
0.207242543027
0.0652554949655
0.63418018939
0.109837465275
0.50230004372
0.271324473569
0.79603396013
0.652147250584
0.409619440751
0.408990146167
2.70077280842
0.657280952622
0.400928475419
0.732064707798
0.736655463858
0.558216053687
0.553396118092
0.64001753419
0.553944234864
0.534542597482
0.410372037934
0.225299139509
0.112753841541
0.260294661667
0.527363666998
0.595841095728
0.22201984167
0.485142487869
0.123705071908
0.300033232571
0.206557804127
0.486108246763
0.180134712993
0.0504576620248
0.0
0.824638532918
0.381870981616
0.372976907008
0.218974462862
0.22362893602
0.153027562506
0.207252482183
0.772778457012
0.268109113355
0.261081085991
0.304484552044
0.291760168242
0.408726276707
0.100564491947
0.657475325737
0.128539118934
0.584793299138
0.0160357960588
0.422813018367
0.0236875072898
0.769284074815
0.0661305054689
0.158634787299
0.488890964201
0.428459689561
0.300940203291
0.313805226997
0.311608530514
0.163935382392
0.0904617033936
