0.0587203787978
0.0344575381485
0.231570576215
0.279784573634
0.009948463105
0.0104241291408
0.0133226348239
0.256103326634
0.0123488915903
0.0187771485045
0.379454625193
0.103389641298
0.0168146986106
0.19103106756
0.0349002554915
0.0587203787978
0.00485511525613
0.300910409905
0.228717356815
0.0258130862055
0.0163089042684
0.0475526311006
0.0715551593539
0.0320567967881
0.291736505504
0.00667846114377
0.00852775950123
0.00440423871842
0.334316920462
0.0158370071493
0.0605356337215
0.058111842663
0.320180083679
0.197957298472
0.00806729806469
0.00806728551113
0.00760228501285
0.0739724405134
0.0303337686545
0.0796863315423
0.114910541298
0.0433651222137
0.058626845786
0.317942909953
0.370628937814
0.0514384213199
0.318008483105
0.0524207986063
0.083707262772
0.148795840367
0.283576093502
0.126827612548
0.0804135562853
0.246879900923
0.104338852136
0.209029815279
0.360328949642
0.137957503894
0.0375277968576
0.0392058222385
0.047044663671
0.0684225849617
0.315642712508
0.0459073234696
0.0459970007564
0.298785090908
0.044392059504
0.306056817455
0.300190540058
0.208908621198
0.250891131358
0.0544670658967
0.385346490947
0.0974714993983
0.107379642237
0.335870113459
0.0435991895425
0.00173934084785
0.00172913588502
0.00173934084813
0.00173934084813
0.00173934084813
0.00173934084813
0.00173934084813
0.00173934084813
0.00173934084813
0.00173934084813
0.00173934084813
0.00173934084813
0.00173934084813
0.00173934084813
0.00173934084813
0.00173934084813
0.00173934084813
0.00173934084813
0.00173934084813
0.00173934084813
0.00173934084813
0.00173934084813
0.00173934084813
0.00173934084813
0.00173934084813
0.00173934084813
0.00173934084813
0.00173934084813
0.00173934084813
0.00173934084813
0.00173934084813
0.461159523942
0.258473598767
0.00173934084813
0.0
0.0
0.0490450808174
0.29685916687
0.027834767818
0.00947496655576
0.00530787830077
0.0
0.00395531178693
0.0209523032463
0.00217868940066
0.000866028148745
0.00576278543878
0.295454718822
0.0
0.0234508217405
0.0320810208039
0.101507492074
0.00162150467856
0.220783813169
0.346228477363
0.0310314447749
0.0172776950132
0.113781808416
0.000432111084069
0.0683144707687
0.0555112238696
0.107343253056
0.311719528087
0.103635839714
0.114512534834
0.0239715976231
0.351388368822
0.330970336532
0.311229380457
0.0293098857778
0.00667846117441
0.197239079528
0.328045838811
0.0
0.0062195485359
0.027380151404
0.0
0.000432111112329
0.000432110671853
0.00262006174565
0.0
0.00530786848406
