0.0266494431978
0.000123900175164
9.25042981446e-05
9.30737738572e-05
9.30780828439e-05
0.00013990017503
9.30781083381e-05
9.30781083388e-05
9.30781083388e-05
9.30781083388e-05
9.30781083388e-05
4.64452241597e-05
4.64452241597e-05
0.0
0.0
0.0
0.0
0.0
0.0
0.0
0.0
0.0
0.0
4.64452241597e-05
0.000170118040607
0.0
0.0
4.64452241597e-05
4.64370671966e-05
0.0
0.000234118040605
0.0
0.0
4.64452241597e-05
0.00632067718657
0.00013989150594
9.3078057349e-05
4.64452241597e-05
0.0
4.64452241597e-05
4.64452241597e-05
4.64452241597e-05
0.0
0.0
9.30781083388e-05
0.0
0.0
9.30781083388e-05
0.0
9.30781083388e-05
4.64452241597e-05
0.0
0.0
0.0
4.64452241584e-05
0.00632067712422
0.0
0.0
0.0
0.0
4.54256037713e-05
0.0
0.0
0.0
0.0
0.0
0.0
0.0
0.0
0.0
0.0
0.0
0.0
0.0
0.0
0.0
0.0
0.0376223603223
0.0
0.0
0.0
0.0
0.0
0.0
0.0
0.0
0.0
0.0
0.0
0.0
0.0
0.0
4.64452241597e-05
0.0
0.0
0.0
0.000570072686723
0.0376924517268
0.0
0.0
0.0
0.0
0.0
0.0
0.0
0.0
0.000473083643291
0.0
0.0
4.64452241584e-05
0.0
0.0
0.00584952040141
0.000139900175164
9.30781083388e-05
0.0
4.64452241597e-05
0.0
0.0
0.0
0.0
0.0
0.0
0.0
4.64452241597e-05
0.0
4.64452241597e-05
0.0
0.0
0.0
4.64452241597e-05
0.0
0.0
0.0
0.0
0.0
0.0
4.64452241597e-05
4.64452241597e-05
0.0
0.0
9.30781083388e-05
4.64452241597e-05
4.64452241597e-05
0.0060826946919
0.0
0.0
0.0
0.0
0.0
6.10781083388e-05
0.0
0.000234118040607
0.00413650000029
0.0
0.0
0.0
0.0
0.0
0.0
0.000186912965872
0.0
0.0
0.0
0.0
0.0
0.0
0.0
0.0
0.0
0.0
0.0
0.0
0.00510309193626
0.0
9.30781083388e-05
0.0
0.0
0.0
0.0
0.0
0.0
0.000234118040607
0.0
0.0
0.0
0.0
4.64452241597e-05
0.0750942776173
9.30781083388e-05
0.0
0.0
0.0376223603221
0.0
0.0
0.0
0.0
0.0
0.0
0.0
0.0
0.0
0.0
0.0
0.0
4.64452241597e-05
0.000202118040346
9.30781083375e-05
0.0
0.00235734377302
0.0
0.0
0.0
0.0
0.00368127605076
0.0
4.64452241597e-05
9.30781083388e-05
0.0
0.0
0.0
0.0
0.0
0.0
0.0
0.000717092787589
4.64452241597e-05
0.0
0.0
0.0
0.0
0.0
0.0
0.00454151320422
0.000782662786624
0.0
0.00554576165433
0.00467973878788
0.0408721436326
0.0
0.000139900175164
4.64452241584e-05
0.0
4.64452241597e-05
4.64452241597e-05
0.0
4.64452241597e-05
0.00539684572439
0.0
