-4.6
-3.6
-2.2
-1.1
8
7
6.2
-6.8
-2.3
-3.2
1.4
0.5
4.62
2.46
1.44
2.13
1.11
1.2
5
-2.55
-0.6
6.3
0.6
1.4
1.9
3.08
1.34
1.27
1.87
2.23
1.56
4.6
0.97
2.5
3.4
0.65
3.71
-1
1.66
1.87
2.57
2.26
1.85
2.28
1.68
2.56
1.19
1.17
1.6
-0.51
2.2
1.1
3.5
0.56
2.31
1.29
1.72
2.14
0.55
1.81
1.25
1.23
0.98
0.5
0.6
0.7
0.7
0.7
0.8
0.8
0.8
0.8
0.9
0.9
1
1
4.1
1.3
3.12
3.2
2.75
3.39
3.12
2.42
3.15
1.3
1.1
2.5
1.8
2.4
4.7
8.4
3.3
1.1
0.6
2.7
-0.5
0.5
-0.5
2.72
3.13
2.5
5
0.8
1.9
1.6
1.5
4.13
2
7.4
2.5
4.11
0.99
0.6
0.64
2.7
2.8
2.2
-0.9
0.8
2.1
0.5
1.3
3
0.6
1.5
0.8
1.2
1.8
1.2
1.5
2.1
1.8
2
5.9
2.2
1
1
1.2
5
1.1
0.7
2.1
2.3
0.5
5.7
4.7
3.3
6.9
1.6
1.7
0.55
1.1
-0.89
0.5
0.5
0.5
0.89
0.7
0.9
0.9
1.3
1.3
2.2
2
-2.2
-1.17
-4.88
-1.71
-3.01
-0.75
1.6
4.4
2.5
5.7
0.8
1.8
2.6
1.3
8.4
9.2
0.5
1.4
1.7
1.9
4.5
-0.8
0.8
-1.6
-0.7
-1.3
-0.8
-2.2
3.3
0.5
4
8
2
1
1.1
1.8
-0.52
0.69
0.53
1.74
1.03
0.99
1.04
0.6
1.25
1.32
0.99
1.6
1.1
-1.86
-3.23
1.19
0.82
-0.74
0.8
0.7
1.9
2.6
0.5
1.2
-0.8
-0.6
-0.54
4.6
-2.9
-10.2
0.6
-0.5
2.6
2.1
0.7
1.5
1
12.6
22.5
15.6
6.8
20.5
7.9
8.2
-1.3
-1.43
-1.58
-1.24
-0.84
0.64
-0.79
1.53
1.67
1.46
3.15
8.9
3.6
5.5
3.3
1.1
10.7
1.8
5.3
11.8
14.2
12.2
13.8
2.8
3.5
3.1
5.7
-1.5
3.6
1.9
-0.58
-0.91
-0.96
-0.84
-0.99
-0.98
-1.01
-1.13
-2.21
-2.57
-1.4
1.1
2.2
0.9
1.1
1.4
-0.9
6
1.3
1.5
2.3
2.2
1.5
0.5
2.3
3.6
2.3
0.6
1.9
4.4
1.7
1.3
-2.9
-2.8
-2.7
-2.7
-2.3
-2.3
-1.8
-2.3
-3.3
-3.7
1.5
1.2
1.7
-1.1
0.71
2.03
1.08
-0.57
0.74
0.57
0.9
0.51
0.57
0.66
0.71
0.69
-1.15
0.71
1.56
1.35
2.91
-2
-1.8
-1
-1
-0.9
-0.9
-0.8
-0.8
-0.8
-0.6
0.8
1.6
2.53
6.12
0.62
0.52
13.4
19
26.6
15.9
30.71
10.79
20.36
4.54
8.14
11.93
23.09
9.91
5.43
8.47
14.63
1.82
1.79
12.5
20.09
2.7
2.1
2.6
3.54
12
11.7
3.35
18.29
7.48
11.9
9.18
17.57
30.47
2.93
1.82
1.8
3.2
3.6
2.78
4.95
8.04
11.6
1.9
2.2
-0.5
1.9
1.9
2
2.8
2.3
1.73
2.36
1.36
2.6
1.5
2.8
1.4
3.6
5.4
1.8
3.9
1.5
2.9
2.4
4.7
2.4
3.4
-0.6
1.6
4.1
4.7
3.2
2.2
1.2
3.9
2.8
-0.6
1.2
2.6
5.3
3.6
3.1
4.6
2.5
-1.9
0.6
1.1
4.5
-0.55
-1
0.55
-0.5
0.8
-1.4
1.75
1.3
2.15
2.3
1.1
0.7
1.35
0.5
1.55
2.65
0.5
1.05
3.85
2.3
0.7
2.6
1.75
0.8
1.05
0.8
1.05
1.5
1.75
3.7
2.6
1.25
1.05
0.95
3.55
3.05
2.05
0.95
2.85
1.45
0.8
-0.65
2.05
2.5
0.75
1.85
0.8
2.15
2.5
0.65
1.65
2.55
1.75
-0.8
-0.6
1.05
0.6
2.2
3.3
0.65
1.85
2.55
0.75
-0.59
-1.01
-1.24
-1.04
-0.8
1.1
-0.67
-0.54
-0.52
0.5
0.7
0.5
2.52
1.81
1.69
3.1
1.07
0.56
1.02
2.47
1.06
2.23
1.52
1.02
1.83
1.68
3.66
1.57
1.09
1.4
0.86
4.83
1.14
3.7
-2.9
6.1
8
-6.7
2.4
1.1
5
9
9
8
0.55
0.67
1.16
0.85
1.57
0.62
0.52
0.7
0.74
1.07
1.09
2.32
0.97
1.33
1.38
0.6
0.96
3.19
3.89
3.52
1.34
2.12
2.37
0.5
2.43
0.63
1.03
0.76
1.47
0.69
0.7
0.58
0.8
4.91
3.74
2.39
3.84
2.11
3.41
1.21
0.83
4.34
1.88
1.51
3.24
3.34
1.15
1.45
3.5
-0.7
1.9
2.8
2.6
2.7
-1.3
-0.9
-0.7
-0.57
-0.57
3.1
2
2.6
4
3.6
0.9
0.6
2.3
3.7
1.1
0.53
3.03
2.1
0.95
0.56
0.5
2
3.4
3.2
1.1
1.2
1.6
1.5
1.5
3.9
1.9
2.9
1.5
2.7
4.5
1.3
1.5
1.6
0.8
1.9
3.9
1.6
1.7
1.1
0.8
3.1
1.4
1.8
2.5
2
1.5
0.6
4
6.3
1.6
3.4
1.5
2.2
1
1.2
2.2
0.5
3.1
1.2
2.3
-0.5
3.4
-1.4
-0.6
1.69
0.85
1.1
-1.27
0.7
3.5
1.2
-0.5
1.6
0.8
2.7
1.3
1.9
1
5.7
-0.5
4.4
4.9
2.8
3.2
1.5
0.5
3.8
1.8
0.6
1.5
1.9
0.5
0.7
0.97
1.19
1.28
0.55
0.91
0.55
0.79
1.1
2.3
1.5
3.2
-0.7
6.93
9.31
5.33
0.94
2.52
5.43
-1.25
-0.56
0.95
0.55
1.28
7.1
2.8
2.22
2.29
28
4
9
20
-1
1
-2.8
-0.9
-1.1
-1.4
-1.9
-2.2
-2.7
1.19
0.96
2.15
2.63
2.15
1.91
1.6
1.4
2.4
0.8
1.48
2.17
1.36
1.41
0.69
0.65
-0.93
2.03
-0.53
0.6
1
0.6
4.2
1.9
1.9
1.86
5.3
3.4
7.8
2.38
2.68
1.4
4.2
1.4
1.38
2.65
3.3
0.9
-1.1
1.2
6.4
1.4
4.9
3.1
2.5
5.4
7
4.7
5.7
6.6
0.67
1.12
1.33
0.55
0.56
2.37
1.12
1.72
0.8
1.41
-0.75
1.18
-0.59
1.84
0.64
1.14
1.45
-1.05
1.54
0.79
2.25
1.78
1.92
-0.63
-0.93
1.6
-5.01
0.71
0.75
0.73
2.14
-0.55
1.89
2.75
0.93
0.76
0.64
0.5
-0.76
1.24
4.43
4.27
2.51
-1.74
-2.75
-1.62
-1.31
-2.65
-1.77
-0.67
2.27
1.53
0.81
0.84
0.6
-1.41
-0.81
-1.41
-1.58
1.22
-1.07
-1.53
-2.17
-2.1
-1.72
3.41
1.92
2.37
1.36
1.54
1.1
1.63
2.34
1.29
-1.08
2.2
0.53
2.77
0.5
-0.86
2.58
1.81
3.99
-2.27
-1
-1.4
1.72
1.78
1.1
1.1
0.6
0.8
-0.7
0.8
0.7
0.9
-0.5
1.2
1.72
1.22
2.08
0.5
2
1.18
1.22
1.46
2.7
3.1
0.8
1.3
-1
-1.57
-0.7
0.7
2.12
0.93
1.15
0.93
2.56
2.44
1.05
0.79
1.72
-1.39
0.65
-2.65
0.6
0.96
0.6
1.17
6.82
-0.72
0.53
0.89
0.76
0.62
0.91
1.2
1.09
-0.57
1.29
0.74
0.5
1.36
0.52
0.79
1.6
1.24
-0.71
1.08
2.91
-1.67
-2.65
-0.6
2.12
4.42
4.54
3.97
2.87
4.04
-1.58
5.26
-2.56
2.61
-0.76
0.7
0.5
2.3
0.7
3.72
2.58
4.87
1.95
1.08
2.85
5.52
1.3
2.37
2.02
3.5
2.99
4.8
3.54
4.37
1.79
0.8
2.84
2.19
4.2
0.7
0.66
1.18
1.92
2.77
3.2
4.54
-0.61
2.5
2.8
2.2
3.3
0.51
-0.5
-0.8
-0.62
1.22
4.98
2.26
0.71
1.43
4.21
3.28
0.5
-1.11
-0.58
-0.57
-0.57
3.1
7.09
2.2
2.6
5.17
2.64
0.9
0.76
5.18
4.4
5.1
3.7
3.54
2.56
2.17
0.53
3.03
4.21
1.64
1.92
1.75
1.19
3.2
3.4
1.5
1.2
1.6
1.1
1.5
5.08
1.03
1.9
2.9
1.5
2.7
4.6
0.57
1.62
0.68
3.53
2.42
0.57
0.63
2.16
1.17
1.1
2.22
0.66
1.4
1.8
2.08
1.06
4
4.43
3.34
1.5
2
1.7
0.8
1.5
2.76
1.71
1.11
1.6
2.62
1.08
1.2
2
3.5
-0.6
0.94
1.69
0.85
-1.27
-1.1
2.71
1.18
1.98
0.72
2.67
1.93
2.53
1.85
3.2
0.81
7.52
-0.5
0.71
2
4.9
2.44
4.4
3
1.5
0.5
2
2.84
1.8
1.8
1.18
1.06
1.2
0.67
0.67
0.79
1.21
1.08
1.31
1.96
1.06
0.93
0.9
1.4
-0.9
4.05
1.3
-1
2.2
1.5
2.3
0.7
0.5
1.7
1.9
4.4
1.7
1
-1.1
-1.47
-1.26
-1.06
-1.21
-1.02
-0.73
-1.21
-0.73
-0.53
1.7
2.3
1.39
0.76
0.84
0.84
1.3
0.77
0.64
0.81
1.6
1.43
2.24
1.69
1.7
1.04
1.48
0.72
3.48
0.73
1.13
0.67
0.74
0.74
2.77
-0.56
2.54
1.24
1.02
-0.98
1.53
1
0.63
1.08
0.98
2.32
3.54
1.49
2.31
1.23
-1.61
0.67
2.17
-0.7
0.8
2.05
1
1.19
3.16
0.5
2.25
0.97
0.58
0.62
0.51
0.98
1.93
-1.16
1.44
1.13
1.2
0.76
-0.82
-0.98
1.73
0.67
0.7
2.2
0.78
1.15
0.98
0.72
0.89
-0.82
2.42
0.82
0.67
1.06
0.8
1.31
-1.24
2.6
1.88
2.18
0.81
1.58
0.84
1.68
0.67
0.9
0.5
0.94
0.5
-0.7
2.22
5.04
4.92
3.7
2.7
1.53
1.6
2.4
-0.5
0.5
0.7
-1.01
0.8
-0.5
-1.6
-1.8
-2.1
-1.2
-1
-1.5
-1.2
2.52
2.6
2.2
2.6
2.34
4.99
4.69
3.65
-1.24
-1.4
1.6
1.6
1.5
-0.74
-0.5
-1.1
0.5
0.9
1
0.93
3.8
3.1
3.1
4.08
4.87
3.59
3.54
3.07
1.53
0.74
0.74
1.92
-1.25
1.34
1.99
1.56
1.26
1.2
0.69
1.63
1.11
1.88
1.27
-0.68
1.63
0.99
0.97
1.71
0.74
1.64
0.6
2
2.4
1.99
0.76
2.11
1.01
0.55
0.99
1.35
0.71
1.9
1.25
1.41
0.73
1.65
1.1
2.27
0.75
2.13
0.73
-1.05
0.55
-1.25
-0.72
-1.07
2
1.9
2.2
2.4
1
1.3
1
3.1
3.2
0.57
-0.6
1.71
-1.07
-1.24
-1.19
0.75
0.54
1.4
-0.91
1.85
-0.53
-0.53
0.91
3.32
1.34
0.67
1.06
-1.5
1.6
0.78
3.44
0.97
1.89
1.07
2.38
2.07
0.7
2.8
3.82
3.27
0.72
-1
-2.9
-2.8
-0.8
-0.63
1.27
-2.02
-2.56
-2.25
1.29
0.53
-1.67
-2.4
-1.1
0.9
1.31
2.66
0.84
1
1.2
1.82
0.82
0.92
2.17
-1.9
0.72
2.3
0.7
3.2
2
1.1
2.1
0.9
2.53
1.7
2.3
2.8
2.3
1.38
-1.1
-1.7
-1.6
-0.5
1.5
0.77
2.8
0.7
0.6
-0.8
2.8
8.05
3.9
0.6
1.1
1.5
-1.1
-1.7
-2
1.33
0.8
0.68
-1.3
-1.2
-1.5
3.6
1
1.71
1
4.07
0.7
2.44
2.88
1.1
2.3
1.4
1.3
1.5
2.4
1.1
2.1
2.9
1.3
1.1
1.3
0.66
1.6
1.65
-1.72
-0.52
-1.15
-0.98
-1.27
-1.02
-0.88
-0.76
1.85
1.52
2.71
3.59
-1.88
5.93
-1.31
1.79
1.64
1.19
1.76
0.82
-1.67
2.31
-0.55
-2.21
2.4
-0.57
-0.58
-0.81
3.4
-0.6
-1.1
0.9
-1.28
-0.88
0.6
-0.74
-0.98
-0.91
-2.97
-1.37
-1.54
-1.64
-1.33
-1.14
-1.07
-1.2
-3.1
3.7
3.1
-1.45
1.4
1.1
3.9
4
-3.02
-3.34
-2.11
2.7
2.55
7.8
-1.16
4.72
-0.81
-0.62
-1.1
-1.9
-0.5
-0.6
-1
-0.5
1.66
0.57
-0.76
1.06
-1.4
-1.8
-1.2
2.2
0.73
4.4
2.46
2.27
4.96
0.91
0.52
2.12
2.31
-1
3.07
-0.76
-0.72
-0.87
1.2
-0.68
0.82
1.2
5
0.7
1.46
1.4
-0.79
-0.92
1.46
0.93
0.54
-0.52
-0.86
1.12
2.04
1.09
