0.00114006811648
0.00114006811648
0.00114006811648
0.00114006811648
0.00997339985947
0.0105650222254
0.0267759115925
0.0312196425897
0.0422954812064
0.018892319669
0.0389609839297
0.0105994931769
0.038914323754
0.0168809174344
0.0292104917913
0.00742087983392
0.0632303792051
0.0374625155104
0.0174553858746
0.00810128978897
0.0157702636213
0.0116866760001
0.00528926760182
0.0176216509067
0.00056651460421
0.000566514603549
0.00114005424253
0.0204383544062
0.0478797038236
0.0124085197173
0.0181854819529
0.0144229308419
0.000566514604208
0.0207355374577
0.000566514604214
0.00579140491067
0.00152643482854
0.00114006811648
0.0263852618159
0.015177939503
0.0147913561393
0.0276689961799
0.0464013971552
0.0391500695708
0.0182607002637
0.01493530216
0.00371125367118
0.00692448845502
0.00591026639569
0.0287448851443
0.00172083212065
0.00864377709769
0.00796564198312
0.0082899578912
0.0163535242228
0.00764848556364
0.00881343520518
0.0526209838028
0.0160075909853
0.00448790684117
0.00370716106275
0.000188066766154
0.000188066766154
0.000188066766154
0.000188066766154
0.000188066766154
0.000188066766154
0.000188066766154
0.000188066766154
0.000188066766154
0.000188066766154
0.000188066766154
0.000188066766154
0.00371126744075
0.00330625625782
0.0051574626859
0.0174066288798
0.0259013877881
0.00385775403034
0.00927931004416
0.00114006811648
0.000184413923785
0.00611667952299
0.0
0.0320517936726
0.0123688359764
0.00643417461434
0.000376872519306
0.000376902682213
0.000376902860677
0.0407586847137
0.0073779163898
0.00406625274175
0.00172083767239
0.000188066766154
0.00172083767239
0.0113327298306
0.000545471851747
0.0041198635855
0.0245415648602
0.0070860209165
0.0089389437849
0.000188066766154
0.000185325715183
0.000188066766154
0.000188066766154
0.000188066766154
0.000188066766151
0.000188066766154
0.000188066766154
0.000188066766154
0.000188066766154
0.000188066766154
0.000188066766154
0.000188066766154
0.037749785527
0.000529077004167
0.000376902860677
0.000376898120445
0.0387877836963
0.0218982642359
0.0290074329314
0.0221867071577
0.0230574061659
0.0220218222026
0.0220218222027
0.0698379973333
0.0549055623169
0.0718537218603
0.0745542812306
0.0796763814685
0.122018573093
0.129192954077
0.0793931494292
0.113931365468
0.000564819736031
0.000566514604214
0.000566514604211
0.000566514604214
0.15864855632
0.167580755001
0.110191868399
0.164353445574
0.165316429917
0.238064119222
0.163393137327
0.165364654122
0.163488919267
0.166873544454
