0.0742303738874
0.0742303738874
0.0742303738874
0.0742303738874
0.369288540981
0.420431515365
0.626260206372
0.372729136711
0.387264891133
0.5094898976
0.684898997678
0.363341738447
0.583755228945
1.1269229696
0.459678762567
0.164701787394
0.440006635714
0.627547570886
0.32468250979
0.256247260763
0.343520403585
0.437449832668
0.39409452181
0.251906460269
0.036323255291
0.0363232432274
0.129509884806
0.706561394594
0.605438334327
0.462826409333
0.705637891808
0.440802379571
0.0697779098164
0.75052228302
0.0697779098478
0.25352666234
0.186184371221
0.105889791462
0.307312581173
0.168741053502
0.647663897188
0.413022783247
0.524714110307
0.418688321675
0.19756990564
0.31854222885
0.296178868864
0.501247799251
0.364759733657
0.727101605311
0.113925465834
0.395321243547
0.497404311695
0.488980175202
0.574217898277
0.452883419651
0.515113152617
0.387798199214
0.451357992431
0.314402481697
0.23035008288
0.00149672807558
0.00149672810446
0.00149672274627
0.00149672810446
0.00149672810517
0.00149672810517
0.00149672810517
0.00149672810517
0.00149672810517
0.00149672810517
0.00149672810517
0.00149672810517
0.23969578365
0.216237165627
0.388252444203
0.46347265807
0.633969570117
0.322596128545
0.388665090135
0.0742303738874
0.0118436869722
0.0554322683333
0.0
0.345689471712
0.228250536758
0.080628767695
0.0240475684696
0.0240484112497
0.0240484162313
0.334764141377
0.420801484038
0.25103421277
0.0337198569388
0.0119427028103
0.113924417039
0.00451088941627
0.00451088941699
0.154820930258
0.246455293914
0.283548584912
0.193962080637
0.00149589829497
0.00148344367736
0.00149672807558
0.00149672807558
0.00149672810502
0.00149672810515
0.00149672810517
0.00149672810517
0.00149672810517
0.00149672810517
0.00149672810517
0.00149672810517
0.00149672810517
0.369275309964
0.0349469501136
0.0240412805611
0.0240481046869
0.286584656156
0.00146850977443
0.229113046915
0.0127870597796
0.101907153326
0.00149672810513
0.00149672810517
0.612601208448
0.557864172101
0.236887539333
0.496236903792
0.452712199464
0.570414076218
0.509318907601
0.493455218831
0.435322139784
0.0929088834396
0.0937769785998
0.0937778889258
0.0937779097594
0.424685569438
0.493084504139
0.480498721139
0.45466577784
0.376000970259
0.0168808752226
0.0369008764777
0.443512747919
0.0184033363084
0.161161709877
0.181246831074
0.394962204498
0.230053874046
0.279121897475
0.206464052338
0.113865955912
0.0119427028096
0.0119426983259
0.462549833022
0.392459140249
0.32530042497
0.578257947415
0.428802789036
0.122594966205
0.121236277105
0.0280248942053
0.259853845524
0.506576525575
0.170156257998
0.08810373145
0.397224845002
0.0296040117005
0.170537477458
0.0689775618984
0.283857293569
0.0323360022396
0.0788597072115
0.439898931174
0.501340941579
0.416283780246
0.460738644029
0.538537724316
0.108542022364
0.0488196547579
0.352492928327
0.306040081378
0.388139880545
0.281198346747
0.430991758434
0.301724319837
0.0118212234977
0.144126190448
0.33557736819
0.452063426972
0.403733394619
0.166831076037
0.0204715457606
0.150143855915
0.287871139254
0.225489172854
0.419220714338
0.361775103537
0.337954087871
0.471104374414
0.496325696803
0.240440035902
0.172319609927
