0.247461977494
0.262378786466
0.792294228032
0.595917452206
0.552667953754
0.459191368342
0.175558591041
0.852652493528
0.47630472835
0.33169405043
0.535048467822
1.11940371583
0.85878805008
0.972396460632
0.157399213524
0.190919887184
2.48380099241
0.380151068983
0.21580295351
0.194870858831
1.00177224353
0.816192258534
0.604037998916
0.202114717405
0.4465235851
1.20338515755
0.0658803935777
0.831740797477
0.112710141176
0.282317085481
0.597952456307
0.029556858226
0.0295568582449
0.238159030963
0.845083091092
0.702992994741
0.435563557438
0.024061412258
0.744109397725
0.0984636087656
0.628700613191
0.261359590099
0.760038797451
0.891407399085
1.11899586867
0.869159493747
0.313830607393
0.0173747773935
0.077772098398
0.731441872302
0.513410658092
1.02198660958
0.146552994571
0.329381790033
0.0165566853184
0.69474559819
0.0165566749069
0.0165566853186
0.0165566853186
0.0165566852162
0.125635831605
0.244172176658
0.220895664142
0.0448846864085
0.0223689594225
0.632211793195
0.770432860288
0.487103030924
0.437508686835
0.404726326791
0.340233030744
0.200935924712
0.0403782728406
0.0314318422958
0.00991509054485
