0.00216464939102
0.0125301840676
0.0549383053368
0.0317601253618
0.0579687508962
0.0867238017998
0.0247088329596
0.133725218484
0.0387906802004
0.15915390144
0.0498714003535
0.0944536418384
0.0532155196488
0.0944612019228
0.0265877692836
0.0503374042137
0.0658334180572
0.159531880463
0.167765909267
0.0490098447567
0.0894132621604
0.121311649369
0.0583990538782
0.0769020141589
0.0691222004352
0.167272469668
0.278435017067
0.161339507047
0.0735167756008
0.0425858236167
0.175951169421
0.0500170942881
0.0300489987414
0.0529686365482
0.0804333755721
0.0540184130651
0.0663891428584
0.0298352414037
0.0992986386718
0.0123598885251
0.0746353735518
0.012889713393
0.0401462045639
0.0506086571763
0.0490159771897
0.0701261472578
0.00594964872
0.0205279164993
0.000711087892981
0.0336995455916
0.135149107547
0.0474190042196
0.0143130167461
0.058026712967
0.00071108802779
0.0610440883466
0.000711088027797
0.000711088027797
0.000711088027796
0.000711088026427
0.0233521993178
0.0132049791558
0.00726484525278
0.0019160255789
0.000950078008005
0.0228123589288
0.0463964216967
0.0442955434294
0.0313489885349
0.0564742938821
0.0319903281669
0.020337061688
0.00150097011249
0.00167001658004
0.000950058773
