0.230971905899
0.375887320728
0.38452276388
0.402930279882
0.42735595409
0.588497023446
0.922201463886
0.398011411445
1.62106031442
0.597430403838
0.034750292912
0.00196345157637
0.00196488681061
0.00196488693297
0.00196488693295
0.00196488693297
0.00196488693297
0.00196488693297
0.00196488693297
0.00196488693297
0.00196488693297
1.02738352951
0.401756623557
0.0
0.677403376133
0.0659083663024
0.656341017272
0.398368244149
0.469749455475
0.332289762027
0.370814695241
0.549697877515
0.469246346749
0.350166006379
0.735635275466
0.50319056806
0.0
0.36092979423
0.476058867325
0.405760997376
0.224181729855
0.00592085545058
0.0224951368515
0.435484061183
0.0366680651216
0.545812199379
0.0391424168726
0.368897966758
0.648924272772
0.57376950158
0.402539752605
0.482379818547
0.626456000645
0.477714900703
0.434447742424
0.439898694388
0.391728210147
0.477535675249
0.613144689003
0.404855344021
0.537953169618
0.42714283654
0.412165522268
0.142673003481
0.0644274503036
0.0564228956122
0.0231788614543
0.0231788611234
