0.543473707394
0.550563955361
0.190915624184
0.748055458893
0.334352455352
0.00572291215205
0.352441988297
0.284805573304
0.0346473559457
0.314467023468
0.0
0.0
0.0
0.0
0.0168879375887
0.0
0.0
0.0
0.0
0.0
0.0138837169898
0.0
0.373703695655
0.337119748476
0.308647104856
0.121916263868
0.235395338963
0.190408394478
0.72594485032
0.500513631737
0.27437178275
0.0
0.0
0.0386093575453
0.0
0.0
0.0
0.0138846427755
0.0
0.0
0.168529299946
0.0
0.294790747575
0.0928863754446
0.304747880148
0.220622944905
0.028631516285
2.3905050106
0.0
0.0
0.705297607852
0.143606785281
0.0
0.0
0.0369684791441
0.0
0.0
0.0362438387373
0.27162715587
0.0
0.06266246399
0.0
0.0142016407602
0.0109356415332
0.0
0.246376969878
0.0
0.303099396651
0.506301753179
0.382331925839
0.00571376742815
0.0138841081318
0.0718514892068
0.899619041857
0.0463359153634
0.0321588321089
0.574986461642
0.126540193047
0.049784112715
0.153541085709
