0.129553409698
0.445963624431
0.133368890327
0.340897426808
0.168107424423
0.00439228417866
0.0816330547917
1.11787991788
0.00172591251231
0.0883736126787
0.0
0.0
0.0
0.0
0.0132646175505
0.0
0.0
0.0
0.0
0.0
0.00387368362779
0.0
0.372051547487
0.44035057927
0.177783506034
0.0271890293183
0.0574004312175
0.0314101603186
0.276484154282
0.283176168402
0.114064706845
0.0
0.0
0.0451864942858
0.0
0.0
0.0
0.00387418118662
0.0
0.0
0.0243897433098
0.0
0.0794904142921
0.0748360175422
0.213271861771
0.186231853067
0.0177402136548
0.284974921388
0.0
0.0
0.433493735751
0.068345220721
0.0
0.0
0.0116891259623
0.0
0.0
0.00906898385614
0.0992260040665
0.0
0.0359037455781
0.0
0.0132646175505
0.0038737134044
0.0
0.0494493135027
0.0
0.168785077661
0.267749714947
0.175792778975
0.00434850915559
0.00387375239402
0.0125806544275
0.278056727659
0.0115543169519
0.0156313782498
0.337077847472
0.0525329652943
0.0267345485206
0.110933428954
