1.65072405597
0.591059806213
0.231165118922
0.557304370266
0.234513974726
0.00352299708954
0.142065049941
0.128986359276
0.0467326212719
0.109234025095
0.0
0.0
0.0
0.0
0.0106279299029
0.0
0.0
0.0
0.0
0.0
0.00352253214265
0.0
0.286595151986
0.159918392981
0.138131931106
0.103904574942
0.277154115865
0.177017900253
0.857533377477
0.516801628898
0.147369147605
0.0
0.0
0.0263755857207
0.0
0.0
0.0
0.00352299707466
0.0
0.0
0.0832915129878
0.0
0.134978753002
0.0554245570605
0.210674620467
0.10259759444
0.00529561534011
0.53838342245
0.0
0.0
0.374236099365
0.0592254790996
0.0
0.0
0.0106274595862
0.0
0.0
0.0283482868511
0.136833961871
0.0
0.0366374511873
0.0
0.0106279299029
0.00352253957226
0.0
0.244126197413
0.0
0.275141739496
0.27538281978
0.35959996619
0.00348634911212
0.00352279854066
0.0186414068342
0.669130395788
0.0104967934527
0.0150784351233
0.240540823893
0.162592605454
0.0660817975085
0.0336466183782
