0.244150115134
0.541068206945
0.294601400626
0.688544275974
0.555639376261
0.0195023794823
0.177551934115
0.336999632501
0.05083321411
0.276423580865
0.0
0.0
0.0
0.0
0.0621367381841
0.0
0.0
0.0
0.0
0.0
0.00598053202304
0.0
0.351830205731
0.280019075257
0.504288040979
0.151161583016
0.187009741447
0.214288799423
0.556770408492
0.388280264769
0.411408781396
0.0
0.0
0.0541364119242
0.0
0.0
0.0
0.00598118863756
0.0
0.0
0.158034518252
0.0
0.257112771192
0.155387403377
0.395230395986
0.478179579744
0.0169638678498
0.57502280777
0.0
0.0
0.617152584751
0.122171790106
0.0
0.0
0.0633892079104
0.0
0.0
0.0219443280897
0.199582133553
0.0
0.0795475347797
0.0
0.0169745807156
0.0119418286407
0.0
0.0856125512436
0.0
0.124411652631
0.283231097273
0.246398505633
0.00594757681636
0.0059807726118
0.138909459225
0.671839850564
0.00822997916577
0.0726697357756
2.5213416748
0.279382006203
0.102080870732
0.307313256214
