0.0329097745924
0.0254843911482
0.0502721574526
0.150153960125
0.0866132403442
0.019233252568
0.00367774446812
0.155453358934
0.0173979252895
0.0
0.0259527955163
0.0357473891443
0.106572678022
0.0
0.0
0.0195080051543
0.0508903011171
0.0120960289152
0.0678533673885
0.0181559125077
0.0
0.0162416320361
0.0652445088915
0.0
0.000798013819411
0.246454728729
0.106913070207
0.0
0.0
0.0
0.0505315214426
0.0
0.729686029258
0.217491127404
0.0316754795737
0.0
0.00131960547258
0.145775545443
0.00844090938803
0.0
0.0470305747771
0.0
0.00264518053719
0.0
0.0473922985875
0.104862478696
0.0
0.0
0.136440312043
0.034961612214
0.0507640556652
0.0252659235234
0.00131729124914
0.0
0.0
0.0
0.0
0.00397677969
0.0
0.0
0.118208635031
0.0
0.0
0.0
0.00936453375172
0.16967934405
0.0305289786058
0.0
0.0
0.0107268910829
0.00665827202403
0.0
1.45750653246e-06
0.0255059104006
0.0134713876289
0.0
0.0783373065325
0.103198887485
0.124634607843
0.0273366817632
