0.0310548521608
0.133718996916
0.0996624341001
0.116194338409
0.102188072931
0.0518341257298
0.0160696460212
0.104239839421
0.0838658824304
0.0
0.588195733152
0.0291367997091
0.0667739923053
0.0
0.0
0.0296593557507
0.0233254298852
0.0046448425413
0.0905395049063
0.0196997467003
0.0
0.00623357385793
0.127202943349
0.0
0.00152857198295
0.0467328730634
0.141128857391
0.0
0.0
0.0
0.0370227411837
0.0
0.0259440788005
0.113829918565
0.0173560714931
0.0
0.000507374162759
0.0947041864419
0.000439461543757
0.0
0.02396981723
0.0
0.015668005882
0.0
0.100675626999
0.0429960870531
0.0
0.0
0.0955609340911
0.10365227845
0.074652929342
0.148081584958
0.000507383214643
0.0
0.0
0.0
0.0
0.00152857198295
0.0
0.0
0.0403585655839
0.0
0.0
0.0
0.0151004599778
0.0732032143807
0.021665869042
0.0
0.0
0.0246367544763
0.00255844470638
0.0
0.0171329447404
0.0299726876607
0.0152953671368
0.0
0.108469122474
0.117958358977
0.153146989038
0.068641593809
