0.00230679751503
0.00563124045626
0.0357342392089
0.0358134619462
0.0545869188518
0.00380234316114
0.000210276511737
0.0647974420286
0.0225647572963
0.0
0.00152856690431
0.00371577969513
0.0191391277054
0.0
0.0
0.002310495472
0.000856878958363
0.000638650399905
0.00354394051554
0.000943140527454
0.0
0.000856878958363
0.0038023431782
0.0
0.000210276512141
0.00330010534862
0.0335893006122
0.0
0.0
0.0
0.0241766620805
0.0
0.00397677969
0.0256450059623
0.0440773964469
0.0
6.98087704289e-05
0.00826417856006
6.98087704289e-05
0.0
0.0382007617384
0.0
0.000139900175164
0.0
0.00254498171431
0.00923911508821
0.0
0.0
0.0154177154706
0.00572795995782
0.060758947912
0.00141069984277
6.98087704289e-05
0.0
0.0
0.0
0.0
0.093777891508
0.0
0.0
0.0060698530927
0.0
0.0
0.0
0.000494678135393
0.0155378190096
0.0236225134445
0.0
0.0
0.000566514604214
0.000351893315714
0.0
0.000351893315714
0.0043728504887
0.000711088027365
0.0
0.0210825882966
0.0144862358632
0.0746829747028
0.0118658781207
