0.591545025017
0.330538519118
0.295897323767
0.284969665241
0.130669855759
0.0595676634251
0.0140084151744
0.0497683372781
0.0261031194963
0.0
0.0310548521605
0.0402433086728
0.0307018688412
0.0
0.0
0.0289514265721
0.026106946428
0.00701173516531
0.0176489887623
0.0179972833173
0.0
0.0261069464611
0.0433226568925
0.0
0.00230679751503
0.104758221098
0.0683297971968
0.0
0.0
0.0
0.0106184873728
0.0
0.0329079031928
0.0749582199811
0.0486483682859
0.0
0.000765117506936
0.0602374878808
0.000608522429399
0.0
0.0815992018714
0.0
0.00153455030949
0.0
0.0463934822823
0.0400347963244
0.0
0.0
0.0732929986316
0.0233249221057
0.041183469892
0.0643997646337
0.000765627287685
0.0
0.0
0.0
0.0
0.00230679751503
0.0
0.0
0.0201077648636
0.0
0.0
0.0
0.0347272130493
0.0322112341524
0.0182013888882
0.0
0.0
0.0205208542084
0.0374436330793
0.0
0.00107088481378
0.0184477982595
0.000560215598762
0.0
0.0144003075808
0.0627921409675
0.0925039894394
0.0567860607483
