0.444245127726
0.445508564717
0.445510586224
0.470227664932
0.458340443802
0.440857943203
0.441511507221
0.470463320624
0.469834567731
0.462286629606
0.436609548442
0.470847972096
0.470517435152
0.456565753742
0.437344646589
0.456612036133
0.470192463692
0.462193602616
0.438963327615
0.434821175548
0.43594997044
0.435703841087
0.461451390924
0.438721638549
0.469851732287
0.502613024934
0.434721795978
0.436527177718
0.441239053152
0.495046546561
0.470276081265
0.436409656122
0.456112399194
0.468474287292
0.491952871034
0.469060751332
0.470009655361
0.461273976807
0.434711834512
0.43646036995
0.433768689378
0.433768697816
0.434653855452
0.437031273309
0.435133769159
0.470126631934
0.43482134093
0.470192778819
0.468938750948
0.461157502416
0.437745654833
0.458715469969
0.454831689886
0.451289280496
0.434570530262
0.468964150472
0.454567378715
0.469245644568
0.435795803578
0.446617629767
