0.454949122917
0.527562888732
0.618458863677
0.721642985892
0.669357624073
0.702985391157
0.762070176478
0.661403030386
0.71522944462
0.709920068069
0.715235761747
0.745207173762
0.830000193983
0.655697289986
0.85292231544
0.664231066357
0.710926109827
0.88956445961
0.717514331561
0.636218552878
0.946751004503
1.00661169275
0.85774972536
0.810639035109
0.908613043905
0.435647654034
0.506093806583
0.524508908493
0.739114644189
0.44469244546
0.657470535537
0.738617395952
0.521982535145
0.439008748378
0.484537704379
0.618724462804
0.64230929511
0.486661326559
0.491427291604
0.699028673757
0.485393162911
0.474567691582
0.687429697857
0.546524773114
0.749242475717
0.747862930428
0.673478469944
0.785807848538
0.606946617062
0.625652931813
0.844782695903
0.704070185299
0.665501775301
0.733156074458
0.603911802685
0.606945798894
0.638829271493
0.761167698098
0.739925857136
0.615209012845
