0.479644278323
0.56399856179
0.800804519971
0.985519370104
0.88745747218
1.253187436
1.52402214932
0.923993730313
0.910458916043
0.938416254458
0.880875849417
1.05948054466
1.01343839255
0.832056274386
0.927559581371
0.731639867726
0.88995932784
0.850793587167
0.962409829657
0.587826401864
0.861873794538
0.763891734467
0.789570154288
0.817100163787
0.882337048654
0.44153957105
0.654661712511
0.734211081057
0.892938512503
0.481851726032
0.820926322407
0.733392390847
0.603884358678
0.454218925428
0.564214028845
0.644679811309
0.62377924018
0.628139458164
0.546177008723
0.725933908042
0.507312120385
0.496459034677
0.614480220355
0.761073647118
0.708233237831
0.737646272325
0.665832949477
0.748164117688
0.584583101201
0.635751352467
0.848687033054
0.75507827782
0.626547968668
0.710247895437
0.569563364186
0.575721500662
0.645801303236
0.798714756277
0.743122062043
0.685046158106
