0.46886494382
0.476879225846
0.931545239175
0.822269851193
0.75867482488
0.757958305951
0.803837082917
0.640380003448
0.725646555877
0.663910451384
0.680110203988
0.784552994153
0.70540544134
0.628552660468
0.713693577158
0.64358324448
0.644204930618
0.737638758795
0.582731549631
0.545639668437
0.677113034612
0.618532222943
0.630214602719
0.608804061762
0.743571389652
0.445510564837
0.519905169033
0.478465044758
0.580829928035
0.481775314633
0.565139800963
0.540980418083
0.521791647754
0.449099281117
0.484504203238
0.518588724859
0.513129235897
0.483101284687
0.480047979066
0.581922512712
0.466376013713
0.466564166724
0.48771042722
0.510236147152
0.539144301837
0.618309925367
0.609991446498
0.552134742217
0.553857450565
0.55144373431
0.661155868056
0.631319129311
0.586214227479
0.597698879205
0.537748715022
0.561872303423
0.595639402448
0.679160265491
0.620222942927
0.545830905547
