0.463462651285
0.502655440618
0.482569055018
0.5561614874
0.533405153293
0.602494669478
0.628189558764
0.538769918703
0.724661567771
0.576043634001
0.689604006065
0.78583638533
0.563493490176
0.703704244518
0.610704353065
0.769696491599
0.791997390702
0.764280083214
0.521201687768
0.561940168484
0.566952784255
0.486929671959
0.606118229008
0.691852095157
0.705097458834
0.460890477321
0.633511802828
0.612902162416
0.69054498046
0.589781934772
0.711229269709
0.803976995899
0.695352368881
0.563636449991
0.592819430601
0.628221220996
0.782877099481
1.08311007417
0.714188283468
0.571171109035
0.476600402535
0.465581314134
0.454062365986
0.884909419542
0.616051513205
0.718625220675
0.583633100882
0.519895000435
0.594293909884
0.733272778107
0.560766551773
0.757639146744
0.612894080541
0.585278856846
0.51507609526
0.533047119202
0.560682897623
0.618416397048
0.528324742724
0.561043263021
