0.466774803339
0.471878594246
0.58581935228
0.60926532068
0.577433474955
0.651238369868
0.626099065083
0.639080430235
0.787058938722
0.664585847245
0.760413644096
0.801786167602
0.680731259477
0.748562167622
0.653346832968
0.79028114975
0.77398314804
0.784562565196
0.630157363663
0.687371948496
0.650730227246
0.665620867241
0.666601257115
0.790922487867
0.747788232295
0.454747718535
0.480698940131
0.516332455849
0.673527026482
0.526018452712
0.576429846993
0.672226041423
0.656944730654
0.486979796323
0.494043363879
0.512945263513
0.664660200893
0.612836279249
0.607080491579
0.509988727838
0.4555963419
0.444769213091
0.501571421473
0.61519967049
0.50656264842
0.769016658689
0.67275163629
0.730767615311
0.738616716407
0.8180966809
0.730738639296
0.854993140315
0.979528554253
0.722026565316
0.662905053453
0.684314742673
0.671131892138
0.739737961737
0.664989028191
0.607346308081
