0.515173161189
0.606437598568
0.659834276681
0.939429715281
0.685649085346
0.807906369308
0.848168826039
0.874315494743
0.692722395538
0.971544374858
0.752220460243
0.99711796722
1.08362976329
0.641243624776
0.833989601845
0.6492591254
0.952681569298
0.849026120314
0.834954107596
0.613672931698
0.878692283992
0.845979854917
0.811643720276
0.777680232383
0.888003842304
0.437724190871
0.54401113678
0.812996801321
0.927374941416
0.481697629703
0.871073351715
0.803630394117
0.556824682352
0.471156230466
0.515359855507
0.660610036615
0.755215691314
0.560711436995
0.520579055716
0.73122614889
0.485506737832
0.485687952072
0.661400804396
0.794395825987
0.727580944194
0.779073950551
0.715709152506
1.03001867515
0.672169377354
0.684963838432
1.43349229767
0.827867968222
0.730791661453
0.863340452266
0.665191137292
0.704542694959
0.690965381361
0.863049445422
0.843707449993
0.659229262222
