0.450742630048
0.453366510124
0.537748717609
0.546875682136
0.553567175468
0.568818454759
0.569304998826
0.555602974009
0.60045435396
0.596201711281
0.553082954008
0.613339473591
0.555946960044
0.565720122566
0.568345150198
0.633711005274
0.645955835295
0.645771657759
0.610248211916
0.602132672341
0.663221213671
0.603911817162
0.62955974426
0.610002891043
0.663990136136
0.434486581278
0.53473490996
0.48096065878
0.589629324225
0.517488613495
0.58640352083
0.480738848852
0.50480687459
0.466281508258
0.518486953553
0.495680063439
0.48463360651
0.514828340863
0.454904454309
0.473319951159
0.435091819989
0.435091859889
0.441079286931
0.541017833291
0.502488732495
0.637492654613
0.721380765798
0.664759615421
0.722446492019
0.722381942113
0.665127151458
0.722394745822
0.662905058586
0.694933991649
0.722444552074
0.711426951495
0.683164280737
0.702358635095
0.636714019519
0.621858101719
