0.481033737529
0.556577258728
0.743779268674
0.819855059841
0.737720439836
0.81736190505
0.883804077562
0.783401217744
0.880233376333
0.838452707356
0.814857832988
0.945265029404
0.905052943364
0.787996946734
0.890496579463
0.864847780363
0.923123063867
1.11864805517
0.785131828074
0.665031316139
1.03005743456
0.913474852551
0.98696365058
0.936109423407
1.41101199598
0.469933919631
0.656497795684
0.647186959433
0.89703086873
0.543429753005
0.80666306074
0.907684743629
0.659061674564
0.532854536974
0.598159077453
0.785492004597
0.869938473399
0.705011701606
0.594385628941
0.814440973185
0.521766364009
0.510743326519
0.699485327836
0.738817979937
0.877200477674
0.878907374243
0.769086975713
0.810977837827
0.712995925945
0.765616416573
0.887612770133
0.850563331681
0.748037429921
0.888790643437
0.664240020216
0.691117888409
0.753108160398
0.907879128712
0.822908681381
0.708179802659
