0.462418744181
0.466183047881
0.481986440861
0.493648831012
0.502531397631
0.477499524184
0.482140877693
0.4881154974
0.559212044656
0.508497959788
0.481083988378
0.563318486543
0.488769242019
0.499057041466
0.453325769777
0.535700067164
0.562639678793
0.549274346845
0.461424053044
0.477642834095
0.49328679859
0.444692445337
0.492912498108
0.491329274247
0.543243672628
0.494621547261
0.53680505969
0.506660107187
0.5555484909
0.733807004094
0.574925594762
0.536809161215
0.600899718749
0.530316855665
0.653959214752
0.515937919898
0.561631030886
0.589930330595
0.517159977892
0.479567960721
0.434720835204
0.434720852767
0.43927557264
0.583764378362
0.489288353179
0.533108542923
0.547347089139
0.512554997343
0.601281852531
0.579114556212
0.481634625102
0.572387659712
0.526372691265
0.528067653155
0.517521635583
0.575337089785
0.521104267071
0.553226367817
0.481827819563
0.490224291737
