0.484455256048
0.492337861633
0.634147325508
0.680449295857
0.680426568534
0.701469162339
0.757286856322
0.677814449296
0.903586338127
0.770460209257
0.81510849045
0.939678394523
0.750792174451
0.727865228099
0.718713466029
0.794962061266
0.872211476187
0.891055411023
0.684470397837
0.697800194259
0.80949699073
0.707221127735
0.760321306996
0.776917348297
0.853493308238
0.458683164285
0.571117514705
0.578307877478
0.805653869553
0.572261439783
0.727451069177
0.771838093391
0.730182917686
0.491435136914
0.565486393734
0.604136235285
0.764583696436
0.757850869453
0.647228355968
0.581101331578
0.438084753598
0.438081376319
0.561222576723
0.789112031544
0.626135805124
0.823601979171
0.724535012973
0.784489704068
0.790234001141
0.904611935841
0.829445635686
1.25108556162
0.85540295856
0.831504051356
0.722444553642
0.770720798527
0.712460792273
0.88467378631
0.815443744533
0.676829096152
