0.464676361112
0.537524507557
0.597407048103
0.723037073924
0.636055032238
0.67956459385
0.709544937395
0.6430870699
0.697570727819
0.733931585016
0.671562859316
0.727153970049
0.732499599074
0.670790170059
0.72990051269
0.675895301103
0.764312063443
0.824814406651
0.695998759385
0.616277709621
0.835135577071
0.733156070287
0.845172470278
0.746961377705
0.888478433467
0.451205325596
0.54633337461
0.553077283967
0.712092753924
0.527882733123
0.660762821203
0.678706820039
0.513894165566
0.483572249737
0.535611838435
0.669246137083
0.661922432018
0.58464514116
0.470694870929
0.586299727439
0.518557382225
0.518741885214
0.575198969329
0.618529235662
0.684890347372
0.764530455085
0.777588344615
0.765366442
0.728823631285
0.751573949708
0.861816524881
0.830862363331
0.721951690117
1.06515658909
0.694935122073
0.736898163199
0.757287619697
0.852999580297
0.771079800629
0.723675124323
