0.496758941662
0.532796602934
0.663265068846
0.931085444625
0.679881059254
0.877381459583
0.937034074749
1.0320556208
0.900121408691
1.45137525376
0.915448235686
1.23091603098
1.18894833496
0.88089049287
0.82530454
0.768032980238
1.072779103
0.82043152101
0.83189504762
0.590745251523
0.784072342138
0.710335841066
0.737339980712
0.700656077569
0.837722862324
0.462236538337
0.609183719747
0.831164446652
0.852730874891
0.508463314917
0.851662009525
0.616960788613
0.591774462936
0.46855104094
0.601768488523
0.602066489485
0.626527039208
0.573812262831
0.466225867581
0.573990299012
0.481284127481
0.470442677583
0.527440637353
0.86730622192
0.608828853758
0.713641423935
0.667294192393
0.893304990407
0.62756945794
0.655598443294
0.969821196255
0.770305466894
0.666278048341
0.734429197405
0.596425718696
0.649078411124
0.66124794239
0.777449604208
0.681539214415
0.667701764337
