0.469857207475
0.475441983731
0.679087861033
0.722828057014
0.723668184387
0.735627702847
0.798246548513
0.674520608895
0.792584340415
0.776937513204
0.751579336905
0.854102978601
0.773141506939
0.673073178072
0.799864765234
0.704192033212
0.792736485278
0.904891118511
0.733473110871
0.597284880134
0.876005576804
0.761168842316
0.78447121874
0.750836312632
0.90799074286
0.469263772412
0.588865276347
0.549662203189
0.724376475331
0.553274963526
0.6903568373
0.687073941162
0.607911518663
0.500494148017
0.577714238235
0.613437580617
0.62725529707
0.618066804886
0.51115794632
0.657935577489
0.509711554326
0.498880060586
0.613984940529
0.628378796222
0.735398339344
0.774191893958
0.785232756899
0.768355565854
0.738406143762
0.749972489268
0.862728991103
0.88130528218
0.739784139364
0.853242702887
0.702581343771
0.761020995353
0.801318827181
1.04016723083
0.816254466431
0.741653918264
