0.00128525284613
0.00114006811648
0.0227631327261
0.0222215799474
0.0012852526993
0.000995489651441
0.000995489651441
0.00114006796966
0.00231895858889
0.018444614627
0.00114006811648
0.00114006811648
0.013346184421
0.000565341731076
0.000995489651441
0.000851512408495
0.000899489651437
0.000565341731076
0.0224936036157
0.000708131407787
0.000565341731076
0.000708131407787
0.000281516978737
0.000281516978737
0.00014047236572
0.0
0.0
0.0
0.0209192380804
0.0672204698069
0.0444210499325
0.00285659516291
0.184971943374
0.0
0.000565341731076
0.0
0.0
0.00369500371215
0.0
0.00014047236572
0.0
0.021176679617
0.0
0.00143104894659
0.000704304546621
0.00014047236572
0.000423138520732
0.000281516978737
0.000423138373906
0.00014047236572
0.00014047236572
0.00042311161534
0.0
0.0186842671898
0.0
0.00014047236572
0.000281516978737
0.0
0.0
0.00014047236572
0.0
0.0214361203345
0.00014047236572
0.0209192380804
0.0
0.0209192380804
0.021176714544
0.000995489651441
0.0
0.00014047236572
0.0111500046567
0.000423138520732
0.00014047236572
0.000278458117572
0.000278458117572
0.0
0.00014047236572
0.000140472365717
0.00014047236572
0.0018721575136
0.000281492507848
0.0
0.0
0.000562282716941
0.0
0.000565341731076
0.00202045147196
0.00529102697261
0.00014047236572
0.00595060952631
0.0
0.00679316062152
0.0
0.0
0.017040526585
0.000423138520732
0.0
0.0
0.000565341731076
0.000137413504555
0.000565341731076
0.0199080649622
0.0209192031534
0.00595057699461
0.00963598034933
0.0221012302209
0.0
0.0
0.00014047236572
0.0214361203353
0.0
0.00014047236572
0.0204043019529
0.0206636622647
0.000708131254817
0.0
0.0163592754491
0.0
0.000995489504615
0.0
0.0148199365483
0.00014047236572
0.0
0.000281516978737
0.00014047236572
0.0
0.0
0.00014047236572
0.0
0.0
0.0
0.0
0.000281516978737
0.000281516978737
0.0
0.00014047236572
0.0
0.000140472365717
0.0
0.0
0.000281516978737
0.000140447894831
0.00202045147196
0.0
0.0224936296234
0.000281516978737
0.0
0.0211710466271
0.0
0.0
0.00014047236572
0.000137413504555
0.0
0.0014310489466
0.0
0.00014047236572
0.0
0.00014047236572
0.0
0.0
0.0123306202537
0.0
0.00480139860366
0.000140472365717
0.00014047236572
0.000140472364937
0.0
0.000281516978737
0.00014047236572
0.0170973818508
0.000851484371124
0.000423138520732
