0.0287562386997
0.120329048835
0.136858461752
0.114963432157
0.116511530072
0.040545037459
0.115785953704
0.0709814113321
0.201243120553
0.234743782842
0.225180639674
0.09646279598
0.121417395526
0.0706534499468
0.107919481858
0.126656450171
0.0965415585891
0.189877378251
0.0841277048218
0.144119893923
0.157670218387
0.0872727163196
0.123771136272
0.088076711806
0.125332410452
0.222958206584
0.0933166833016
0.0793641409774
0.165113534665
0.056713665411
0.152906814874
0.176600982734
0.0833049420766
0.0973706048711
0.187104235849
0.0675919906437
0.0971445728071
0.164489947923
0.122885769081
0.105782792868
0.652932592121
0.185970498364
0.144145436244
0.151943663779
0.155932152363
0.0261995624852
0.126144004131
0.0399150020274
0.0303945161651
0.104776434335
0.0911814040977
0.175626030351
0.0678430023248
0.0266027880333
0.0
0.0510969530454
0.000522741536937
0.00111859039087
0.0
0.0297848498981
0.0975534059068
0.087592679506
0.220425175907
0.00551401688048
0.000558115885457
0.185408777971
0.0774429795502
0.163989677663
0.188386938341
0.0266028100783
0.0265967061501
0.0266028089261
0.164837309861
0.126819147246
0.149292555474
0.0261799679697
0.146102855312
0.0575889025181
0.0911787859358
0.00338447924243
0.111116593307
0.0558914540853
0.0942480018298
0.0217381046684
0.131700688572
0.129693839029
0.0664001037063
0.0516088581036
0.0642942280973
0.0715186537908
0.117995061708
0.0678086319563
0.147375930893
0.0586318463517
0.043129979818
0.105404440817
0.178451037773
0.0193921621844
0.0499479610169
0.0667211658622
0.074266068174
0.0759597248041
0.0926794937947
0.14949649385
0.195876324948
0.0683964611019
0.155579923195
0.0309973895196
0.0598827579104
0.119894917316
0.113270081533
0.0364770024504
0.147231657562
0.0464350424462
0.0916948848203
0.0922589881254
0.132162318524
0.151853292317
0.0392052742487
0.157953419351
0.174430289162
0.0617576691894
0.13516264045
0.0466699088587
0.0970992289864
0.0466801731829
0.0466801735249
0.187023856876
0.0439985102618
0.0919396550855
0.0824348698652
0.0632227883867
