0.0574631256881
0.287073446063
0.408160367745
0.194723511788
0.16611656268
0.0637772763315
0.195406952
0.294190347959
0.844846170195
0.622120203421
1.25082496983
0.234343111474
0.209407160977
0.197157762531
0.21716762871
0.266791805363
0.537200479678
0.624708823615
0.369512099599
0.17393561148
0.446883985556
0.311632763803
0.578848140549
0.78422516662
0.220949752473
0.459587801167
0.265449680317
0.512665803784
0.770432824194
0.0937753080416
0.484500450267
2.36971540903
0.206902135192
0.217921685201
0.544353684995
0.0713253453487
0.195200129768
0.69122876607
0.222188382577
0.101332083148
0.177327875494
0.722801040127
0.344605493281
0.226640265564
1.05276868466
0.131118289694
0.260478152102
0.0742303538259
0.113547524853
0.50767768242
0.271445074799
0.128441464168
0.1407053247
0.0119426822263
0.0
0.133085414653
0.0117298003875
0.0144823890657
0.0
0.438690553057
0.241386299077
0.258162215737
1.01105324822
0.0718627955375
0.00631679747579
0.882181864148
0.534757929777
0.987314543609
0.490091920204
0.0119427025902
0.0119409599153
0.0119427014948
0.979945517786
0.475904517231
0.946244047749
0.139358754169
0.666922315489
0.622463033617
0.272449638522
0.0386114814319
0.686450378009
0.221308305957
0.429836430931
0.271970114185
0.428899285517
0.396935781154
0.242884943856
0.204350076602
0.334600675761
0.233408228257
0.339296368598
0.508293589467
0.411555580624
0.305433095445
0.303243678185
0.536698207035
0.644411642237
0.218309221363
0.428546831481
0.28258552331
0.290305626305
0.313198476252
0.451993887177
0.657616782819
0.910668006905
0.115788981927
0.934574941904
0.414069208796
0.493242796053
0.883444950477
0.663515046642
0.465489372466
0.79975458541
0.505931600709
0.6507183362
0.568968612236
0.969438815861
0.782624627522
0.476686025704
0.927222388787
0.620370083351
0.10814137065
0.558432804983
0.463976696038
0.760423304692
0.464015887094
0.464015888399
0.801268162
0.447074190721
0.423785075707
0.378432618616
0.295945701753
