0.0256913176872
0.0461402423032
0.0
0.0115390720506
0.0435120234994
0.0254420708229
0.0232075474017
0.00014047236572
0.0288455787556
0.0350152035804
0.0
0.000423138520732
0.0
0.0121046562949
0.0100082921012
0.000281490971848
0.0505565124934
0.0
0.0444106054862
0.000532308145991
0.00231895850558
0.00276814774091
0.0137781368986
0.0
0.0
0.0184783449406
0.00014047236572
0.00800827801803
0.0140944140512
0.0370375082977
0.00898574041251
0.000881349316458
0.0267294338681
0.015487706414
0.0446205915931
0.0458343652823
0.0267038444856
0.000564194110687
0.000612117892342
0.0240967819005
0.0391369614393
0.0316734897269
0.026395367985
0.00844219632683
0.0203570611568
0.0136209612101
0.000281516978737
0.0296564581082
0.000423138520732
0.000140472218895
0.0266312676531
0.0
0.0
0.0191636831005
0.00014047236572
0.0
0.0672215383283
0.0672215447583
0.0673124577077
0.0591489379619
0.0673155718999
0.0593999179761
0.0743689971128
0.0
0.0672215447583
0.0672215447583
0.185384643201
0.0919586266686
0.0946104320349
0.0920298718737
0.105510286491
0.0871419125269
0.0889792465675
0.109217229339
0.10708436829
0.09224537391
0.0918170098375
0.0673155718997
0.0672215447583
0.0676173161827
0.0798464292923
0.0692813274695
0.0879511260059
0.0672215447583
0.0621615379389
0.0483428489493
