0.00987233241204
0.00987233241204
0.00987233241204
0.331915841883
0.0833662839462
0.112321012432
0.335688118963
0.366233136723
0.0226702324143
0.0286972364449
0.00669638237906
0.00341826967376
0.0266921131858
0.0277158167648
0.0196338301316
0.0
0.0515740184264
0.0184737414813
0.164365653221
0.0327528177759
0.291961047344
0.0
0.444444676261
0.187708593119
0.0781441911072
0.21468553798
0.190828262637
0.106937606511
0.110670954891
0.0748202992519
0.144950867649
0.0
0.0
0.0481113281446
0.023845521394
0.0
0.0783918770519
0.0
0.0535575093626
0.0130112528175
0.303975439493
0.140288698037
0.117063521624
0.0
0.041356162793
0.0
0.0
0.0628024157046
0.0570050071056
0.292616602307
0.324678983926
0.0
0.0
0.121544441438
0.158233554808
0.0654714471134
0.432358928687
0.369838875992
0.218077780014
0.19579307873
0.0
0.110031177542
0.237887379688
0.400368853037
0.0650197411677
0.01650269847
0.371248088817
0.488224091147
0.397942006572
0.0211002502682
0.023764856614
0.0829949882095
0.349802739473
0.164670262567
0.106702102681
0.347846072937
0.0
0.421165292927
1.57038421328
0.432442989264
0.0563600938481
0.199337909383
0.0
0.0254092437605
0.262593055877
0.109541405239
