0.0937779098478
0.0937779098478
0.0937779098478
0.0937779098478
0.093460643348
0.0937636161936
0.0258194839649
0.0127069096656
0.00145263944775
0.00130176627484
0.000423138520732
0.000351893315714
0.000566514604214
0.000635009827763
0.000351893315714
0.0
0.000711088027797
0.000566514527309
0.01168943177
0.00270943476591
0.00478425352086
0.0
0.0108943886579
0.0661135304082
0.00160483903351
0.00553314480899
0.0582800682203
0.0480589543135
0.00524782712977
0.00206963466612
0.0432099684381
0.0
0.0
0.000134198312106
0.000455062055659
0.0
0.0374954878056
0.0
0.00130176619794
0.000280940107041
0.012243678918
0.0129645598921
0.00403948038481
0.0
0.00122450568401
0.0
0.0
0.00287314880602
0.00496628464698
0.0197315364197
0.0489391420269
0.0
0.0
0.00145262721231
0.00222738171653
0.000783830024408
0.00397504270474
0.0178498124006
0.00473484912819
0.00794263425755
0.0
0.00362964692141
0.00714203395059
0.040116574724
0.00230679743675
0.000566501151518
0.0110010799113
0.0545884366465
0.0182678782195
0.000280927166735
0.000637120940581
0.00175838856159
0.0357643075007
0.0743108979587
0.0743562635897
0.0743108830664
0.0
0.00505968921809
0.00987233241204
0.0172974968029
0.00230679744162
0.00543939535443
0.0
0.000711088027797
0.00312165983578
0.00262815467908
