0.174515172466
0.794403539542
0.352694893403
0.722061286235
0.0319759863468
0.422407156852
0.0222478064555
0.242649407306
0.059729694412
0.0222478064555
0.222195184997
0.0222478064555
0.654934344778
0.361861610509
0.431387106191
0.0222478064555
0.0456793684131
0.220861953221
0.372616577036
0.27339521799
0.395589697227
0.586106705686
0.321354552337
1.13858874145
0.580562299037
0.682332223213
0.715336590743
0.700298818664
0.61396792072
0.628562687024
0.983362693402
0.938483783372
0.164651718739
0.846958896508
1.0466793892
0.370584311251
0.400747162315
0.245712564476
0.392619563187
0.0141470413956
0.0
0.0
0.500103262304
0.124015003429
0.43655881002
0.256946072731
0.497217148537
0.7808186691
0.0107845962232
0.507475229392
0.80906118306
0.121883745012
0.926816557722
0.938670233884
0.746398756025
0.195717741178
0.869895245238
0.588077357
0.870993382883
0.834782688146
0.697642232413
0.813749437607
0.748995687313
1.13143189824
0.411361854216
0.845022906884
0.966839926145
0.402982334296
0.70375400571
0.281341667717
1.09318707157
1.00460817152
0.105594543897
0.15378081469
0.851366473509
1.14561860282
0.660176872618
0.940974126589
0.276841478989
0.201961664595
0.349917052074
0.297455719934
1.17852474916
1.06897608917
0.733895465864
0.21234035171
0.0107845962232
1.00563772939
0.510434632734
0.506995091985
0.860367505078
0.974701474637
1.28380111535
0.727280784863
0.564601508068
0.650924376062
0.413057052805
0.466276828882
1.16415680198
0.995867642038
0.34564607038
0.413136854408
0.706409491324
0.925071398308
0.183430338723
0.271578361126
0.161009632889
0.207198837744
0.192760275846
0.402397485706
0.677739368623
0.896653471368
0.698225761427
0.189704856152
0.508080573199
0.0
0.37137837164
0.782790768147
0.126385318359
0.32970024697
0.674654680994
0.589923187544
0.655231835036
0.198775452135
0.254551743872
0.471896167618
0.822032697774
1.03663886777
0.310916528185
3.0377143183
0.808919976902
1.2997109012
0.770392836686
0.965407774232
0.778051093049
0.406597139111
0.394710886068
0.322353037613
0.307584683294
0.575578066987
0.816605806462
0.793307664385
0.945655416221
1.16489630977
0.727571689893
0.141296953659
0.539198396331
0.371222040169
0.801820515826
0.142462298275
0.788622380888
0.0221596615682
0.0623515389935
0.688067109946
0.694768828484
0.382754225216
0.520440871864
0.501995478858
0.0570683130804
0.206583306112
0.0572223832681
0.0
0.0
0.143421922046
0.333252743903
0.0100799332509
0.0
0.123781614759
0.894076258859
0.0
0.0206225960322
0.70200428946
0.844907058514
0.0950281069891
0.765298821117
0.607390502964
0.233456246425
0.0343503458934
0.0423503458934
0.0453698959021
0.0229313340043
0.699108654289
0.580397615455
0.742777781365
0.995680383903
0.540108680298
0.629104049219
0.649228803164
0.40199111495
0.0107845962232
0.0141470413956
0.0
0.0
0.275586889469
0.225876196694
0.0
0.532318523507
0.633331184703
0.050335603696
0.577466157307
0.774930997676
0.111310238507
0.339119748717
0.895637351815
0.648964897948
0.558513853988
0.757902420649
0.585976181668
0.646315691645
0.382659727619
0.826440526187
0.641015787196
0.0107845962232
0.756496513848
0.864603223734
0.167133944674
0.884236475254
0.627975604449
0.48562831632
0.0
0.744435802701
0.297235050217
0.01141768436
0.506770532174
0.436214028007
0.619071530052
0.750594704701
0.747906283237
0.422482154014
0.935532526392
0.636704689556
0.574004670349
0.643938593793
0.487200163995
0.526865551757
0.320268739456
0.245397840201
0.0971562949668
