0.00519025982963
0.00638632662983
0.014710603753
0.00572608241907
0.000212011980773
0.00327295919654
0.00014047236572
0.00106371563833
0.000164220499267
0.00014047236572
0.00233407536397
0.00014047236572
0.00199749038417
0.00134875095085
0.00243900185148
0.00014047236572
0.000260202561845
0.00491276287738
0.00161790407273
0.021055522522
0.021055522522
0.0246419103309
0.0110924624169
0.00729342312754
0.0144219443999
0.00439485329644
0.021055522522
0.0125203161579
0.0195050602704
0.00674712257129
0.0115874376675
0.0182844928977
0.000713045721953
0.00611309938444
0.0376223603223
0.00161790407273
0.00111960751777
0.00109159391181
0.00464799989992
2.31758862501e-05
0.0
0.0
0.00276573812031
0.000382469610001
0.00331388705854
0.00095353012155
0.0231837984245
0.00697494939968
2.31758862501e-05
0.0160357960588
0.0182844928977
0.000609298390558
0.00689800338419
0.0100799332509
0.0376223603223
0.000845409099977
0.0246419103309
0.0177591515077
0.00837019154248
0.0160357960588
0.0296223603223
0.0202282981399
0.013393141414
0.0296223603223
0.00611309938444
0.0231837984245
0.014710603753
0.00459647439242
0.016420800221
0.0016794597907
0.0266028103136
0.00689800338419
0.000609298390558
0.000357808081245
0.016420800221
0.0160357960588
0.00798850457624
0.0054817778306
0.0376223603223
0.0177591515077
0.0153352334235
0.0376223603223
0.0202282981399
0.0231837984245
0.0138846428051
0.0029555842202
2.31758862501e-05
0.00391962088598
0.0054817778306
0.00206325515036
0.00624809608912
0.0099487678631
0.0188625365787
0.0220218222027
0.00319196412875
0.01141768436
0.0296223603223
0.00566402982367
0.01141768436
0.0376223603223
0.00837019154248
0.00921882851504
0.0246419103309
0.0231837984245
0.000432111112329
0.000609298390558
0.0003332514958
0.000482183350254
0.000482183350254
0.0246419103309
0.0153352334235
0.0172776950136
0.00945203101416
0.0144219443999
0.00771794419904
0.0
0.00212977803271
0.0156748871173
0.0003332514958
0.0376223603223
0.00464799989992
0.0182844928977
0.0172776950136
0.000507383343722
0.00095353012155
0.016420800221
0.0220218222027
0.0182844928977
0.00339662402956
0.0100799332509
0.0086739947568
0.021055522522
0.0246419103309
0.0188625365787
0.0376223603223
0.00111960751777
0.00111960751777
0.00111960751777
0.000980879892957
0.0296223603223
0.0188625365787
0.00410504442606
0.00877892381416
0.0376223603223
0.0296223603223
0.00180457676301
0.00536339766391
0.00519025982963
0.0107845962232
0.0195050602704
0.00420003937346
4.64452241597e-05
0.000164220499267
0.021055522522
0.00572608241907
0.0032323195637
0.00303330663372
0.00689800338419
6.98087704289e-05
0.0012617524342
0.00014047236572
0.0
0.0
0.000236056967696
0.00921882851504
0.0376223603223
0.0
0.0003332514958
0.0195050602704
0.0
6.98087704289e-05
0.0266028103136
0.00857093963362
0.000739276631206
0.0156748871173
0.00645670374217
0.00161790407273
0.000116821561136
0.000116821561136
0.000116821561136
0.000116821561136
0.00335510726737
0.0131622486131
0.00449478334699
0.00439485329644
0.00146682755603
0.00269151458838
0.00439485329644
0.00618020299158
2.31758862501e-05
2.31758862501e-05
0.0
0.0
0.000635060887577
0.000980879892957
0.0
0.0296223603223
0.00485882956735
0.000116821561136
0.0074595030716
0.00846969268224
0.000532693864185
0.00120447363137
0.0129402407753
0.00899468532823
0.00560263738731
0.00554189121111
0.00697494939968
0.0102141495403
0.00129060645524
0.016420800221
0.00243900185148
2.31758862501e-05
0.0168333500304
0.00496720500725
0.0003332514958
0.00439485329644
0.00401158794313
0.00226516950285
0.0
0.00638632662983
0.00100835990235
2.31758862501e-05
0.00236883931016
0.00149672810517
0.00763050479023
0.0104923267469
0.00721214184622
0.00327295919654
0.00763050479023
0.00705293528907
0.00618020299158
0.00405812699729
0.00327295919654
0.00269151458838
0.00251002795885
0.00180457676301
0.000609298390558
