0.0879155381737
0.409427670302
0.23391316314
0.272234355868
0.0569678303135
0.176611121194
0.0549683461856
0.159025303936
0.0692498182197
0.0549683461856
0.309549261411
0.0549683461856
0.145593671988
0.14583157795
0.174038312695
0.0549683461856
0.0674862687246
0.155395718175
0.424422590813
0.153171583756
1.57696473483
0.232877307762
0.23637331294
0.632891124005
0.221244182829
0.241220827848
0.183023819539
0.402671755397
0.304761998595
0.539426537602
0.549950459759
0.565597136067
0.0525369065871
0.410026942851
0.583197555314
0.145550441086
0.125084385814
0.143625228805
0.494726319327
0.00247440563285
0.0
0.0
0.224022631
0.0558600751678
0.124517607986
0.115357028179
0.220028850386
0.333077963147
0.00247440563285
0.217255405101
0.635551966243
0.105363099648
0.362599218702
0.538665473919
0.525001665324
0.0742111537466
0.445854080172
0.316178619785
0.683267164843
0.33366493012
0.320404296515
0.448865662763
0.428792543011
0.71594757545
0.292988536413
0.362650841542
0.424132484312
0.267871943111
0.395463684576
0.0700423396115
0.429826101415
0.572568130568
0.044316747245
0.0858255330558
0.475115568192
0.525393207849
0.466527400934
0.461356990373
0.124407174983
0.0824462750006
0.270735393189
0.223185757968
0.549404548918
0.577600952932
0.345263399062
0.270124556453
0.00247440563285
0.338856035509
0.412848731089
0.419871328741
0.352016948423
0.617497294931
0.585297142709
0.234531877439
0.208220392983
0.223393734686
0.245826036746
0.165666539065
0.39913757139
0.560221165935
0.0989346239992
0.161459999329
0.256329658114
0.337259848703
0.0899852166086
0.0949892650556
0.0539228660031
0.0877762778427
0.0637762778427
0.101633973943
0.237586632422
0.326991307387
0.18590962476
0.0421222437686
0.358756358721
0.0
0.151289726345
0.279116445057
0.038791252085
0.11838220961
0.22799153957
0.207431035668
0.269673736511
0.0741512252946
0.0744469318097
0.22207986685
0.345716851291
0.479320928392
0.300635019594
0.395589697227
0.33343596029
0.551101498851
0.558036133695
0.554526517304
0.596171367009
0.428900609861
0.404193806415
0.448912600049
0.456511152012
0.504162560665
0.490237238135
0.420701084891
0.400732011126
0.569210681076
0.267659700632
0.0558303356193
0.171315202328
0.0942204477139
0.418842925053
0.0336544020245
0.535563857011
0.016093824635
0.0261828829409
0.402162246022
0.486912653266
0.178464394453
0.365666708232
0.214356617507
0.0219203583909
0.0899460313318
0.0278757237025
0.0
0.0
0.0253199160471
0.193357609151
0.021055522522
0.0
0.083801568544
0.526753386425
0.0
0.0083172068725
0.359867339643
0.566228145812
0.0260128390297
0.288339368138
0.393480511518
0.060660716732
0.0124977807288
0.0124977807288
0.0124977807288
0.0124977807288
0.219946781084
0.245888766624
0.337458370272
0.572077711478
0.199341039162
0.450730198537
0.281687106062
0.253299714985
0.00247440563285
0.00247440563285
0.0
0.0
0.104256232816
0.100627885761
0.0
0.250702868532
0.298891564886
0.0132819415107
0.253875760422
0.285208830981
0.0657017919491
0.100233671325
0.507846326768
0.284658427497
0.383991125795
0.482340086669
0.278795026114
0.300965645216
0.463097196645
0.430159091671
0.283758639011
0.00247440563285
0.360476361024
0.234370100742
0.0358229277013
0.409091296382
0.167393504809
0.0965389588373
0.0
0.560900542344
0.127336917828
0.00247440563285
0.327942141661
0.106081193313
0.219042749604
0.437682125257
0.354347443913
0.178548102592
0.412593821288
0.21220573708
0.317039922766
0.251164211464
0.20724014328
0.182990073979
0.143851253351
0.139461863681
0.0268778362426
