0.0337220428504
0.199792262813
0.0428075696959
0.105096091114
0.00725446775054
0.0795335131064
0.00480445746482
0.0226564436642
0.0235265216778
0.00480445746482
0.0128823675618
0.00480445746482
0.0556562721648
0.0506952445071
0.0685255741502
0.00480445746482
0.0449749219996
0.0149538446582
0.0854870002083
0.1048682577
0.0421222437686
0.123861812217
0.129053463066
0.0995683405006
0.0692533404297
0.144988197497
0.10850760521
0.137625811174
0.159751381993
0.102534146264
0.200138108832
0.204398139299
0.0415061115146
0.128486162119
0.183644643158
0.0784518249254
0.0512087084191
0.0174723901945
0.0450174470521
0.000792098878607
0.0
0.0
0.0942556731019
0.0300564990514
0.106900609119
0.0537726918242
0.119488225114
0.121120360359
0.000792098878607
0.0714739620484
0.127355402056
0.0300064367197
0.0669118867337
0.202778849648
0.129519971378
0.012026820472
0.119140079867
0.0946945162437
0.125382884486
0.117168027932
0.162049344135
0.129097795356
0.103818057257
0.166189333469
0.125493648169
0.114312754563
0.141761617783
0.0677819610702
0.166398923428
0.0208162536862
0.212092684107
0.23028108172
0.0506420278665
0.072932238819
0.149597405737
0.233923531804
0.132034809271
0.105745399179
0.0304669107404
0.0106037019259
0.0538817698679
0.0752129644892
0.166565976398
0.186238353828
0.0610175153493
0.0361712278592
0.000792098878607
0.135032285965
0.0743415038314
0.0497036381802
0.0951036623882
0.197082384011
0.213985081446
0.111543479037
0.102825102647
0.102693741592
0.0748565574851
0.0676568139945
0.199234604931
0.230548953981
0.036353324863
0.0372019618355
0.0758351709521
0.174133352054
0.0871776584461
0.0795228725727
0.0114115939078
0.0296294886181
0.0166490386268
0.132576168514
0.238411225709
0.252812234863
0.0673958123058
0.690095766148
0.148336533633
0.0
0.0872196460066
0.090149901337
0.0250346474096
0.0854375414547
0.0856730907394
0.193049542842
0.127165761444
0.0148663726209
0.0498377673612
0.102604988679
0.18264634598
0.154173305592
0.0350945051113
0.189704856152
0.14042175451
0.189113312646
0.20776719542
0.181701619267
0.145006600587
0.0189838039042
0.0165327267125
0.031696309366
0.0362884231534
0.0777101397926
0.102813150163
0.195844164224
0.152998270069
0.259078835689
0.148290128541
0.0463226718222
0.141932802732
0.0760247293209
0.135917070161
0.00691734735769
0.127622614646
0.00719086739221
0.0565882243028
0.19620442673
0.14440165459
0.0763493821834
0.0550269450398
0.147199710455
0.00238657929788
0.087566298976
0.00728054249656
0.0
0.0
0.00807842716582
0.0404483276768
0.0144219443999
0.0
0.0246857805311
0.225244763781
0.0
0.00238657929788
0.112082241787
0.127213706818
0.0255770132471
0.186747720331
0.11184795553
0.0447515515932
0.0039949696665
0.0039949696665
0.0039949696665
0.0039949696665
0.172112472273
0.0727374473183
0.139736363058
0.215467883347
0.090088013136
0.130125769435
0.127807835507
0.0329454581895
0.000792098878607
0.000792098878607
0.0
0.0
0.0684169683647
0.0522284707613
0.0
0.064338801399
0.141774499261
0.0039949696665
0.106710012676
0.220636652547
0.0109636130388
0.068334983478
0.108361418244
0.122319603996
0.182147885583
0.126616262913
0.110368113571
0.126517841291
0.0506370693744
0.116991869934
0.183363575326
0.000792098878607
0.23252815439
0.218032890266
0.137604592076
0.140548910675
0.0948997076392
0.213238601785
0.0
0.148535059752
0.138919251866
0.000792098878607
0.0889910506517
0.0487654621721
0.0993154224153
0.128148551569
0.187001934954
0.0514288128657
0.211523358262
0.122454168048
0.0765630741559
0.111999687555
0.102392079698
0.0920630949305
0.0756575330832
0.0358479252138
0.0109446744068
