0.148331047673
0.673297318683
0.268664443731
0.532299661123
0.0275093656159
0.338444075238
0.0254459468749
0.213135219303
0.0332023755535
0.0254459468749
0.228990102433
0.0254459468749
0.263481426111
0.351546384453
0.269151346054
0.0254459468749
0.0703134169477
0.201207186331
0.309507512933
0.178542669735
0.402162246022
0.424287385661
0.327673172655
0.912384541912
0.507963132954
0.573004799729
0.557368244181
0.596574479046
0.657903162728
0.625895605878
0.860535005085
0.741215558094
0.105165752517
0.531900066619
0.953712811675
0.370851831412
0.319402334312
0.198782800097
0.309796035326
0.0296223603223
0.0
0.0
0.678794512478
0.0939506155376
0.397609485372
0.348132942744
0.506000612803
0.706636817425
0.021055522522
0.484318764772
0.71544428447
0.152368951162
0.539418241151
0.982750501265
0.748839112514
0.129450838073
0.800785558853
0.528671253453
0.753219732465
0.751356384467
0.680442804293
0.597790421749
0.618415323
1.04733946171
0.47378230175
0.662525390922
0.658037112261
0.346895898977
0.82443479652
0.167361921544
0.796682454935
0.991421480306
0.170663592705
0.123763623386
0.840618734371
1.08155230973
0.62417861661
0.61382699304
0.251405512487
0.231223986257
0.369895445537
0.333318218051
0.897805272433
0.915458250744
0.708168597362
0.41601998588
0.021055522522
0.885477174954
0.477531100326
0.338155311862
0.50243365798
0.995541495556
1.09666862274
0.605468496483
0.435461305638
0.483829297828
0.548614703697
0.494598756339
0.722045183998
0.946716927774
0.160757093857
0.201555026364
0.610544235452
0.903501615401
0.257518396879
0.395254217976
0.213419070223
0.335143623815
0.337763711943
0.441011003473
0.623022128965
0.631266999651
0.452155478455
0.19620442673
0.39126565565
0.0
0.269480723549
0.516397968561
0.2550164997
0.477176327628
0.598367824296
0.656727445475
0.575939809625
0.267982739669
0.193999231015
0.492122817526
0.82291743017
0.969468528291
0.34377464666
0.688067109946
0.671633532854
0.909981589875
0.695658934927
0.789489494333
0.513059416226
0.30797937918
0.344134239806
0.277123457402
0.280928365852
0.550681563816
0.774341036238
0.742619391927
0.706662141072
1.0331606065
0.597164843116
0.182431014899
0.48442248584
0.22343856725
0.625011816368
0.1837289184
0.664264457389
0.0369750500845
0.0671504855128
2.76746903342
0.635598629728
0.51701546674
0.50426802259
0.374837884683
0.0394076579406
0.175668360513
0.057184172058
0.0
0.0
0.0766238110794
0.258701083738
0.021055522522
0.0
0.163148232984
0.624677923246
0.0
0.0290182170573
0.668530835053
0.652061236561
0.143926059543
0.496627730208
0.580201633755
0.292215949682
0.0514197107187
0.0594197107187
0.0704392607273
0.0400006988296
0.55669973314
0.561704745749
0.758749827949
0.729316890673
0.34852699451
0.559319448092
0.437148554054
0.294573994244
0.00957226429921
0.0296223603223
0.0
0.0
0.238526973717
0.318866532317
0.0
0.548516983402
0.511732601278
0.059859431381
0.476198850361
0.733232434551
0.136923940795
0.321585239793
0.719193656011
0.492235896261
0.532548251479
0.613731807288
0.595357604884
0.518020236588
0.326492223458
0.57779796967
0.598104659655
0.00737586564846
0.67104661301
0.67503096142
0.15847915146
0.719245998384
0.46687255734
0.357999898936
0.0
0.695926540962
0.210703941821
0.00754437054487
0.479578907468
0.314690893377
0.60687308027
0.636335312451
0.627045016567
0.329026121477
0.777757793206
0.575277940745
0.632306221526
0.577074437679
0.501511058702
0.461917543813
0.454827206756
0.280443103325
0.0989053245054
