0.174313198519
0.807722075706
0.380769404969
0.672232718641
0.0591780220211
0.447876063094
0.031940550746
0.185004889583
0.0520283765202
0.031940550746
0.413086829126
0.031940550746
0.548185757914
0.447675215668
0.455212235954
0.031940550746
0.0728591159534
0.197933594857
0.497647560646
0.330410670878
0.39913757139
0.776683691486
0.42862607959
1.32352010601
0.706469101382
0.823663232153
0.69639962224
0.738465968797
0.737689202783
0.676401114523
0.976610834577
1.10440440551
0.190244983343
0.883295887868
1.08596656197
0.396963675258
0.418614877807
0.352810944672
0.518949046162
0.021055522522
0.0
0.0
0.599462658833
0.142308749247
0.427992678377
0.259441149684
0.533265799712
0.795523139186
0.00817619290298
0.541107049731
0.993214212359
0.175291942127
1.15578842604
1.11763172742
0.935423898814
0.261585223519
1.04390050765
0.831870093137
1.0722914803
1.05012355604
0.884595228382
1.01336343006
0.74473905416
1.2905875421
0.505701819174
0.94223388817
1.058099032
0.516689691192
0.79603227901
0.288296079428
1.20079846335
1.13828119167
0.11904896886
0.150636481193
1.01750487606
1.39546298663
0.84410979273
0.927975685993
0.245313814224
0.175906262047
0.379891029443
0.306659517512
1.25744471975
1.37543711051
0.744318398762
0.352373913969
0.00817619290298
0.977189705545
0.644130906533
0.739591083007
0.683088064277
1.30860965784
1.35001142158
0.786323345061
0.655929258549
0.715246556119
0.601194686886
0.61366680997
2.9426198409
1.3514631617
0.522555453813
0.524268649917
0.945352587985
1.00563181059
0.225693609461
0.345267334406
0.191464475638
0.230569469907
0.235150458018
0.44001501137
0.693406227783
0.90492730631
0.658154414267
0.199234604931
0.628677114711
0.0
0.378555275675
0.768839535549
0.105055730172
0.264138939154
0.553741876931
0.681803230283
0.811654147518
0.170131006571
0.339590765899
0.418862807974
0.876149335084
1.16917688304
0.370713449495
1.16415680198
0.738875133631
1.23769687281
0.914617205211
1.01393787147
0.964805663251
0.41368518037
0.429358537328
0.387391235686
0.374609090097
0.639155916461
0.895327486354
0.956755695534
0.955721417782
1.38013030612
0.65032966992
0.113160347313
0.51748429643
0.494102979457
0.815795835112
0.118003286238
0.799644928893
0.019069395591
0.0859973262266
0.722045183998
0.767299646883
0.373146061019
0.60476949121
0.560814500565
0.0320538359355
0.288846922612
0.10193046647
0.0
0.0
0.185660578025
0.341921729251
0.01141768436
0.0
0.157629449307
1.01240931352
0.0
0.0569888995559
0.826189654254
0.905773597583
0.112591403557
0.890206835929
0.660780592722
0.210724123961
0.0590786351719
0.0590786351719
0.0780981851805
0.0506791732914
0.839263388921
0.674958686011
0.871824452446
1.03209776668
0.524552949225
0.828330558947
0.833475966118
0.448964209275
0.0156748871173
0.021055522522
0.0
0.0
0.182525147182
0.29766000419
0.0
0.546798898652
0.765656270339
0.0703711071801
0.750224678249
0.770448346584
0.156654685935
0.399740817669
0.900540597652
0.681284651944
0.732886958535
0.749886362902
0.643261544917
0.785545521719
0.473989517638
0.826767278824
0.695323380556
0.0156748871173
0.785007762092
1.04868171683
0.210398377254
0.882402896609
0.76204633563
0.482884048074
0.0
0.866902530817
0.359909200082
0.0071319895447
0.465635975416
0.459517470094
0.561365850363
0.871674724659
0.830378565525
0.424832391796
1.12861932129
0.806270138348
0.752968284675
0.65253906796
0.512613365455
0.472866715264
0.398348668322
0.271035655263
0.0627838386257
