0.0703848052488
0.319393076641
0.278440276966
0.232299324687
0.0195503460413
0.160349130889
0.0129363770488
0.131238304978
0.015129980047
0.0129363770488
0.10126966128
0.0129363770488
0.166118076541
0.235068072725
0.12909790988
0.0129363770488
0.0149094459814
0.218620370998
0.112493887444
0.0771639745096
0.151289726345
0.115827668733
0.215584064405
0.434364271409
0.221549781472
0.202018825427
0.366508833097
0.113625920093
0.213144795173
0.209302161475
0.357694060232
0.276667990675
0.0331029777062
0.213357719863
0.33447868448
0.188651787338
0.0668239589396
0.0467720914263
0.148833113044
0.00212977803271
0.0
0.0
0.120213339894
0.0245643931207
0.161346477889
0.0818411156596
0.224794373674
0.411533899018
0.00780672893488
0.175315834333
0.275634395477
0.0979967110505
0.24177039108
0.366631446287
0.27185763018
0.0384566280521
0.22346142168
0.157915898322
0.236270618603
0.265879143737
0.243207525139
0.319841861289
0.210904415179
0.562051407205
0.16261952686
0.288890851083
0.410224077854
0.166156025201
0.259219872156
0.123140003726
0.433040159106
0.412673536644
0.0690154100418
0.0622894623132
0.361484088501
0.531833515609
0.336294895767
0.250511612575
0.0593540071658
0.0829098102403
0.176573282495
0.101753388377
0.385948408137
0.484494375691
0.317057089168
0.191708365931
0.00780672893488
0.429163985177
0.270373173182
0.164196095609
0.406474182417
0.362928980686
0.523129897487
0.343618543475
0.156600620266
0.175467267039
0.0978284012089
0.334448300045
0.378555275675
0.397315120924
0.0773531021209
0.0970660844793
0.288496758125
0.324879339921
0.0481125762065
0.110691417478
0.0336287403064
0.0546132920742
0.0656328420828
0.125015419442
0.206370788515
0.197284352666
0.286421627716
0.0872196460066
0.226655466752
0.0
1.12232879595
0.399494171964
0.0658404932678
0.145493967432
0.156037713
0.531581310912
0.254100708156
0.0657957073192
0.0668324329611
0.163008146294
0.309148822295
0.250179875917
0.170877934818
0.37137837164
0.226995185595
0.342291904486
0.345627046594
0.219521159937
0.220948058003
0.0973176788787
0.0858063166444
0.0867877809733
0.0894329808347
0.146650240507
0.248182807693
0.24289243905
0.330204384822
0.37424607868
0.212195902582
0.117149400973
0.380108196064
0.144400677791
0.460557089594
0.0634070152627
0.244599026933
0.00191333108134
0.0536601430006
0.269480723549
0.148512860585
0.136649633002
0.126901855054
0.201541945475
0.0418458465138
0.0565264836923
0.0240214034632
0.0
0.0
0.021777335912
0.14891307921
0.00212977803271
0.0
0.0412033989262
0.245199645948
0.0
0.00642056290545
0.187394319154
0.269485689325
0.0694825169342
0.253576048673
0.199838478148
0.0488876530731
0.0167329946768
0.0167329946768
0.0277525446855
0.00833353279636
0.2087415427
0.189102443742
0.263079580738
0.494366929972
0.359862564626
0.205388660516
0.151481583858
0.123130276963
0.00212977803271
0.00212977803271
0.0
0.0
0.106648555114
0.0852627557952
0.0
0.289329007183
0.0986952086673
0.0109415668145
0.245864058396
0.218988073088
0.0186706543743
0.294702834321
0.228946072491
0.175615946004
0.225752139272
0.241122391971
0.18414577588
0.27559480232
0.114550910607
0.189575374189
0.271310727334
0.00212977803271
0.348668009132
0.333606994152
0.124275854702
0.266281568887
0.302485950493
0.237000151575
0.0
0.21000753486
0.104764441734
0.00212977803271
0.191740247592
0.271009779563
0.111034038118
0.286367375255
0.201955134164
0.191017429515
0.252661801175
0.183412103156
0.209795973511
0.282465369249
0.252910866909
0.204434175472
0.18499949706
0.0961993824021
0.0566148714945
