0.0316607039533
0.0390418065276
0.0928422712449
0.115345543183
0.130286893157
0.163345543183
0.163345543183
0.163345543183
0.163345543183
0.163345543183
0.163345543183
0.163345543183
0.163345543183
0.163345543183
0.163345543183
0.163345543183
0.163345543183
0.0583601618929
0.0600054140476
0.0564486216509
0.0549683461856
0.0735465917018
0.0516363263798
0.0745292642868
0.0425955869625
0.0267745990951
0.0172706222366
0.0271571799449
0.0353217290233
0.049331471799
0.0460811182158
0.0256654302687
0.00289315353049
0.0440803314366
0.0324339031565
0.00972576671926
0.00679316062152
0.00662300209913
0.00841475411786
0.00014047236572
0.0
0.0
0.0291331781721
0.00231895858889
0.0201581028552
0.00578453213009
0.0124620304235
0.0199723873518
0.00014047236572
0.0256334242233
0.02515256819
0.003695035316
0.0259200489936
0.0451654314542
0.0222162664672
0.00512807617102
0.0291861453703
0.0171001800992
0.0293360412569
0.0329911346563
0.0259352874968
0.0292944947975
0.0202559743455
0.033110749418
0.0128923070636
0.0130935162691
0.0196557408504
0.0422139238585
0.0380425729632
0.010196009453
0.0305654625512
0.0422139238585
0.003695035316
0.00216938332641
0.0450863127563
0.0379816260842
0.0261537291373
0.0196968666095
0.016463445348
0.00460023653339
0.00555109708633
0.00385564664975
0.0494398085779
0.0391137789893
0.0277254039535
0.00488183249368
0.00014047236572
0.0209430946397
0.0271749194733
0.0125313638448
0.0103113775717
0.0314047495897
0.0373310416064
0.00729520161808
0.0287350705979
0.00924066049069
0.0156669815819
0.0119391462954
0.031940550746
0.0402740283299
0.0284706836113
0.0328793729457
0.0359322205495
0.0340204331292
0.00262006174565
0.003695035316
0.00202045147196
0.0029238064955
0.0029238064955
0.00783205691814
0.017970229734
0.0271905130098
0.0143931152773
0.00480445746482
0.0473183386361
0.0
0.0129363770488
0.020148863565
0.00202045147196
0.00595060952631
0.0409741599682
0.0230153460848
0.0124666098544
0.00307668403282
0.00578453213009
0.0166918024078
0.0250367919792
0.0453562977872
0.0132166509769
0.0222478064555
0.0205144280945
0.0480548917002
0.0233085160292
0.0355693789766
0.0484362340703
0.00679316062152
0.00679316062152
0.00679316062152
0.00595060952631
0.0107652463908
0.021176714544
0.0249981953388
0.0329064392312
0.0303535310148
0.0133800451358
0.0109570910356
0.0164291364454
0.0139750120327
0.0261722788778
0.00202045147196
0.0176640089645
0.000281516978737
0.000995489651441
0.0254459468749
0.0269482569973
0.00980443760938
0.0296417399239
0.0405245156349
0.000423138520732
0.00316901899527
0.000851512408495
0.0
0.0
0.0014310489466
0.00987733454635
0.00014047236572
0.0
0.00202045147196
0.0242340472543
0.0
0.000423138520732
0.0267745990951
0.0353489189893
0.00448383565839
0.0187320094235
0.0402175820097
0.0098216521135
0.000708131407787
0.000708131407787
0.000708131407787
0.000708131407787
0.012496460164
0.0371243981245
0.0245177318503
0.0267745990951
0.00890309412508
0.0163592754491
0.0373562164164
0.0206731024713
0.00014047236572
0.00014047236572
0.0
0.0
0.00390599902688
0.00595060952631
0.0
0.0160601435511
0.0346699077816
0.000708131407787
0.0298394994783
0.0328456084222
0.00323023960136
0.00730871217797
0.0357403124552
0.0332891109314
0.0116289732707
0.0276234890127
0.0170070663711
0.0238184618188
0.00783205691814
0.0306267473325
0.0148199610192
0.00014047236572
0.028675865376
0.0167343341833
0.00202045147196
0.0170183878225
0.012295032519
0.0137609008326
0.0
0.0216807923481
0.00611748740991
0.00014047236572
0.0122818279091
0.00165624619663
0.033582853439
0.0318709244375
0.0243674816179
0.0199080649622
0.0448820206354
0.0270607727546
0.0209028742698
0.0280579833148
0.0362728400133
0.055240761023
0.0363761255911
0.0171353245053
0.00206582431824
