0.16642381038
0.680038809637
0.455719035219
0.486732754122
0.0618958788624
0.399247105867
0.0291861453703
0.186155527116
0.0413669572886
0.0291861453703
0.361554222697
0.0291861453703
0.288367957188
0.283944845443
0.374760268198
0.0291861453703
0.0730028669583
0.219893608946
0.475876848098
0.246399156867
0.445854080172
0.589562276763
0.264699055681
1.16188175343
0.585626153184
0.703970655121
0.483726667143
0.811468552512
0.748184680322
0.793571850222
1.08445480145
1.11977430075
0.115589386449
0.817342583865
1.07114404651
0.328866786759
0.437213013631
0.338164026326
0.398176183928
0.00837019154248
0.0
0.0
0.595963931594
0.136028994834
0.542430021644
0.320504096144
0.572516764222
0.762355174911
0.0376223603223
0.595612664605
0.926370300748
0.240401167868
1.05818771854
1.04656532404
0.884699690918
0.241820499994
3.13533888912
0.885338875359
1.07818699294
0.99699108057
0.954631194648
0.976647238723
1.08039212094
1.1559927508
0.572576959311
0.699269383385
0.806957627972
0.492015219532
0.991375718401
0.32464578239
0.941998786376
1.07592013865
0.225846481693
0.144678355313
0.993784950122
1.31986187775
0.666838375034
0.75875866949
0.29656417333
0.245776709282
0.422002766483
0.383884350076
1.2080749332
1.26703148485
0.631191336273
0.310147372594
0.0376223603223
1.06073219757
0.631362238737
0.590560347184
0.566954378088
1.04989274526
1.34679944194
0.49231361375
0.498854205622
0.798385861461
0.662089559762
0.419920197107
1.04390050765
1.20019364691
0.295882201979
0.369916215007
0.755846495053
0.930493597561
0.263734002826
0.353876735683
0.207217521677
0.329704589611
0.321704589611
0.52805721349
0.736496361848
0.876895480091
0.46755863366
0.119140079867
0.38239335824
0.0
0.22346142168
0.643807880945
0.236837598596
0.4362036648
0.577990734492
0.599073460426
0.869862034799
0.37023113402
0.221004490302
0.572568647852
0.933762246983
1.13033457561
0.50999159994
0.869895245238
0.854338783517
1.06671113004
0.72350605578
1.03076568085
0.725969892231
0.410258735728
0.417781151191
0.369053751976
0.367867620079
0.682806757489
1.09011676276
1.07002363557
0.855394744552
1.09327999743
0.554179673303
0.146884068772
0.380295265416
0.339340246033
0.699229702292
0.120513472209
0.689959753296
0.0198520759266
0.020617112233
0.800785558853
0.794852212134
0.534457459252
0.958042328075
0.502923180711
0.0244882073134
0.24209144185
0.0520560543949
0.0
0.0
0.185415147874
0.585193967576
0.0246419103309
0.0
0.101441161911
0.905275677929
0.0
0.0214256002229
0.914404938196
1.03109313622
0.168301385879
0.605983159793
0.787922347663
0.361653596223
0.0434988811992
0.0514988811992
0.0545184312078
0.0350994193187
0.564732963946
0.640612503492
0.71789206844
0.920651227885
0.377498507976
0.776517288054
0.517982609932
0.479847771179
0.0156748871173
0.00837019154248
0.0
0.0
0.270165718876
0.327186669147
0.0
0.506377686086
0.602563098997
0.0685899193926
0.522489805589
0.692444145165
0.141894627311
0.243575788621
0.814921605209
0.586124913792
0.681052174469
0.786981203279
0.829977977731
0.622228634114
0.397356486955
0.710708399279
0.457921609751
0.0156748871173
0.824176352754
0.731686731731
0.123850920455
0.831118978301
0.494437329791
0.480499463955
0.0
0.70326031656
0.234368237148
0.0121288893073
0.560264060028
0.233470237632
0.622464481264
0.833582191925
0.69622357117
0.394982581606
1.00118671357
0.770346753144
0.769263937604
0.676695941083
0.531289095876
0.513295866742
0.436518955561
0.283135833929
0.0704215920911
