0.0370621227987
0.0457234040369
0.103194125626
0.132964222325
0.130358432772
0.166478030014
0.163345543183
0.164268786456
0.20082743114
0.163345543183
0.165539146182
0.163345543183
0.165202561202
0.164553821769
0.165644072669
0.163345543183
0.16346527338
0.0617002540272
0.0615754273218
0.0624883522768
0.0692498182197
0.0764786832805
0.0532688963023
0.0875510405341
0.0505367003084
0.0413447304824
0.0202027138153
0.0646390679015
0.0455328187104
0.0559381220046
0.0648031824287
0.0380452740609
0.00359809026475
0.0518367601152
0.0450198900763
0.0113583366418
0.0286745104585
0.0225183257922
0.0143210488694
0.000164220499267
0.0
0.0
0.0472771987041
0.0398008465454
0.0263344279653
0.0266995822863
0.0318266183282
0.0268848502752
0.000164220499267
0.0274578387905
0.0348326135714
0.00432019026741
0.0523823869415
0.0556615703713
0.0596981544237
0.0175079199632
0.0413669572886
0.0290885970408
0.037869563648
0.0414216019242
0.0418306111898
0.0537959327627
0.0421373241825
0.0524753373227
0.0347736569006
0.0193393705332
0.0247055283144
0.0466699258852
0.0478508684606
0.0187295318441
0.0570278004991
0.0494493171412
0.00432019026741
0.00253629430441
0.0695877507216
0.0580694518584
0.041027726176
0.049178754566
0.0169580338698
0.00509482505524
0.00673023019319
0.00530254498592
0.0622395769875
0.0600288291455
0.0328323287883
0.00789324907235
0.000164220499267
0.0249549687065
0.0328866730762
0.014656060982
0.0150836680833
0.0380113997953
0.056695629511
0.0102668193974
0.0318675574287
0.0263778831385
0.0194461301021
0.0163951483221
0.0520283765202
0.0777559162865
0.0299175819474
0.0343262712818
0.0540762410815
0.0480270021591
0.0321019497022
0.00432019026741
0.00236216245649
0.00341839501735
0.00341839501735
0.0245249345828
0.0444325676819
0.0646724009664
0.0240731606587
0.0235265216778
0.0511894542135
0.0
0.015129980047
0.0273018143268
0.00236216245649
0.00695789493714
0.0454816875024
0.0294028234707
0.0287469377097
0.00359715057936
0.00676366728214
0.0197432941708
0.0326142638125
0.0593628668171
0.0166849885348
0.059729694412
0.0372073057592
0.0689699418564
0.0388429307808
0.0438985992931
0.0527403637221
0.00794329471104
0.00794329471104
0.00794329471104
0.00695789493714
0.0338085724496
0.0247762124697
0.0292525762696
0.0623883271878
0.0490755952278
0.037881483101
0.012814109054
0.0219526939033
0.01727298131
0.0306282809045
0.00236216245649
0.0219681386163
0.000329111379171
0.00116381625003
0.0332023755535
0.0406924274367
0.0129778523022
0.0325738315026
0.0451364952433
0.000494678135784
0.0044360338902
0.000995489651441
0.0
0.0
0.00167304619088
0.0148705448278
0.000164220499267
0.0
0.00236216245649
0.0323659519142
0.0
0.000494678135784
0.0313341163431
0.0547135068939
0.00524257968798
0.0363506885655
0.0462573126355
0.0114857565108
0.000827861603911
0.000827861603911
0.000827861603911
0.000827861603911
0.0159217317985
0.0441159153035
0.0426617523823
0.0313341163431
0.010411221616
0.0191359151509
0.0544934390642
0.0267128330971
0.000164220499267
0.000164220499267
0.0
0.0
0.0333878869834
0.00695789493714
0.0
0.0391034696099
0.0721517957382
0.000827861603911
0.0426392678879
0.0537606585785
0.00377670074105
0.00854628418923
0.0443787639036
0.0417195781993
0.0160339057798
0.0363688128694
0.0224692313927
0.0341703162
0.00915841210845
0.060108635289
0.0173342464317
0.000164220499267
0.0435498624147
0.0239697274661
0.00236216245649
0.0215259153567
0.016402689918
0.0244050246901
0.0
0.048143130296
0.00715306107209
0.000164220499267
0.0497637158657
0.00316437368755
0.051201532581
0.0381167787016
0.0344411587925
0.0278491783082
0.0572618644276
0.0344646709337
0.0270104979932
0.0320225553752
0.0394462547061
0.0578287956795
0.0387815247697
0.0189273187887
0.00266462858373
