0.160465011352
0.647219775056
0.388933908742
0.442148776587
0.0676563893282
0.423394184882
0.0440803314366
0.240591844152
0.0518367601152
0.0440803314366
0.228540352579
0.0440803314366
0.350722563387
0.263887821206
0.296886521179
0.0440803314366
0.0801608109012
0.119006099927
0.405031343938
0.177249397595
0.410026942851
0.529435866433
0.243758947465
0.875378742198
0.546018891981
0.566762005854
0.480855901003
0.679543539309
0.540220933635
0.525678203733
0.96269989528
0.819483513013
0.11357077305
2.67096115099
0.809355452365
0.34171802167
0.40098844125
0.317441839717
0.389793193807
0.0168333500304
0.0
0.0
0.543738379826
0.0676941696335
0.394254943223
0.234744469405
0.351920441047
0.746457097262
0.013393141414
0.322782516156
0.794297479395
0.149708983838
0.623679396545
0.815540979936
0.806912260832
0.147382367877
0.817342583865
0.540934195014
0.901816606014
0.668747491793
0.65617106168
0.575861596714
0.647269954458
0.941098185066
0.426213902634
0.497997020546
0.606311076716
0.460001373181
0.649816988056
0.164389153184
0.705626199413
0.939569855646
0.0684452630512
0.10028315395
0.700577305659
1.02813612573
0.656361292355
0.839584646718
0.186350111989
0.167730023861
0.267787480746
0.245552380627
0.986926900324
0.90162703075
0.703591132201
0.155512809162
0.013393141414
0.695516545765
0.578136733851
0.437548903567
0.439107821269
0.93436148723
1.10431100299
0.470423156005
0.361023503352
0.515551021788
0.392896660461
0.375687121087
0.883295887868
0.877060833216
0.291564489326
0.378442230952
0.589119495949
0.782248544904
0.205840535942
0.252205156485
0.109603267265
0.259509347087
0.227509347087
0.284370674261
0.577573456476
0.694072735319
0.449636194648
0.128486162119
0.443852255329
0.0
0.213357719863
0.374979977835
0.171917598958
0.260177543303
0.465478232917
0.48127064633
0.648144447649
0.270403235514
0.193477867388
0.3552694175
0.630630079509
0.824035184241
0.423246366346
0.846958896508
0.643580161937
0.770258874355
0.714737529689
0.749729604726
0.657865913159
0.31099372156
0.308476959628
0.300064361774
0.266719305576
0.427332182304
0.789707443725
0.679098961522
0.716807649273
0.949890986845
0.53075699406
0.120561610259
0.347466903085
0.372787150133
0.605431323963
0.0821364074211
0.615662634896
0.0468768794496
0.0373638189039
0.531900066619
0.637004894375
0.335443236232
0.51812087711
0.545484844614
0.0368655915965
0.270568570062
0.0357403464727
0.0
0.0
0.154817530472
0.227417206181
0.00611309938444
0.0
0.121155656561
0.686369569925
0.0
0.0182327456116
0.559292695902
0.698119182353
0.0662137251173
0.530895372531
0.584978726366
0.169109664962
0.0497001139814
0.0577001139814
0.06871966399
0.0382811020923
0.481124198089
0.519096280757
0.648437564821
0.769857047463
0.352701045723
0.548733005387
0.647500367242
0.438166210494
0.0168333500304
0.0168333500304
0.0
0.0
0.149710489476
0.255949207904
0.0
0.487177980555
0.664489233478
0.0528680452543
0.662216601504
0.606903838981
0.126669572459
0.198676030976
0.681394610488
0.579443687219
0.596040516486
0.615911509936
0.624918692299
0.54041289393
0.338004256073
0.582487268801
0.491743272605
0.013393141414
0.695994918937
0.661363003341
0.0903451159579
0.679001890842
0.495655236171
0.438107052546
0.0
0.646892233239
0.182114235467
0.00754437054487
0.44922451069
0.273601870617
0.480132083927
0.623412237836
0.575816902112
0.392630733589
0.811392629635
0.57786877301
0.526855154276
0.632896610095
0.396611158848
0.46924997622
0.392814678154
0.278932042233
0.080120368295
