0.0316607039533
0.0390418065276
0.0928422712449
0.115345543183
0.130286893157
0.162916867791
0.163342299051
0.163345524089
0.163345543083
0.163345543183
0.163345543183
0.163345543183
0.163345543183
0.163345543183
0.163345543183
0.163345543183
0.163345543183
0.0583601618929
0.0600054140476
0.0560892532687
0.0549660857429
0.0735436692411
0.0513774629087
0.0745258718671
0.0425955669769
0.0266641969426
0.0168598679728
0.0271521387563
0.0348106191905
0.0491390166325
0.0458690102368
0.0254808081421
0.0028931328014
0.0440021610534
0.0323437825976
0.00966840121444
0.00678902672042
0.00661908388076
0.00831875408519
0.00014047236572
0.0
0.0
0.0291331781713
0.00231895858888
0.0200042809655
0.00578144720196
0.012362175525
0.0198896414853
0.00014047236572
0.0256324874664
0.02515256816
0.003695035316
0.0257265920642
0.0450480007064
0.0220295213228
0.00512807599434
0.029181152256
0.0170587930909
0.0290625253223
0.0328410030713
0.0256169909394
0.0292531305085
0.0202551693675
0.0325548406603
0.0128058480229
0.0130909047435
0.0192864766259
0.0422117719599
0.0378456589148
0.0101292906242
0.0304675016728
0.0420306267156
0.00369503531512
0.00216937799162
0.0447081582679
0.0375759672357
0.0256240822237
0.0196936996016
0.016422060838
0.0045995612849
0.00555109180535
0.00376868958296
0.0490766258964
0.0390147454969
0.0274781025544
0.00488183236998
0.000140472365063
0.0208425975168
0.0271749194733
0.0124166190043
0.0103095968729
0.0308994879431
0.0371847559656
0.00721666905364
0.0287318447737
0.0090878038647
0.0156669765585
0.0115033606854
0.0316033323318
0.0399561818689
0.0284706836113
0.0328786116888
0.0358537929275
0.0339276155341
0.00228827687581
0.00369291396833
0.00202045147196
0.00292380643921
0.00292380649508
0.00783205691814
0.017970229734
0.0271905130098
0.0143931152773
0.00455564551626
0.0473152962753
0.0
0.0129363770216
0.0201488390938
0.00193109207195
0.00594973140246
0.0409692678286
0.0230119030365
0.0124658054564
0.00277116823196
0.0057845321001
0.0166878209913
0.0247938151031
0.0452428107956
0.0132166508117
0.0222052245268
0.0201345878527
0.0479124170991
0.0232110904988
0.035412170642
0.0482309016569
0.00678946426973
0.00679313404017
0.00679316056933
0.00595060952615
0.0107652463908
0.021176714544
0.0249981953388
0.0324915341341
0.0300522237652
0.0131605170386
0.0109560362206
0.0164274265768
0.0139750120325
0.0258843383432
0.00202045147196
0.0171562574416
0.000281516978737
0.000995489487367
0.0254459412161
0.0268468193641
0.0097833948569
0.0296377934616
0.0403831837407
0.000423138493469
0.00316901899527
0.000703672628853
0.0
0.0
0.00143104894573
0.00987733454635
0.000140447894831
0.0
0.00202043846851
0.0239255234272
0.0
0.000422361835337
0.026582568591
0.0350446060554
0.00448383565839
0.0187273498673
0.0396784875953
0.00982161888673
0.000707354722392
0.000708126543853
0.000708131354937
0.000708131246695
0.012496460164
0.0365741785845
0.0245135132855
0.0266255248388
0.00858341221376
0.0163561851739
0.0369484153464
0.0206731024711
0.000139797117926
0.00014047236572
0.0
0.0
0.00390597148317
0.00585387231501
0.0
0.0159596581686
0.0345170028179
0.000666771851071
0.0298385136191
0.0324014890492
