0.0740499284051
0.208544806897
0.17143775713
0.255082863776
0.133069050594
0.264007337364
0.163345543183
0.752510138944
0.164268786456
0.163345543183
0.250178524584
0.163345543183
0.295568362823
0.238114189719
0.204853314864
0.163345543183
0.168003435476
0.201259446022
0.119112389259
0.145444090717
0.159025303936
0.190493693565
0.146461388648
0.267322401257
0.139387575791
0.112649624874
0.124311529945
0.153773898603
0.143724279024
0.13070767155
0.151668870124
0.174414638305
0.0304383769866
0.240591844152
0.17492036652
0.0268742886203
0.041407220912
0.030549312701
0.0859828238605
0.0112527824869
0.0
0.0
0.0803247397718
0.0176082621925
0.0983230632963
0.0405245904492
0.0755928825837
0.222020001215
0.0112527824869
0.127463823924
0.171599394104
0.0279255266332
0.238132050793
0.257212090418
0.145157587807
0.0466416930138
0.186155527116
0.0547323704684
0.143241808007
0.256180841344
0.107447446623
0.105909404614
0.114337442291
0.33729324384
0.0450587549149
0.286863700093
0.179454749963
0.103264451406
0.159538468643
0.0283605793861
0.178458858945
0.277466684134
0.0407913652647
0.0262552970994
0.297663118175
0.365982163407
0.339735687494
0.197488311015
0.179814233789
0.163710907593
0.163393241436
0.0813807463427
0.265226544468
0.352631383849
0.370111407798
0.131597052368
0.0112527824869
0.263428732526
0.252567343925
0.0965809165727
0.268439319624
0.31613821038
0.253387586639
0.368792937894
0.153950775422
0.0779442246949
0.136638660402
0.192226587234
0.185004889583
0.230679983347
0.0853547263158
0.0897634156502
0.141833026748
0.16614304401
0.0199023380218
0.0281076486973
0.0153357661083
0.0222184087615
0.0222184087615
0.0403206548104
0.0523605006369
0.102554551424
0.229308159663
0.0226564436642
0.203421093697
0.0
0.131238304978
0.324977141386
0.0153357661083
0.0699577422044
0.202268643334
0.229847448515
0.0649302050176
0.0233848252678
0.0175435506156
0.120551453396
0.177817282842
0.204123901151
0.132602627064
0.242649407306
0.148505753219
0.208309291441
0.153118579683
0.209461174774
0.0949263467139
0.0518961197992
0.0518961197992
0.0518961197992
0.0454052228266
0.0827332033894
0.165841988872
0.197412703476
0.193332641817
0.231599716894
0.248763482289
0.030671168549
0.149002006837
0.146052847383
0.16758521193
0.0153357661083
0.144467665761
0.00213213366389
0.00754624537174
0.213135219303
0.15724252578
0.0420721020633
0.0886516001098
0.122701408165
0.0032052959575
0.00961885874036
0.00645367577077
0.0
0.0
0.0108539104876
0.0676826867441
0.00106371563833
0.0
0.0153357661083
0.101517918908
0.0
0.0032052959575
0.119570232509
0.185409047568
0.0341440941151
0.119940914183
0.0774745539824
0.0188561775409
0.00536602370054
0.00536602370054
0.00536602370054
0.00536602370054
0.179658198338
0.124457585491
0.182284207529
0.191277661974
0.145599516733
0.126922032299
0.109152130946
0.160205301076
0.00106371563833
0.0112527824869
0.0
0.0
0.126480013914
0.113781378993
0.0
0.271559503506
0.146434718533
0.0251609668841
0.152521310713
0.192129106715
0.0273324711141
0.0771661369602
0.173001091873
0.0962092148924
0.0552473118398
0.0773718189428
0.161130030544
0.261058711292
0.0599229201968
0.0955835743152
0.122312975858
0.0112527824869
0.177476451851
0.147311474468
0.0109942886399
0.183745085003
0.166066621165
0.0901695897147
0.0
0.140121886531
0.0333899985217
0.00106371563833
0.0811312090031
0.127085244171
0.08230809418
0.200107963015
0.0633654814526
0.0359627171657
0.155629908053
0.110234294213
0.0733230645974
0.134735597393
0.107649833826
0.111715500359
0.0811771225471
0.0534325493523
0.0123478844133
