0.0160357960588
0.102261766996
0.613826899925
0.977914097439
0.494690158157
0.417584025111
0.658982053705
0.175217850482
1.4729865053
0.935195382653
0.988629882432
1.45285744815
0.0171917249533
0.0172532842884
0.0172776701656
1.00118033995
0.861084128759
0.587669580969
1.20934006506
0.935926082101
0.50847309128
0.866785617749
1.40622508667
1.00729656251
0.78893394949
0.719842229763
0.801758657537
0.800765272055
0.496631931518
0.724454326755
0.848374899222
1.18780236196
1.1245141313
0.765747916753
0.808782285474
0.417959228046
0.0105721009515
1.21933223905
0.334465870398
0.854448491681
0.621996372128
1.15728195558
1.02876388066
0.880292950697
0.940356850445
0.247296956687
0.0139224726282
0.124346586123
0.118110664397
0.116549245485
0.123542959362
0.818218896786
1.19494065339
0.55226735979
0.0700935461895
1.25450924298
2.61127572715
0.840182002228
1.04591573806
0.413164788123
0.739192840143
0.205027133022
0.725813210402
0.562706167441
0.0823884472845
0.0839919419025
0.0160357959191
0.0840940956267
0.68184941907
0.465392160155
0.809576063691
0.368489451316
0.188284905181
0.691624305748
0.739804871058
0.00808158571168
0.867193083802
0.00808158571168
0.813718550272
0.618495879288
0.728996350517
0.802868582678
0.00697494939968
0.911175184973
0.193967809826
0.642935324379
1.24799507027
0.664994157009
0.418886380572
0.963835360085
0.0836280896151
0.23699130301
0.558184062748
0.79614983433
0.202294454783
0.818738801126
0.814309938233
0.901814654724
0.317456352751
