0.0016794597907
0.0302134810197
0.454636358709
0.682846016412
0.215797279514
0.318344697213
0.53269878881
0.112841953101
0.818400206382
0.508466879863
0.416914080514
0.655575648401
0.00159303714789
0.00167860709704
0.00167944934778
0.333604744077
0.455554010608
0.252914367416
0.572950901607
0.71202328544
0.261608844494
0.420917958622
0.684183409282
0.489422432913
0.48725460041
0.532054693491
0.370271426559
0.411735484132
0.23451933619
0.399371803165
0.47454783529
0.75225292572
0.631006058798
0.593533570001
0.482096817273
0.274102466378
0.0671404879466
0.443048520835
0.209811574783
1.21324380384
0.288562745345
0.790673515488
0.740094035372
0.648826201907
0.688103681169
0.153158629872
0.00336172063978
0.109188358951
0.102755163932
0.101193740005
0.102896934789
0.71248490812
0.595561416234
0.337706644384
0.151815434374
0.790931213972
0.861665020065
0.479828924953
0.731675042136
0.212374074953
0.330771552897
0.0851304867672
0.329023721385
0.189179559347
0.0080465253365
0.00844091533006
0.00167945976418
0.00847654650823
0.375825349581
0.162360553792
0.336017486746
0.133269097226
0.102882714863
0.367010146216
0.541582101513
0.0016794597907
0.461887610076
0.0016794597907
0.662471460876
0.365777082506
0.390998651828
0.416604436334
0.0209347722106
0.501313556427
0.110518630999
0.52960822796
0.783764547164
0.542676435641
0.155408852007
0.445092862421
0.00847654624424
0.0362529108739
0.123136439117
0.356627008547
0.12064198129
0.454083784739
0.557134773888
0.647442814418
0.25390963345
