0.00226516950285
0.0137609008326
0.371799287713
0.550002986117
0.225358936005
0.277797042354
0.532892282256
0.0660615154545
0.763835960531
0.494522263756
0.430812136406
0.667371543832
0.00218516491046
0.00226109260069
0.00226515568878
0.381298609311
0.57997618527
0.271105471857
0.555847044807
0.583728766323
0.155144166401
0.355398033887
0.640717577044
0.415125951359
0.547184971218
0.497987488253
0.367347732769
0.44036915612
0.259790735584
0.391561184594
0.523694206776
0.810735293708
0.69204196656
0.415062934784
0.429605619256
0.223729094131
0.00618469642685
0.515556439993
0.194578245001
0.544820987871
0.317577318287
0.724816438864
0.671001525757
0.654291730153
0.637237833203
0.135405137398
0.0560642576293
0.145338060717
0.126097530349
0.137517570721
0.12053940614
0.696287769726
0.531152468412
0.194955769374
0.0137578012243
0.725983214105
0.663016951079
0.388844124062
0.615314786787
0.330732944183
0.484025457082
0.106446063615
0.33675127252
0.288188584316
0.0108945790958
0.0114026790463
0.00226516947675
0.0114387205422
0.380131053633
0.116942101244
0.37949192783
0.217626934508
0.0465818928989
0.569610457806
0.610126614004
0.0231837984245
0.568348952166
0.0231837984245
0.703490930262
0.509229208044
0.523815011592
0.430159633762
0.0118242886891
0.785692292029
0.166026566528
0.634020720157
0.879904536062
1.56850321491
0.408027785345
0.750819025371
0.0113695695175
0.236653423602
0.319861044259
0.421539585732
0.158740492918
0.448494753779
0.59126020583
0.514916810586
0.22995210674
