0.00910566871112
0.0961783505593
0.376824617598
0.516812717682
0.296024422915
0.263577634522
0.30623798914
0.0666860334845
0.936707563801
0.618761430467
0.727439281233
1.00932516612
0.0149648343058
0.0149945385814
0.015014432913
0.677379252575
1.02031164456
0.636280404262
0.941346152658
0.67154725117
0.266004822669
0.640657791591
1.10983445341
0.774552110667
0.695455395327
0.663553775492
0.820610975294
0.906279819717
0.577186451521
0.94595537844
0.585078875865
1.10185395186
1.00201699008
0.654451551066
0.813433738963
0.409088936826
0.0169309507873
1.08421104521
0.519581354009
0.323909272365
0.568481861896
0.832422475977
0.60004506866
0.521792305783
0.74706814517
0.197941543545
0.0412023079793
0.13931282294
0.100906295525
0.131411090714
0.122420077513
0.473567163321
0.852108270783
0.368983057456
0.0661366312403
0.846229879629
0.732187731799
0.649589323377
0.647213720654
0.355494630723
2.77840529654
0.228785160421
0.723543148817
0.536915386564
0.0994591724432
0.0926469457308
0.0110924623043
0.0928315702391
0.434274067792
0.336184100597
0.623519788741
0.412088240096
0.170370150342
0.724384984958
0.627251586476
0.0110924624169
0.684671209811
0.0110924624169
0.840798432581
0.516298651399
0.56581432315
0.734934819575
0.0149383911513
0.711163687818
0.144820888906
0.646699061455
1.14818992063
0.481175353782
0.521569853533
0.977901481281
0.0731338939966
0.203565932809
0.523545613055
0.939398095489
0.139035096074
0.869552077733
0.743643542589
0.938930295997
0.225060319011
