0.021055522522
0.114211867583
0.556704636997
0.685736798189
0.384074443073
0.255545352022
0.461587852196
0.160052677594
1.05185379452
0.766397947548
0.75041423487
0.891462755549
0.0219517425661
0.0219939658479
0.0220218013946
0.715896281534
0.870834405572
0.521450235116
0.799952424586
0.773781485603
0.405104449464
0.652345898345
0.841597905785
0.751739068366
0.588219010983
0.757899744668
0.645122789528
0.641936294341
0.396370906498
0.528734566402
0.700046359029
1.09214893452
1.10811080466
0.588841593869
0.843602029855
0.344231988289
0.00616147820319
0.877860166063
0.276995538843
0.501167118417
0.395465967849
0.816700076734
0.702405680899
0.706870264868
0.753877799516
0.285239998206
0.0450741541335
0.181919490596
0.143653621404
0.174133078211
0.14990701306
0.669507516563
0.735975297036
0.26065019932
0.055254002992
0.975562965587
0.912554949458
0.613221638717
0.814676979163
0.428797172403
0.717128843359
0.192441634629
0.626232554199
0.304693755054
0.09288437775
0.0935230329436
0.00307256383856
0.0857418481984
0.562090792621
0.300483601265
0.633265716539
0.340271780655
0.0917956063407
0.67763510925
0.664025403763
0.0246419103309
0.801894400954
0.0246419103309
0.720698040754
0.550807815351
0.882175030477
0.72566890943
0.0295810008701
2.25489185552
0.331787454625
0.786255682866
1.12266790213
0.783557211979
0.37168473518
0.930631814075
0.078946718983
0.349061620384
0.52191883367
0.707592634754
0.223114549365
0.637268435191
0.752256183118
0.801491892213
0.318899304127
