0.00331388705854
0.00643865348213
0.217878311992
0.390863995106
0.141434861728
0.092140127581
0.166981584936
0.105808617686
0.813913237693
0.240544893991
0.53498953631
0.542192984705
0.0181822156714
0.0182590826011
0.0182844557973
0.596841630791
0.452108813035
0.254464572277
0.43215791983
0.362624516908
0.206811999684
0.357621221143
0.609505963549
0.684676740434
0.569098150638
0.428376761407
0.667147399386
0.68592357885
0.74305608343
0.783385315658
0.443182926533
0.855985170715
0.460432645197
0.344544189398
0.447886710919
0.430782869368
0.00160750864808
0.637675442153
0.287382528966
0.153907877703
0.303307819514
0.396614525788
0.27443189086
0.285800487404
0.370069874382
0.148493645461
0.0370029206143
0.127126246917
0.107713436021
0.127132465135
0.142025544137
0.260491011364
0.566348380611
0.408238837717
0.0386064167845
0.471668529114
0.416408110189
0.443478269892
0.343348347783
0.184663553251
0.521865122407
0.0829927343721
0.30281180777
0.197404514031
0.0159322444798
0.0167042461544
0.00331388694583
0.0167519272971
0.212191767186
0.151619765728
0.32276532772
0.162161711471
0.0956487738851
0.357031317549
0.219584542045
0.0231837984245
0.359926973509
0.0231837984245
0.421744307406
0.306891870623
0.304526332156
0.603521132233
0.00631679742181
0.366475446044
0.190997242984
0.326049389987
0.754750454464
0.404790025136
1.47812865679
0.844573071074
0.016409721742
0.241256650281
0.472518623475
0.710659851795
0.16719740516
0.853287046221
0.665417967431
0.616559574516
0.314320699549
