0.00697494939968
0.0426917861227
0.306355429577
0.500438761608
0.199459219736
0.287722847512
0.312292991907
0.131714394404
0.640470619642
0.470794672648
0.466819704607
0.583661891357
0.00687497701477
0.00696013885395
0.00697492710091
0.378777012867
0.754110966911
0.427634191256
0.634972221574
0.612876535986
0.16660026043
0.479805844385
0.855663504644
0.710777675175
0.521840971372
0.343642342739
0.515355628063
0.5441881772
0.34309416346
0.472083285884
0.443645267386
0.713845171535
0.787095515966
0.467114738416
0.621591579571
0.208278483788
0.0136074443394
0.870892289689
0.270537035971
0.362052097562
0.354518592646
0.748674560206
0.568686850067
0.499539196429
0.632820735356
0.0902792361948
0.0139990231302
0.0606793785601
0.0542442597256
0.0606828247215
0.0730821810247
0.431119006354
0.676914566986
0.258551140049
0.0536423498487
0.841371463115
0.616310573363
0.665481806836
0.509531215332
0.325030290284
0.516282528768
0.119436146946
0.367461447045
0.3567682734
0.0361072602987
0.0374086191611
0.00945203089561
0.0295903793012
0.330052525113
0.195687840629
0.455668577097
0.227860850611
0.101245155814
0.585423862107
0.453429360941
0.0376223603223
0.561483365889
0.0376223603221
0.640314855611
2.17762212736
0.435935345545
0.696316715709
0.0176594904087
0.545398201009
0.148480988075
0.855816027565
0.90665752059
0.508278791498
0.307260906644
0.796411126353
0.0230156703345
0.198382450614
0.358151474831
0.614833923342
0.250434864883
0.559395835745
0.541162744861
0.531755280148
0.387068663836
