0.0071319895447
0.0523222342696
0.177001724483
0.425114302357
0.196902357495
0.112620874062
0.23834547259
0.130436780511
0.888409610577
0.283293384681
0.461067289536
0.515831081126
0.00701412359198
0.00712946555416
0.00713197807554
0.428439561629
0.307948545229
0.243438892826
0.446656506919
0.364911308822
0.270403462059
0.399396511603
0.622028672602
0.657810124254
0.563309882424
0.220834994271
0.591232758458
0.619362300495
0.62230968607
0.681079807696
0.393357930483
0.676464463461
0.368732529465
0.237910692746
0.526088978529
0.187626352847
0.00146462760795
0.49267052903
0.280464367784
0.335891964643
0.303944731258
0.406503223811
0.283055717351
0.219848605642
0.507792843096
0.164269742002
0.0141829922792
0.10833872876
0.0890230804855
0.100540175356
0.088586396343
0.201312537945
0.446220372847
1.19626366237
0.174189660111
0.56835041023
0.550410800856
0.504391957565
0.284912707589
0.191372858148
0.370030804022
0.0951063348058
0.157096641875
0.148402415415
0.0347965565164
0.0361598957675
0.00713198951268
0.036240226033
0.204643855649
0.152955557033
0.229435036664
0.127897334367
0.0867390071033
0.271441379702
0.251184632004
0.0071319895447
0.271002826361
0.0071319895447
0.282324158441
0.259795768212
0.228191765008
0.408653010599
0.00240381388993
0.261394281692
0.120026852698
0.326762857579
0.576622447267
0.194700479344
0.408798233204
0.383459363073
0.0362402257864
0.0558400578987
0.241895633451
0.439572084005
0.0743188536391
0.592623012557
0.444796816629
0.448980854578
0.149234398655
