0.021055522522
0.123639370934
0.511339493793
0.765253183489
0.34221370207
0.311590923255
0.527811093129
0.127598930588
1.20488061339
0.771883321226
0.74673555982
0.843480917828
0.0231332445982
0.0231577802112
0.0231837621892
0.641480043398
0.835178676705
0.41007937599
0.798008062963
0.789154981967
0.508360835732
0.642085526528
0.905422866098
0.652031258497
0.673343732209
0.760114567725
0.622346525358
0.645415687928
0.388001487102
0.698650373463
0.771082585011
1.1282358234
0.834803464607
0.772714670706
0.657533266798
0.502771925532
0.0350659804959
0.727945668113
0.248081244644
0.731398940442
0.522745834864
0.800958936847
0.953700478548
0.712482539562
0.719787826088
0.164779492568
0.00517477584131
0.146903488035
0.116668265293
0.139142508932
0.136472267989
0.721147675292
0.894450191465
0.285908793096
0.0587605896545
1.15295080083
1.04423797459
0.580085344405
1.97986560831
0.458643599241
0.650967845639
0.169186636478
0.585977139969
0.407161676141
0.139468257059
0.136185048432
0.0266028101656
0.132873489173
0.62570535713
0.379602209921
0.585575268143
0.202093314283
0.117392269959
0.680176784221
0.670138652134
0.00261823360936
0.811725955386
0.00261823360936
0.729156693742
0.511056777888
0.696255676558
0.736137193677
0.0230667922972
0.816092402533
0.20387748664
0.642540051636
1.05742190085
0.613834658525
0.345652589709
0.768926606623
0.124485506617
0.226676966899
0.257430400507
0.711913652476
0.102712797276
0.665418551173
0.739021079571
0.89811277005
0.249907893236
