0.0112527824869
0.107956229458
0.341458139953
0.49990866071
0.366468986804
0.301237485304
0.239304823969
0.08112451484
0.833286537103
0.47012788578
0.637435244531
0.71263136586
0.00565896445677
0.00570827813465
0.00572605125424
0.482781299105
0.611047404537
0.462511937025
0.550553705255
0.543952527345
0.300879946806
0.573301666607
0.707568548808
0.567264857171
0.492617329358
0.737539805128
0.528812452263
0.611833063206
0.289270880448
0.407091412178
0.443951532636
0.778405999062
0.823344382719
0.614402398072
0.698766587336
0.413784173016
0.00374876896473
0.772249205029
0.206689232095
0.318163726701
0.438187351027
0.605016827538
0.63094725963
0.433565261599
0.690420656514
0.125027485339
0.0263738172131
0.0685551245636
0.0491888762627
0.0607125210857
0.0574133927691
0.428167825959
0.731240270023
0.156070977043
0.0463832105282
0.646656190864
0.723240957841
0.50928363185
0.584369929645
0.379960603108
0.724479631255
0.204658042364
2.14649017961
0.392667232369
0.132754236623
0.12635833335
0.0296223601995
0.1261083427
0.422435432583
0.343201883423
0.456082076899
0.266062120846
0.183797542398
0.534217649566
0.503457291883
0.00604676711731
0.634879414675
0.00604676711731
0.526075815659
0.367682507228
0.457331389925
0.5974986122
0.00596404829043
0.623282497583
0.196542099586
0.361528970609
0.849368963432
0.334908345358
0.303128168168
0.778801343
0.106642557876
0.162538665137
0.362553496958
0.526466704132
0.0905989004446
0.547507457935
0.494994074404
0.626763039779
0.210567947587
