0.0376223603223
0.0375852094728
0.0246409366534
0.0195044436206
0.0131457388029
0.0033541951913
0.0021039088225
0.00981953319437
0.0202275625655
0.00888579133225
0.0265025113731
0.00877840992534
2.31758617792e-05
2.31758862501e-05
2.31758862501e-05
0.00910566871112
0.0176770829794
0.00554646263022
0.0141141765731
0.00527234608223
0.0246413964421
0.0156419800099
0.00659921394393
0.00874626044263
0.00636946331153
0.00421555159312
0.0130782817454
0.00990675004934
0.00558663153456
0.00717434851361
0.0060673955148
0.00877840963986
0.0160197960586
0.0160357960588
0.0195045447121
0.0202282981154
4.64452241597e-05
0.012487539447
0.00164859985665
0.00159373895863
0.017276779453
0.00828855905177
0.0172767104353
0.00199749035854
0.0219044693536
0.000382469610001
4.64452241597e-05
0.000212011980643
0.000212011980632
0.000212011980773
0.000236056967696
0.00143708113479
0.0231837984245
0.00708707186595
0.00014047236572
0.022021307802
0.0160349479574
0.00554189121111
0.0210548162031
0.00604600130711
0.00910566868357
0.000791386193212
0.0112522041613
0.00872576863
0.0373996402605
0.0296217865121
2.31758862501e-05
0.0294953741153
0.00319195943122
0.0231832885867
0.0171680576669
0.008055240396
0.000457092922529
0.0246409767644
0.00867398886047
2.31758862501e-05
0.00789638621336
2.31758862501e-05
0.00350988328397
0.0069749444033
0.0168006482201
0.00536832576593
2.31758862501e-05
0.0210229435412
0.000431495758935
0.0138846383209
0.0159544698881
0.00223233520828
0.00331388703067
0.0143229031283
0.0231837984245
0.00682149198642
0.00137743310147
0.0194006791721
0.000635060887577
0.00311151174433
0.00994783192724
0.021054911274
0.00276573812031
