4.64452241597e-05
0.000281516978737
0.0131048602477
0.0220057629226
0.0223220690175
0.0248184245557
0.0248184245557
0.0248184245557
0.0248184245557
0.0252235995572
0.0256435241745
0.0176415441503
4.64452241597e-05
4.64452241597e-05
4.64452241597e-05
0.0183013213399
0.0229819461413
0.0248184245557
0.0160469144017
0.0168167083385
0.0332309743651
0.0291093722666
0.0340878691577
0.0340878691577
0.0265322141409
0.0260793135021
0.0240484162313
0.0360204685192
0.0360204685192
0.0360204685192
0.0360204685192
0.0360204685192
0.045182444741
0.045182444741
0.045182444741
0.0478025328692
0.0668678215354
0.0672186004348
0.0672215268633
0.0672215446623
0.0672215447578
0.0672215447583
0.0173576992522
0.00400459358217
0.0308640750376
0.000766530706627
9.30781083388e-05
0.00042489306222
0.000424893034347
0.000424893062085
0.000473083643291
0.00288073280457
0.019288613319
0.00151262760795
0.000280879168543
0.0368464476849
0.0107696466231
0.011089352712
0.035388346868
0.0131463028197
0.0172046772178
0.00158761542192
0.00374839800424
0.0175164119562
0.000234118040607
0.000232965829602
4.64452241597e-05
0.000234118040605
0.0217715985558
0.00222542088271
0.0325692376852
0.00459020589796
0.000915323701276
0.0211057560794
0.00457043975653
4.64452241597e-05
0.0241573461622
4.64452241597e-05
0.0337844145609
0.0138497768973
0.00296336143078
0.0175001802034
4.64452241597e-05
0.00609662818694
0.000864800656925
0.00901700336709
0.0282838484629
0.00608840069675
0.00160750859265
0.010643094712
0.000234118040607
0.00119842411247
0.00271296639135
0.0262875900842
0.00988957995945
0.0435781704371
0.0232217287627
0.0156797522247
0.00554577321618
