0.00164859985665
0.0100083248038
0.110458193831
0.228365917123
0.174896177294
0.188094207865
0.156139465328
0.0778383042838
0.51989234477
0.332608213227
0.275840910843
0.453045787078
0.0118218246481
0.011926006077
0.0119426665753
0.342786042257
0.451513553714
0.455030358179
0.451566060428
0.294875653245
0.133890193837
0.276862276762
0.455061569948
0.485376150936
0.393324085924
0.357595215594
0.475597106686
0.550196760742
0.338750640215
0.515279045583
0.341815166952
0.469258212308
0.500294408125
0.553247761294
0.601182860163
0.206519123591
0.0670085656545
0.642801058443
1.20198586612
0.210146389559
0.181485853537
0.509089504481
0.238512378622
0.247675128062
0.520316248293
0.112028127938
0.0450417654729
0.127326187921
0.104890418943
0.127327941498
0.123509292381
0.173415240404
0.454661064138
0.280836865055
0.0410742917945
0.372306960411
0.33494400188
0.496982876782
0.24807833711
0.155984093166
0.521466097557
0.048398996024
0.207119723916
0.26124286536
0.00794171652121
0.0082878755934
0.00164859977548
0.00832056960171
0.15723622546
0.090873395836
0.281779595455
0.242715097697
0.0455910486655
0.280992689317
0.320741136058
0.0144219443999
0.304552662602
0.0144219443999
0.391404482842
0.271455152281
0.236800899966
0.504979231169
0.0219418222027
0.278827189919
0.139092620008
0.233443442992
0.515339783069
0.194547150908
0.288348416387
0.404881760745
0.00808111705335
0.114431976509
0.196844833631
0.366556860549
0.0725599937414
0.605074109685
0.382326780745
0.464030024635
0.117433131248
