0.00199749038417
0.0121310339239
0.293870762172
0.652438644043
0.30918209502
0.232228288722
0.484639316232
0.196783483191
0.873922348121
0.642879424117
0.511775424619
0.81201356205
0.02654409223
0.026575103095
0.0266027770585
0.421541933447
0.659878505561
0.363311446485
0.653705358644
0.71999970373
0.301164849942
0.510233282424
0.825907916582
0.564478062699
0.518257053683
0.592257734524
0.415905442371
0.532601598856
0.263282682279
0.509024651132
0.491312876512
0.749696524527
0.706620659432
0.42426783579
0.417742914641
0.22668342448
0.00400459358217
0.693458147996
0.248191125694
0.636488136968
0.367516127991
0.822568675046
0.817795988369
1.68097044924
0.56036647815
0.342282192922
0.0671781850241
0.278322535663
0.240272423151
0.270738082904
0.272952966582
0.889298080129
0.643409428909
0.218954171462
0.0294717726031
0.924519458413
0.877698506974
0.577825516724
0.711664736977
0.350009626805
0.523244118498
0.113935570061
0.434267189745
0.315245681793
0.00971364368631
0.0100434099286
0.00199749030444
0.0100845262157
0.355024689006
0.153048228716
0.388814609697
0.21864293547
0.140587087152
0.5698257263
0.560455048229
0.00199749038417
0.637118256639
0.00199749038417
0.632978385901
0.500042207666
0.506131262765
0.407145066056
0.00199749033523
0.706176616601
0.108369420419
0.5190550526
0.892014628159
0.650909985413
0.286335888943
0.574826747324
0.00999665642703
0.127540825021
0.321796793204
0.486013928193
0.182399452245
0.52804401918
0.522042522736
0.489798629578
0.193437960207
