0.0099487678631
0.0441756563196
0.438588430398
0.619392105352
0.216867985228
0.255957419251
0.414544937962
0.0699522879995
1.03507258954
0.530937207966
0.814205006567
0.934657571123
0.00515868703934
0.00522171570941
0.00524736938198
0.704531648502
0.835645612456
0.415550968033
0.719686229293
0.665676810828
0.23598287578
0.692003206894
1.08504573494
0.998576314056
0.843793815427
0.654440833318
0.747726573389
0.862224687455
0.673770027657
0.760678022627
0.70054054615
1.30906776599
0.869736200737
0.732336686991
0.854630965936
0.264020037977
0.0231616766121
0.859195537876
0.381338502275
0.547837744767
0.464166552519
0.909886182259
0.673351575793
0.522628580286
0.790201440035
0.195557101604
0.0232397654926
0.0961446784771
0.0657666887819
0.088309857222
0.0821259733271
0.555219612823
0.970986639355
0.443826657187
0.0822315511813
0.935385829214
0.811985070489
0.856100093572
0.734263905372
0.451225062128
0.744178258025
0.131642202577
0.494231805891
0.311906296835
0.044448693994
0.0454127169471
0.0052473970876
0.0376080753621
0.397883500011
0.224792555267
0.47801831986
0.236591592922
0.0994963223123
0.534037933986
0.544338569363
0.0160357960588
0.589157118423
0.0160357960588
0.643647314704
0.540969179108
0.474872461846
0.848927983017
0.00994876780579
0.746491949259
0.22054497394
0.765768431071
1.20879879857
0.587737492452
0.665404273377
0.937908565327
0.0309428896477
0.187712888132
0.594169548029
0.771551567168
0.244484781107
1.1271771532
2.22702701455
1.17430356528
0.494032091776
