0.0160357960588
0.12485890431
0.556375140816
0.923778632916
0.502652117864
0.531484404484
0.579528251583
0.234174988299
1.47906234165
0.974272264839
1.15758632101
1.32316518734
0.0159775041225
0.0160138870653
0.0160357703542
1.05109616994
1.37679658269
0.906772271238
1.23256500533
1.07027162844
0.478902054667
1.09812470451
1.39179008605
1.20664563659
1.01206388309
0.947342647544
1.17497628851
1.16300973637
0.739086124327
1.08978766008
1.09549350895
1.48825821312
1.34570323817
1.10187650508
1.17871271676
0.392950191843
0.0281770981654
1.37581622795
0.514861867545
0.773203913975
0.57448957006
1.42978392789
1.02371256316
0.89496269117
1.1250522359
0.276237448848
0.0324251692478
0.156683285144
0.126247583504
0.148686164058
0.159235528385
0.774951902159
1.37365377435
0.576108053943
0.123808872192
1.51177419013
1.24925238845
1.11322458094
1.05692960405
0.592501786784
1.15698798302
0.298724259121
0.853014267234
0.649871248387
0.105209109721
0.0984144184969
0.00994876772341
0.0986179849588
0.746873119961
0.432154818157
0.998062908967
0.477429558567
0.166449131594
1.02900710847
0.967712351123
0.0246419103309
1.12334446284
0.0246419103309
1.11411087455
0.911449855118
0.905206682433
1.20305576361
0.0159479263542
1.1205585844
0.237154020339
1.05054989256
3.59358230269
0.882742704215
0.764989838117
1.53232579688
0.0788274015684
0.33290778316
0.696891208432
1.13342721588
0.243928094732
1.28191040183
1.21562872526
1.41943704311
0.53313205292
