0.0168333500304
0.0864298032328
0.377290677857
0.556154970044
0.318821675638
0.183504343995
0.263408019137
0.144610643074
0.779963668491
0.565635032434
0.469173948893
0.693510000956
0.0231199112173
0.0231564596967
0.0231837782334
0.552298711526
0.730605646289
0.450798517793
0.593038281722
0.672201179416
0.323225864719
0.44844243777
0.628830325555
0.667041069509
0.366303407747
0.519887361038
0.464317333991
0.470046732075
0.305983994438
0.468576133225
0.459174434888
0.792640787062
0.703627170249
0.698284541251
0.564825437666
0.224937454969
0.00296336145656
0.705895614047
0.235532571276
0.381463629231
0.267619507898
0.61297683189
0.66368818649
0.505484910096
0.55414341585
0.212416937856
0.0358981753612
0.12851074545
0.0821550566856
0.120629235669
0.103377167429
0.464379039104
0.566310825867
0.22697393208
0.0854855635931
0.784517402365
0.726596675589
0.472091721422
0.691503378892
0.358008984919
0.56848580846
0.205767614158
0.457901025368
0.363820118187
0.0760573396461
0.0766960460307
0.00697494931197
0.0688959317848
0.623658493915
0.374200230392
0.517833112369
0.267096532628
0.130514801916
0.662777596618
0.493566776168
0.0296223603223
0.694534340559
0.0296223603223
0.652603955664
0.435785293675
2.03418095545
0.610077239575
0.00693779849593
0.875884498988
0.275493314387
0.557822874324
0.903226558731
0.52126746792
0.30651690495
0.744221080909
0.0623732288464
0.234195913154
0.440003276486
0.551522554638
0.150297694496
0.619579701678
0.475283710155
0.558837335705
0.221856299371
