0.0138846428051
0.0591167743467
0.387270493061
0.586967399113
0.192048079171
0.368655680804
0.412544206792
0.0915318375811
0.869100399807
0.663700721802
0.581637652763
0.741088121458
0.00449478320921
0.0044837479836
0.00449476712739
0.485150921062
0.869462113843
0.493568332349
0.590678483943
0.588212299185
0.182954262936
0.554998982367
0.900355299661
0.687700761649
0.532942586381
0.42546571774
0.615188823732
0.526934279398
0.394456350099
0.528544306528
0.41796639383
0.939310759325
0.72878686888
0.543794454927
0.733742157168
0.209756042997
0.00876758526934
0.876985561217
0.233080542972
0.523936753974
0.38607765389
0.835663479766
0.633716306588
0.517900365709
0.69973651239
0.115287413393
0.0279969073511
0.0993539919931
0.0799748266609
0.0995014610435
0.0847847367675
0.560994512525
0.80646664327
0.325168792286
0.0571283985019
0.975679217684
0.64073741734
0.661346968833
0.641993073837
0.308635193612
0.647002596124
0.172744325072
0.36105628573
0.384438973454
0.0817830737406
0.0833897431231
0.0266028101668
0.0755336327768
0.35924683152
0.239674561585
0.544701265784
0.297758672686
0.0652855949242
0.540298552144
0.555340098662
0.0266028103136
0.468988278973
0.0266028103136
0.729520478434
0.85536135031
0.556753065188
0.787231571573
0.010784596167
0.782295872468
0.185955102848
2.15512253075
1.04367951902
0.631539721214
0.326189674632
0.908187147104
0.068731825521
0.350375192491
0.454599537185
0.632491842245
0.17989301013
0.613984517662
0.765829671388
0.777537434944
0.376809362354
