0.021055522522
0.0934797677619
0.534324180328
0.706832438308
0.323175936546
0.328247970271
0.356965497821
0.109486844157
1.19453500675
0.654642407226
0.980901113786
1.04430205267
0.00780357319046
0.00779102109244
0.00780670254063
0.813629160392
0.919267413627
0.460038022193
0.94733258105
0.707097498486
0.356004929262
0.811627487536
1.08989910798
0.819936045907
0.712154682575
0.744039480403
0.901831301745
0.885123165807
0.613925868292
0.791434839505
0.747866667189
1.31004719695
0.907128468179
0.886916347937
0.96676934966
0.447881624117
0.01545748425
1.00811440432
0.461452092443
0.634956281727
0.386239343414
0.971930372468
0.686772427435
0.488882835557
0.861189570957
0.154776819082
0.0251199032212
0.097065223814
0.0777054405146
0.0892198712213
0.0738356134354
0.504594621094
1.23617612618
0.449604607458
0.0687006143525
1.05545478095
0.900208307554
1.03885727547
0.894504670664
0.565017753325
0.940021532659
0.161896742844
0.626716962397
0.403402805151
0.101495716
0.102994579619
0.0125203160693
0.0951897503074
0.446877679664
0.351864719722
0.681332135525
0.356740745463
0.103251139983
0.631818064993
0.676118262814
0.0110924624169
0.62168592947
0.0110924624169
0.799389155478
0.532219690772
0.557841853377
1.15948012933
0.0124239582729
0.795403443802
0.19925848352
0.777751181412
1.40581352755
0.51114800865
0.617532879146
1.00023350694
0.0884289488543
0.209177760305
0.494032842159
0.941917939701
0.156272511628
1.11817353803
1.17367810983
2.37449037502
0.734151867753
