0.00877892381416
0.0194677730613
0.214796787632
0.319144425772
0.252371633989
0.154647947482
0.203209118183
0.139678999221
0.620765470967
0.408702466071
0.473431113942
0.496855150067
0.0245477607295
0.024616378711
0.0246418732897
0.415643355313
0.697707215408
0.433637229716
0.565663987552
0.474770977765
0.215795312181
0.354127347095
0.576815343996
0.398493718611
0.334229872926
0.440408513799
0.563897467568
0.630320708817
0.193860412982
0.382254493904
0.412075314266
0.515485632271
0.577450590924
0.307262010173
0.477316404038
0.220017666691
0.0173422537597
0.702314555718
0.260660226005
0.183690859847
0.334749201225
0.529083527055
0.35556542865
0.315228949668
0.506344005801
0.135266311415
0.0175278922395
0.110960650384
0.080803156032
0.103273094447
0.104550040202
0.298615368331
0.478064096928
0.148575320223
0.034981851863
0.565209450856
0.561695451089
0.251333795583
0.408417759138
0.15931274399
0.540462560256
0.186477380387
0.394825479985
1.97199532128
0.0520670914274
0.0440491785253
0.0296223601774
0.0441123756224
0.337509133941
0.25970559186
0.680873560827
0.239761970594
0.0920021626823
0.457052086303
0.263001505326
0.00459647439242
0.464911446432
0.00459647439242
0.513535689332
0.359747722793
0.364123680257
0.364589701289
0.00877892381416
0.304516738366
0.100557568371
0.38775708272
0.647776336639
0.287712430347
0.198593709905
0.519311824348
0.0246940389815
0.183707227223
0.403499422938
0.474323369568
0.0582861255478
0.563487525944
0.312321189486
0.404277762963
0.170884840413
