0.0172776950136
0.056843444765
0.497683004742
0.851856087857
0.333994594999
0.424235992901
0.659787965416
0.205940238542
1.16937512133
0.685953900847
0.669639708788
0.816984548833
0.00216305299654
0.00219623387879
0.00219706180453
0.564554203877
0.699761453053
0.421497865914
0.824748456217
0.75705639845
0.441970758823
0.695093486334
1.00015556742
0.620852499343
0.772287468974
0.571699483749
0.644520523472
0.644334480091
0.426745527995
0.633051943633
0.733984057187
1.01283387421
0.82136235389
0.807262826101
0.682718945455
0.337549709989
0.0173576992522
0.662846181187
0.237690763361
0.731397442308
0.527094247456
0.828006785104
1.75600865504
0.819585261478
0.742732091999
0.120577506119
0.00435243285972
0.109311280219
0.0789977617059
0.109553328404
0.122759972559
0.849916316672
0.873997351973
0.283255702305
0.0133421364483
1.12503347471
1.02785525417
0.548108880356
0.951788822483
0.354242356986
0.601331736882
0.210911236142
0.631312489117
0.355340547431
0.0897702021553
0.0913493428559
0.017277694868
0.0914562390623
0.636781631783
0.397149022411
0.482419021148
0.276622876388
0.161948117035
0.583043796121
0.61974811747
0.00219707671396
0.794592150873
0.00219707671396
0.737225671217
0.567723488865
0.664699223535
0.626535627228
0.00217171731395
0.701272890423
0.146483310988
0.635384806551
1.0210392118
0.672839852172
0.275351548756
0.796664820254
0.0910022973475
0.170687531681
0.181314154948
0.679422909581
0.116870513325
0.552058688499
0.674764391322
0.688232435459
0.244896447403
