0.00837019154248
0.0266095903691
0.533803674468
0.838798051776
0.421416243401
0.676959784939
0.663027128228
0.174423702535
1.23522089139
0.756612619637
0.859050405078
1.19981036762
0.0375936399756
0.0375973012003
0.0376223253437
0.774701448914
1.04489921672
0.745076002807
0.863294863382
0.756597888239
0.401693194991
0.897830468889
1.14064130615
0.944446965811
0.82098189209
0.942717003142
0.823917008575
0.949040212762
0.614709216822
0.783506988966
0.73044580226
1.2011123573
1.21140774955
0.870338815837
0.950534533766
0.395742648843
0.0671565585991
1.29193864495
0.508604411749
0.782675139802
0.63740061446
2.60602364205
0.828209622036
0.826067937264
1.05203996833
0.204315400784
0.0167253793652
0.0939322246849
0.0746435239309
0.0860620048876
0.0820992592441
0.783612114461
1.10641776884
0.407300715922
0.146424891103
1.23845443119
1.15391987122
0.909154930576
0.800843953974
0.457881150793
0.835871999569
0.169058680787
0.608186835748
0.528081073352
0.0416019490406
0.0425469925571
0.00837019148734
0.042631045257
0.59518297894
0.314091528891
0.584110854947
0.332704800127
0.105458503204
0.749974939669
0.765247859895
0.011762336567
0.896985247639
0.011762336567
0.931667238718
0.749777463771
0.614402506848
0.939409026813
0.00601897709565
0.815666515267
0.137634305999
0.839674137928
1.42702938552
0.726674092874
0.398391858788
1.0483933157
0.0422115572156
0.292668687932
0.614110894004
0.921146680555
0.142189733544
1.025044518
0.912584824983
0.974769744679
0.375085465021
