0.0195050602704
0.0756070660778
0.438605424963
0.694304831754
0.421563569096
0.416681932139
0.466710219952
0.223733338616
1.17155975642
0.814471274402
0.972684747344
1.01079666314
0.0061653730806
0.00623004267385
0.00624808924967
0.814302170658
1.02656655893
0.740256015925
0.860074427411
0.788001508303
0.530854674549
0.955583378796
1.16911175923
0.976240723386
0.83096070014
0.752420022615
0.882300988535
0.969080426571
0.739990533466
0.805614316217
0.688577932122
1.32629134885
1.16587991806
0.88099081888
2.42522576686
0.517857705812
0.0451824447401
0.942760572561
0.604510219889
0.475639574777
0.500909780139
0.952878267428
0.686322732315
0.420761567068
0.848415171386
0.177042187466
0.0125356465117
0.14217843969
0.123138693974
0.142560744252
0.137428422774
0.470201116896
0.978556019599
0.526826728953
0.0882355100413
1.09056265311
0.810223807545
0.821017255973
0.6587949138
0.425213223978
0.821750323516
0.259034382187
0.707653338269
0.477983126232
0.104067753671
0.105655108978
0.0195050601576
0.105761804355
0.582480184058
0.358927519746
0.682285760137
0.30491154977
0.184005574126
0.63980402117
0.522431126476
0.0112527824869
0.79194067936
0.0112527824869
0.711939384119
0.625856964541
0.569796144809
0.892757424665
0.0194890602103
0.845834646891
0.135211085951
0.738074236762
1.17339323542
0.430342085675
0.448945566266
1.03614713945
0.105418779099
0.21315277518
0.433460689276
0.70634391153
0.16681290543
0.863504337897
0.857974831985
0.974748944495
0.385457846344
