0.000473083643291
0.00845291969148
0.0371260036805
0.0248547914124
0.000236056722987
0.0
0.00047307905281
0.0170685487495
0.000236056967696
0.000236056967696
0.00118394994855
0.000473083643291
0.0
0.0265258341138
0.12003019235
0.0
0.00568496027001
0.023183793834
0.000473083643291
0.00620991302736
0.0414666069238
0.0
0.0167523311858
0.000473074974328
0.0
0.000711088027797
0.000467985541349
0.0
0.0153127739661
0.0
0.0
0.0014310489466
0.0286337370248
0.0
0.000711046998273
0.000236056722987
0.0537781524923
0.000437709294771
0.0
0.000473083643291
0.0177397200087
0.000473083643291
0.000950078221675
0.0
0.000236056967696
0.0
0.0191078933585
0.000581490180276
0.020416291598
0.0102105116568
0.00023605684103
0.000473083642621
0.000236056967696
0.000236056967696
0.0
0.00216010675972
0.000236056967696
0.000473042858476
0.00264621599716
0.0
0.000236056967696
0.00647504307368
0.00289849512699
0.000467985541349
0.000236056967696
0.0
0.00423534550863
0.000236056967696
0.00119006242649
0.000711087772848
0.000473042858476
0.0322448491448
0.00119006242649
0.00338778589329
0.000711078763115
0.000711087792599
0.000711088026591
0.000236056967692
0.000236056967696
0.000473083643291
0.000473083643291
0.000711088027797
0.00216010702066
0.0
0.00442480409366
0.0404836931101
0.0360361542572
0.00415053199244
0.000236056940195
0.0583360927248
0.00502948886502
0.0
0.0
0.00216010696405
0.00167304619059
0.0402340052275
0.000711088027791
0.0441019176144
0.0455640814214
0.000812628358539
0.287685628826
0.0754257617997
0.00482186087201
0.000950078221675
0.0
0.0
0.000950034876188
0.000711087772845
0.0152808713108
0.000473083643291
0.000236056967696
0.0
0.000236056967696
0.00812578631584
0.0246419103309
0.0
0.000711088027797
0.0149990953472
0.00023605696769
0.000236056966517
0.00783018162725
0.00462701370918
0.0133726365894
0.0
0.000471936022903
0.0236104368437
0.0343631313945
0.00118423972115
0.0281257194145
0.0426792053832
0.00283418810834
0.000236056967696
0.0392695255916
0.0193247350295
0.000473083643291
0.0
0.000473083643291
0.000711088027797
