0.00180234986852
0.0635860286419
0.14278861868
0.0124634781766
0.000899215514359
0.0
0.0124634727956
0.00270943476341
0.000899216395311
0.000899216395311
0.00451359357921
0.00180234986852
0.0
0.10654129511
0.0370394545093
0.0
0.0794720045399
0.0115874376675
0.00180234986836
0.016755245132
0.137266343721
0.0
0.647191261767
0.0124634559834
0.0
0.00270943476591
0.0124451250096
0.0
0.0682038109503
0.0
0.0
0.00800621460622
0.0410273774804
0.0
0.00270929077426
0.000899215537374
0.14928602461
0.0015198643091
0.0
0.00180234986852
0.0989166862382
0.00446347817661
0.0141122616653
0.0
0.000899216395311
0.0
0.281780367409
0.0119474761574
0.0777664423641
0.142590655683
0.000899216289056
0.00180234986796
0.000899183759987
0.000899216395311
0.0
0.00823690483211
0.000899216395311
0.00180220304318
0.0100942865748
0.0
0.000899216395311
0.00162107411556
0.011056911697
0.00178526173131
0.000899216395311
0.0
0.0312599262914
0.000899216395311
0.0045355984998
0.00270939576394
0.00180220304318
0.115749814117
0.0336493236778
0.0263332596064
0.00270938120375
0.00270943392698
0.00270943476144
0.000899216395297
0.000899216395311
0.00180234986852
0.00180234986852
0.00270943476591
0.110249630232
0.0
0.00400430591729
0.139057158515
0.259887606807
0.0271554447077
0.000899216365369
0.0674384330931
0.162660572203
0.0
0.0
0.0383669278816
0.0844994349776
0.149272218485
0.00270943476588
0.141762892168
0.160429410988
0.00306322512873
0.0166779400485
0.111360941517
0.00343087780716
0.00362050588843
0.0
0.0
0.0036203498452
0.00270943384808
0.0864557073775
0.00180234986852
0.000899216395311
0.0
0.000899216395311
0.0229407027145
0.000899216395311
0.0
0.00270943476591
0.015261990219
0.0114635741958
0.000899216390612
0.00585453343667
0.0303276424313
0.0348127845512
0.0
0.0124546913768
0.00270943476591
0.211053556967
0.00213295065326
0.0386313383695
0.238938767598
0.0309586808685
0.000899216395311
0.0760360823474
0.217193538024
0.0124634781764
0.0
0.0124634781766
0.00232379230325
