0.000139900175164
0.00774152181489
0.0266938071902
0.000139900175164
6.98086970162e-05
0.0
0.000139900175164
0.104797459826
6.98087704289e-05
6.98087704289e-05
0.000350059572331
0.000139900175164
0.0
0.000704722558294
0.0301717861752
0.0
0.00167978092357
6.98087704289e-05
0.000139900175164
0.00844461410205
0.0329435616242
0.0
0.00270943476591
0.000139892018201
0.0
0.000210276512141
0.000138370744582
0.0
0.0271208298043
0.0
0.0
0.000423138520732
0.00152857198295
0.0
0.000210264203284
6.98086970162e-05
0.0214305207116
0.000139900175164
0.0
0.000139900175164
0.00206963472266
0.000139900175164
0.000280940107433
0.0
6.98087704289e-05
0.0
0.0187440534934
0.00021027651214
0.00945478849703
0.012780625833
6.9808745958e-05
0.000139900175034
6.98087704289e-05
6.98087704289e-05
0.0
0.000638650321623
6.98087704289e-05
0.00013988793972
0.000782300520021
0.0
6.98087704289e-05
0.00638862730251
0.000856878958361
0.000138816554776
6.98087704289e-05
0.0
0.00124873892697
6.98087704289e-05
0.000351893315714
0.000210276435656
0.00013988793972
0.0310050481119
0.000351893315714
0.00100073174329
0.000210276511749
0.000210276460127
0.000210276511876
6.98087704276e-05
6.98087704289e-05
0.000139900175164
0.000139900175164
0.000210276512141
0.000638650399905
0.0
0.00103062169108
0.00254572498902
0.0177406189451
0.00960307694137
6.98087700374e-05
0.00599367821142
0.00145263944775
0.0
0.0
0.000638650399905
0.000494678135638
0.0191262695008
0.000210276512139
0.0229983396511
0.0208830218408
0.000255006845039
0.0169570918405
0.0310576053678
0.0010081965948
0.000280940107432
0.0
0.0
0.000280927103987
0.000210276435656
0.0259692410773
0.000139900175164
6.98087704289e-05
0.0
6.98087704289e-05
0.000566514604211
6.98087704289e-05
0.0
0.000210276512141
0.00100206202401
6.98087704269e-05
6.98087700374e-05
0.000711088027797
0.00137702428554
0.00457801518662
0.0
0.00013932636497
0.000210276512141
0.0253606054353
0.000349979885131
0.0241793695194
0.0277433538445
0.000930237430943
6.98087704289e-05
0.0265779490634
0.00877051623264
0.000139900175164
0.0
0.000139900175164
0.000210276512141
