0.00164092564343
0.82832783246
0.0148548555651
0.00164041583324
0.000818691622168
0.0
0.0016409256433
0.00774152181341
0.000818692429707
0.000818692429707
0.00410900897014
0.00694255793907
0.0
0.104970587006
0.0211878122462
0.0
0.216678163932
0.000818692429707
0.00164092564343
0.0144212799021
0.139012093576
0.0
0.0635860286419
0.00164087796414
0.0
0.00472197180623
0.00162410190703
0.0
0.151002890783
0.0
0.0
0.00496588870777
0.013182466896
0.0
0.00246659505657
0.000818691622168
0.0846515117034
0.00145411839625
0.0
0.00164092564343
0.174746698162
0.00694255793907
0.00319792800145
0.0
0.000818692429707
0.0
0.165184991749
0.0023120275146
0.00965438487677
0.150319435179
0.000818692104501
0.00164092564171
0.000818665079633
0.000818692429707
0.0
0.00749833940689
0.000818692429707
0.00164079105354
0.0091887563214
0.0
0.000818692429707
0.0402917653017
0.0100649858256
0.00162759612786
0.000818692429707
0.0
0.121800355394
0.000818692429707
0.00412918014735
0.00246667547341
0.00164079105354
0.0231021806144
0.00412918014735
0.0247545583169
0.00246670732128
0.00246672960037
0.00246673044962
0.000818692429689
0.000818692429707
0.00164092564343
0.00164092564343
0.002466730454
0.0579396026679
0.0
0.0188070330161
0.0293450150369
0.180649151954
0.0195052678585
0.000818692400166
0.048751908661
0.023139161405
0.0
0.0
0.0347722630079
0.10484998445
0.0329047762411
0.00246673045398
0.0240612966043
0.0376727101094
0.00252817973567
0.0072269140156
0.0795890020342
0.0188328530995
0.00329613807888
0.0
0.0
0.0165438200403
0.00246672961266
0.0904488546709
0.00164092564343
0.000817897215889
0.0
0.000818692429707
0.0334890275057
0.0141470413956
0.0
0.002466730454
0.0117752382883
0.000818692429686
0.000818692425525
0.00594221889113
0.0362303101922
0.122503801824
0.0
0.0149248243721
0.002466730454
0.0713833216239
0.00410813241094
0.0192770529745
0.149022126198
0.0318089158971
0.000818692429707
0.0245232014105
0.112978195445
0.00164092564343
0.0
0.00164092564343
0.002466730454
