0.00169448324845
0.0293768191529
0.228052075614
0.0270026196151
0.0133931359541
0.0
0.0142153693603
0.00254725441779
0.000845409099977
0.000845409099828
0.0394855049463
0.0270036257381
0.0
0.0418172102939
0.0725628442638
0.0
0.0141159740974
0.013393141414
0.00169448324845
0.0266389339595
0.0326871444308
0.0
0.139139577573
0.0228439838725
0.0
0.0167830396052
0.0228267218698
0.0
0.0747883145679
0.0
0.0
0.0226086297733
0.0897952403105
0.0
0.00254712237766
0.000845408314115
0.25109090926
0.00150629695137
0.0
0.00169448324845
0.0343176435496
0.0273907176075
0.0524217463918
0.0
0.000845409099977
0.0
0.227179344017
0.00227248784528
0.0799489362206
0.0879490888541
0.000845408942323
0.00169448324763
0.000845409099977
0.000845409099977
0.0
0.00774336258942
0.000845409099977
0.00169434458008
0.00948916157467
0.0
0.000845409099977
0.00921915971158
0.0103940511724
0.00167971232404
0.000845409099977
0.0
0.0137759690914
0.000845409099977
0.0042640178392
0.00254724870951
0.00169434458008
0.232284001103
0.0228988842537
0.0483289116746
0.00254717755376
0.00254725359187
0.00254725441531
0.000845409099968
0.000845409099977
0.00169448324845
0.00169448324845
0.0025472544196
0.00195548920039
0.0
0.0126696141422
0.738122400521
0.277752092534
0.0393668959598
0.000845405017189
0.163523025978
0.161063044083
0.0
0.0
0.0296839403073
0.00599596370532
0.277966951734
0.00254725441958
0.296838698891
0.28915484861
0.00318214171989
0.0401889386274
0.251484986118
0.0129819605859
0.00340375500863
0.0
0.0
0.00340360763359
0.00254725355276
0.0211727099127
0.00169448324845
0.000845409099977
0.0
0.000845409099977
0.0142851894225
0.013393141414
0.0
0.0025472544196
0.0121604041148
0.000845409099955
0.000845409095665
0.00461731368634
0.0429352748947
0.00770856769434
0.0
0.0016899686849
0.0025472544196
0.142135926959
0.0294102161092
0.0908353342048
0.260879385862
0.0442679915102
0.000845409099977
0.191008251034
0.188410454123
0.00169448324845
0.0
0.0142153746278
0.00402162942968
