0.00196606390906
0.0713932765041
0.0993458578054
0.013086593314
0.0121288839942
0.0
0.0130865879671
0.0253614323461
0.000980879892957
0.000980879892806
0.00496067897419
0.00196606390906
0.0
0.0754313555959
0.165760268627
0.0
0.0746976529401
0.0121288893073
0.024426997705
0.171496966749
0.116126100167
0.0
0.211055210724
0.00196601459962
0.0
0.0143418823653
0.00194618131149
0.0
0.070001976976
0.0
0.0
0.0374906577263
0.204547043468
0.0
0.00295543760346
0.000980878985057
0.39705421535
0.00192902115659
0.0
0.00196606390906
0.185722977194
0.00508659331404
0.0261931590259
0.0
0.000980879892957
0.0
0.318224742344
0.0299007411814
0.0727651134218
0.147724684378
0.000980879809194
0.00196606390863
0.000980862980029
0.000980879892957
0.0
0.00898612631333
0.000980879892957
0.00196590484828
0.0110129692264
0.0
0.000980879892957
0.0963725750987
0.0872473169508
0.00195245983135
0.000980879892957
0.0
0.0523323062176
0.000980879892957
0.00494782356968
0.00295557130269
0.0130864342533
0.132041660361
0.0114385144807
0.0248708761034
0.00295552854862
0.0029555891168
0.00295559007598
0.000980879892942
0.000980879892957
0.00196606390906
0.00196606390906
0.00295559008095
0.0936406119055
0.0
0.0147368712997
0.142117698173
0.316783405932
0.177600771129
0.000980879887867
0.156092803423
0.0806463460526
0.0
0.0
0.050350091991
0.071399173554
0.362242942698
0.00295559008092
0.344015836623
0.369243003009
0.00380782537263
0.034066626463
0.106588132436
0.0144876474842
0.00394949694885
0.0
0.0
0.0150145015714
0.00295558908664
0.21108727963
0.00196606390906
0.000980053014199
0.0
0.000980879892957
0.0218601893835
0.000980879892957
0.0
0.00295559008095
0.0141143659354
0.000980879892932
0.000980879887867
0.00659440550717
0.166965414785
0.11251671093
0.0
0.00195474040868
0.00295559008095
0.764636441341
0.0128765541328
0.189162223648
0.357708345415
0.142475811844
0.000980879892957
0.265406283698
0.226676667093
0.0130865933139
0.0
0.0229795262094
0.012921890879
