0.00137680334111
0.174746698424
0.00650479009305
0.0253056679501
0.000686932820225
0.0
0.00137679875063
0.00206963474478
0.00068693350541
0.0246419103308
0.00342724814428
0.00137680334111
0.0
0.200210429004
0.178269760493
0.0
0.149085333451
0.000686928914928
0.0316875072896
0.0918396025264
0.187822600275
0.0
0.0989166865557
0.0013767560439
0.0
0.0408424830309
0.00136252865568
0.0
0.123471192992
0.0
0.0
0.0501423306326
0.0692486807705
0.0
0.00206953108879
0.000686932889589
0.201258806354
0.00129036118319
0.0
0.00137680334111
0.672356421689
0.00137680334111
0.00275678652156
0.0
0.00068693350541
0.0
0.255479111769
0.0018387104883
0.00703259278818
0.242860222671
0.000686933450145
0.00137680334083
0.000686904107355
0.00068693350541
0.0
0.0062902709193
0.00068693350541
0.00137668914363
0.00770776680818
0.0
0.00068693350541
0.244855521647
0.120385742674
0.00137131564155
0.00068693350541
0.0
0.156723446851
0.00068693350541
0.00346428488248
0.00206957562801
0.0163385305389
0.0487191371898
0.0128746144258
0.0244682174595
0.00206962500676
0.0020696340762
0.00206963474458
0.000686933505394
0.00068693350541
0.00137680334111
0.00137680334111
0.00206963474816
0.144816473076
0.0
0.010264006767
0.0343033689477
0.207273565251
0.116344859705
0.000686933501756
0.0840618067142
0.00933017824164
0.0
0.0
0.0318551526767
0.184260593335
0.0783696594074
0.00206963474814
0.11168209318
0.109273187486
0.00231875001507
0.0166994405098
0.0644588229724
0.0100419267632
0.00276545329486
0.0
0.0
0.00276533192816
0.0020696340343
0.206515952489
0.00137680334111
0.00068693350541
0.0
0.00068693350541
0.0181693380175
0.00068693350541
0.0
0.00206963474816
0.0254825114186
0.0245171996771
0.000686933501756
0.0305661901316
0.201689060958
0.246045120048
0.0
0.0402751966792
0.00206963474816
0.185717188893
0.00344642619704
0.0798221109725
0.253019317068
0.154176944581
0.00068693350541
0.0917407120145
0.20835335657
0.00137680334111
0.0
0.00137680334111
0.00206963474816
