0.000966390807726
0.0233555310444
0.220241948424
0.000966390807726
0.000482182860836
0.0
0.0157942408873
0.00145263944732
0.000482183350254
0.000482183350254
0.0171476548723
0.00779424088746
0.0
0.0532572322374
0.00889339503796
0.0
0.0179075039896
0.000482183350254
0.000966390807574
0.000973091231008
0.0590543054626
0.0
0.162741971609
0.0157941747789
0.0
0.00145263944775
0.0157840446836
0.0
0.00327098335098
0.0
0.0
0.0327409782514
0.0447005164519
0.0
0.00145256484965
0.000482182906994
0.129564080811
0.000842312607691
0.0
0.000966390807726
0.00933017818619
0.0309858687329
0.016561697492
0.0
0.000482183350254
0.0
0.151618673984
0.00134241984736
0.0307565132516
0.0936638038196
0.000482183297042
0.000966390807448
0.000482178204272
0.000482183350254
0.0
0.00441397964773
0.000482183350254
0.000966309238095
0.00540803687838
0.0
0.000482183350254
0.00129593130733
0.00592365832957
0.000957040221029
0.000482183350254
0.0
0.00165935469589
0.000482183350254
0.00243132966608
0.00145263399478
0.000966309238095
0.1556978185
0.0492776411012
0.0177190078639
0.00145259635633
0.0014526390314
0.00145263944544
0.00048218335025
0.000482183350254
0.000966390807725
0.000966390807726
0.00145263944775
0.0164183134379
0.0
0.00717655929869
0.161169451244
0.166627984623
0.0485835802495
0.000482183347644
0.0298324764783
0.447354254167
0.0
0.0
0.104371860576
0.00341839501632
0.154567580186
0.00145263944774
0.158494232189
0.1921571764
0.0279846223887
0.00506141363155
0.156580721242
0.00744492542248
0.00194094656278
0.0
0.0
0.0167179774097
0.00145263893785
0.0312897149235
0.000966390807726
0.00048140666486
0.0
0.000482183350254
0.00946185825135
0.000482183350254
0.0
0.00145263944775
0.0134454350873
0.0152097055826
0.000482183347644
0.00564803142864
0.0238052140723
0.0133513694142
0.0
0.0157901244141
0.00145263944775
0.0806615190375
0.00420118708351
0.0281988609134
0.142302412513
0.0465827667511
0.000482183350254
0.0908410942086
0.104556071404
0.000966390807726
0.0
0.0157942408875
0.00523562899837
