9.30781083388e-05
0.00164092564343
0.00132469653142
9.30781083388e-05
4.6445175218e-05
0.0
9.30781083388e-05
0.000139900174895
4.64452241597e-05
4.64452241597e-05
0.000232895545018
9.30781083388e-05
0.0
0.000468635086676
0.0181680806437
0.0
0.00111779107518
4.64452241597e-05
9.30781083388e-05
0.0160589482139
0.0011175707731
0.0
0.00180234986852
9.30781083388e-05
0.0
0.000139900175164
9.20584879503e-05
0.0
0.00127282391359
0.0
0.0
0.000281516978737
0.0151948112105
0.0
0.00013989196926
4.6445175218e-05
0.0126436159055
9.30781083388e-05
0.0
9.30781083388e-05
0.0163386447364
9.30781083388e-05
0.000186403155678
0.0
4.64452241597e-05
0.0
0.0237716886045
0.000139900175164
0.000667130209886
0.00196504428867
4.64451996889e-05
9.30781082083e-05
4.64452241597e-05
4.64452241597e-05
0.0
0.000424893010032
4.64452241597e-05
9.30699513757e-05
0.00052045661467
0.0
4.64452241597e-05
0.0137741336144
0.0197663339928
9.25682981446e-05
4.64452241597e-05
0.0
0.000830457127165
4.64452241597e-05
0.000234118040607
0.000139900124175
0.0752205329263
0.00142913749818
0.000233459627014
0.000665359050103
0.000139900174903
0.000139900124175
0.000139900174903
4.64452241584e-05
4.64452241597e-05
9.30781083388e-05
9.30781083388e-05
0.000139900175164
0.00042489306222
0.0
0.000685373398035
0.00169346362806
0.00970598826778
0.0172174110778
4.64452238987e-05
0.00191123412826
0.000966390807726
0.0
0.0
0.00042489306222
0.000329111379171
0.0101780293967
0.000139900175163
0.011539724605
0.0111089553438
0.000161553539766
0.000398777812736
0.0014817280328
0.000638530706627
0.000186912965872
0.0
0.0
0.000186904296909
0.000139900124175
0.0132892330832
9.30781083388e-05
4.64452241597e-05
0.0
4.64452241597e-05
0.000376902860676
4.64452241597e-05
0.0
0.000139900175164
0.000666652989041
4.64452241584e-05
4.64452238987e-05
0.000473083643291
0.0192964441347
0.0115318638606
0.0
9.25682981446e-05
0.000139900175164
0.0130857664098
0.000232842420218
0.0124634781766
0.0146275504801
0.0197906833159
4.64452241597e-05
0.0136841584022
0.00148172395486
9.30781083388e-05
0.0
9.30781083388e-05
0.000139900175164
