0.00127282391359
0.0402917653017
0.00166122495442
0.00127282391359
0.000635060251334
0.0
0.00127282391359
0.00638862730251
0.000635060887577
0.0131622486129
0.00316403263259
0.00127282391359
0.0
0.0019229485006
0.192455876476
0.0
0.0441177011261
0.000635060887577
0.0265322141407
0.0786891151639
0.0127119686031
0.0
0.00162107411554
0.00127280483441
0.0
0.0161012797956
0.00125956884854
0.0
0.0274584375682
0.0
0.0
0.0289018503214
0.0526399362706
0.0
0.00191321296555
0.000635060297438
0.221704981918
0.00115440984261
0.0
0.00127282391359
0.244855521388
0.00127282391359
0.00254767493298
0.0
0.000635060887577
0.0
0.210572946635
0.0126795400621
0.00914013751173
0.147510348922
0.000635060831057
0.0012728239133
0.000635060887577
0.000635060887577
0.0
0.00581480434129
0.000635060887577
0.00127271787307
0.00712494679661
0.0
0.000635060887577
0.481548543812
0.0953958810962
0.00127282391359
0.000635060887577
0.0
0.0705453701247
0.000635060887577
0.0400374948605
0.00191326532103
0.0137740275739
0.00656316324661
0.00118696857071
0.00905907093398
0.00191329756331
0.00191331154554
0.00191331219151
0.000635060887563
0.000635060887577
0.00127282391359
0.00127282391359
0.00191331219484
0.00581480501973
0.0
0.00947960394817
0.00920590464653
0.176209895078
0.11841988889
0.000635060884184
0.129584348188
0.00122072427184
0.0
0.0
0.00581480498839
0.0045029907537
0.138969199344
0.00191331219482
0.145157526624
0.14228497607
0.00223734361424
0.00550904443943
0.0458700984499
0.00929542989395
0.00255654914636
0.0
0.0
0.00255643644861
0.00191331153196
0.0975459629768
0.00127282391359
0.000635060887577
0.0
0.000635060887577
0.000934181068968
0.000635060887577
0.0
0.00191331219484
0.00912947164065
0.00063506088756
0.000635060884184
0.0306016997517
0.191793325872
0.204115722072
0.0
0.013760118957
0.00191331206031
0.096372574545
0.00318597542153
0.0682038109503
0.241417233
0.102446664604
0.000635060887577
0.0931419591578
0.0138096555925
0.00127282391344
0.0
0.00127282391359
0.00191331219484
