4.64452241597e-05
0.000818692429707
0.000660938912261
4.64452241597e-05
2.31758617792e-05
0.0
4.64452241597e-05
6.98087702943e-05
2.31758862501e-05
2.31758862501e-05
0.000116210313342
4.64452241597e-05
0.0
0.000233730808643
0.000432111112329
0.0
0.000557316567298
2.31758862501e-05
4.64452241597e-05
0.000407236982876
0.000557606075263
0.0
0.00089921639531
4.64452241597e-05
0.0
6.98087704289e-05
4.59354139655e-05
0.0
0.000635060887577
0.0
0.0
0.00014047236572
0.000507383343722
0.0
6.98046674764e-05
2.31758617792e-05
0.00141400930501
4.64452241597e-05
0.0
4.64452241597e-05
0.000686933505409
4.64452241597e-05
9.32672909856e-05
0.0
2.31758862501e-05
0.0
0.00177304228824
6.98087704289e-05
0.0003332514958
0.000980370082763
2.31758617792e-05
4.64452240292e-05
2.31758862501e-05
2.31758862501e-05
0.0
0.000212011954679
2.31758862501e-05
4.64411456782e-05
0.00025969272705
0.0
2.31758862501e-05
0.000635060887577
0.000284449608665
4.59354139655e-05
2.31758862501e-05
0.0
0.000414216510039
2.31758862501e-05
0.000116821561136
6.9808744934e-05
4.64411456782e-05
0.000713041237591
0.000116821561136
0.00033193887104
6.98087702984e-05
6.9808744934e-05
6.98087702984e-05
2.31758862494e-05
2.31758862501e-05
4.64452241597e-05
4.64452241597e-05
6.98087704289e-05
0.000212011980773
0.0
0.000341837577416
0.000844899289783
0.00174116938797
0.000407236958271
2.31758861196e-05
0.000953530121549
0.000482183350254
0.0
0.0
0.000212011980773
0.000164220499267
0.00131540906062
6.98087704282e-05
0.00134875095085
0.00143708113464
6.79078909741e-05
0.000198906091659
0.000739276631205
0.000318469610001
9.32672909856e-05
0.0
0.0
9.3262956504e-05
6.9808744934e-05
0.000792098878607
4.64452241597e-05
0.037621341072
0.0
2.31758862501e-05
0.000188066766153
2.31758862501e-05
0.0
6.98087704289e-05
0.000332636144923
2.31758862494e-05
2.31758861196e-05
0.000236056967696
0.000457088182435
0.00106371563833
0.0
4.64452241597e-05
6.98087704289e-05
0.000980053014199
0.000116183750942
0.000899216395311
0.0017104856155
0.000308798964307
2.31758862501e-05
0.000980879892957
0.000739276602465
4.64452241597e-05
0.0
4.64452241597e-05
6.98087704289e-05
