9.30781083388e-05
0.00164092564343
0.0135780038013
9.30781083388e-05
4.6445175218e-05
0.0
9.30781083388e-05
0.00013990017503
4.64452241597e-05
4.64452241597e-05
0.000232895545018
9.30781083388e-05
0.0
0.000468635086676
0.000866028148745
0.0
0.00111699175717
4.64452241597e-05
9.30781083388e-05
0.0160589482139
0.0011175707731
0.0
0.0124634781766
0.0750941961652
0.0
0.000139900175164
0.0376446100398
0.0
0.0137741336144
0.0
0.0
0.000281516978737
0.00101690132166
0.0
0.00013989196926
4.6445175218e-05
0.0126436159055
9.30781083388e-05
0.0
9.30781083388e-05
0.00137680334111
9.30781083388e-05
0.000186912965872
0.0
4.64452241597e-05
0.0
0.0102195590841
0.000139900175164
0.0171434256399
0.019819220965
4.64451996889e-05
9.30781082083e-05
4.64452241597e-05
4.64452241597e-05
0.0
0.000424893010032
4.64452241597e-05
9.30699513757e-05
0.00052045661467
0.0
4.64452241597e-05
0.00127282391359
0.000570072686721
9.20584879503e-05
4.64452241597e-05
0.0
0.000830457127296
4.64452241597e-05
0.000234118040607
0.000139900124175
9.30699513757e-05
0.0381849540158
0.000196967191088
0.0269109994882
0.000139900174903
0.00013990014967
0.000139900175034
4.64452241591e-05
4.64452241597e-05
9.30781083388e-05
9.30781083388e-05
0.000139900175164
0.00042489306222
0.0
0.000685373398035
0.0228430357961
0.00970598826778
0.000816172159744
4.64452238987e-05
0.0130582391455
0.0157942408875
0.0
0.0
0.00042489306222
0.000329111379029
0.0101780293967
0.000139900175163
0.011539724605
0.0111089553438
0.000161553539766
0.000398777812736
0.0014817280328
0.000638530706627
0.000186912965872
0.0
0.0
0.000186904296909
0.000139900124175
0.0132892330832
9.30781083388e-05
4.64452241597e-05
0.0
4.64452241597e-05
0.000376902860676
4.64452241597e-05
0.0
0.000139900175164
0.000666652989041
4.64452241584e-05
4.64452238987e-05
0.000473083643291
0.000916090906206
0.00213213366389
0.0
9.30781083388e-05
0.000139900175164
0.00196441015154
0.000232842420218
0.0124634781766
0.0146275444716
0.000618874549386
4.64452241597e-05
0.0136841584022
0.00148172803335
9.30781083388e-05
0.0
9.30781083388e-05
0.000139900175164
