0.000234118040607
0.00412918014735
0.00333312491614
0.000234118040607
0.000116821438782
0.0
0.000234118040607
0.000351893315041
0.000116821561136
0.000116821561136
0.000585839762255
0.000234118040607
0.0
0.00118048658808
0.0049666631671
0.0
0.0101310398101
0.000116821561136
0.000234118040607
0.00205331053987
0.00281181824734
0.0
0.0045355984998
0.000234118040607
0.0
0.000351893315714
0.000231568989636
0.0
0.00320255848658
0.0
0.0
0.000708131407787
0.00255844470638
0.0
0.000351872800952
0.000116821438782
0.0883709348555
0.000234118040607
0.0
0.000234118040607
0.00346428476012
0.000234118040607
0.000470151311439
0.0
0.000116821561136
0.0
0.0431466499366
0.000351893315711
0.00168018011043
0.0749218918752
0.000116821561136
0.000234118040607
0.000116821561136
0.000116821561136
0.0
0.00106882278099
0.000116821561136
0.000234097648199
0.00130926436606
0.0
0.000116821561136
0.0400374948605
0.00143408058819
0.000233459627014
0.000116821561136
0.0
0.0782484890526
0.000116821561136
0.141440542542
0.000351871643306
0.000234097648199
0.0035960177063
0.000588896001227
0.00167467548561
0.000351893315058
0.000351893188239
0.000351893315061
0.000116821561133
0.000116821561136
0.000234118040607
0.000234118040607
0.000351893315714
0.00106882291146
0.0
0.00172631351272
0.00426146878822
0.0406536055362
0.002053310417
0.000116821560484
0.0623994706527
0.00243132966608
0.0
0.0
0.00106882291146
0.000827861603201
0.0453065334188
0.000351893315711
0.0522465486742
0.066124977827
0.000470151180969
0.0010042876539
0.00372839423695
0.0016083968063
0.000470151311439
0.0
0.0
0.000470129639031
0.000351893188239
0.0039949696665
0.000234118040607
0.000116821561136
0.0
0.000116821561136
0.000948090713307
0.000116821561136
0.0
0.000351893315714
0.00167710335604
0.000116821561133
0.000116821560484
0.101440542542
0.125840004422
0.0537097758899
0.0
0.000231568989636
0.000351893193359
0.00494368904841
0.000585706950256
0.0045355984998
0.057730216555
0.00130327383994
0.000116821561136
0.0021441270456
0.00372840706245
0.000234118040607
0.0
0.000234118040607
0.000351893315714
