0.000521476284261
0.00920558086966
0.00742945097317
0.000521476284261
0.000260202292665
0.0
0.000521476284261
0.000783830022927
0.000260202561845
0.000260202561845
0.0013050898143
0.000521476284261
0.0
0.00263722522323
0.00485511525613
0.0
0.00626359914182
0.000260202561845
0.000521476284261
0.0045754187336
0.00626678372944
0.0
0.0101126406275
0.000521476284261
0.0
0.000783830024408
0.000515868372124
0.0
0.00713820250129
0.0
0.0
0.0015774615889
0.00570167754117
0.0
0.000783784891931
0.000260202292665
0.0159433747245
0.000521476284261
0.0
0.000521476284261
0.00772204218245
0.000521476284261
0.00104727274978
0.0
0.000260202561845
0.0
0.0199767500991
0.000783830024408
0.00374364973025
0.0110272448713
0.000260202292665
0.000521476282825
0.000260202561845
0.000260202561845
0.0
0.0023811426886
0.000260202561845
0.000521431420964
0.396160154548
0.0
0.000259182941457
0.00713820250129
0.00319513192559
0.000515868372124
0.000260202561844
0.0
0.00467059833193
0.000260202561845
0.00131181354004
0.000783829743964
0.000521431420964
0.00801593924202
0.00131181354004
0.00373513531274
0.000783830022973
0.000783829743964
0.000783830022973
0.000260202561838
0.000260202561845
0.000521476284261
0.000521476284261
0.000783830024408
0.00238114297563
0.0
0.0185323062716
0.00947092728636
0.0196172922694
0.00457540989186
0.000260202509942
0.0107246304705
0.00541823357429
0.0
0.0
0.00238114297563
0.00184422620606
0.0148325190279
0.000783830024401
0.0151822291254
0.0161795711641
0.000768319349652
0.00224265470871
0.0083113027504
0.019061186433
0.00104727274978
0.0
0.0
0.00104722507048
0.000783829743964
0.00890608583645
0.000521476284261
0.000260202561845
0.0
0.000260202561845
0.00211211681911
0.000260202561845
0.0
0.000783830024408
0.0037368808706
0.000260202561838
0.00026020256041
0.00265131434511
0.0051359977232
0.0119666044707
0.0
0.000521476284261
0.000783830024408
0.0110237571171
0.0013047976279
0.0101126406275
0.0192692387816
0.00346879830027
0.000260202561845
0.0110328527834
0.00831130243426
0.000521476284261
0.0
0.000521476284261
0.000783830024408
