0.00111859039349
0.216686956432
0.000362959705362
0.00111859039349
0.000558115322627
0.0
0.00111859039349
0.00168144355718
0.000558115885457
0.000558115885457
0.00280030859904
0.00641958280432
0.0
0.101942893989
0.00511749094644
0.0
0.442940478126
0.000558115885457
0.00111859039349
0.000386242941399
0.0924346497223
0.0
0.0794736031763
0.00111855056838
0.0
0.00393723796579
0.00110686475902
0.0
0.103293412236
0.0
0.0
0.00338447924258
0.0143399537639
0.0
0.00168134919198
0.000558115322627
0.0819337656463
0.000923574463114
0.0
0.00111859039349
0.149085333244
0.00111859039349
0.00224289239368
0.0
0.000558115885457
0.0
0.218326289701
0.013446319311
0.0233308372709
0.157501193445
0.000558115885457
0.00111859039349
0.000558088436879
0.000558115885457
0.0
0.00510966868157
0.000558115885457
0.00111849658841
0.00626066544128
0.0
0.000558115885457
0.0441177011261
0.00685759817969
0.00111081132927
0.000558115885457
0.0
0.16069082044
0.000558115885457
0.0101310398101
0.00168138031026
0.00111849658841
0.0181877506492
0.0101310398101
0.0208534129771
0.00168142034639
0.00168144298526
0.00168144355694
0.000558115885446
0.000558115885457
0.00111859039349
0.00111859039349
0.00168144355989
0.07597694798
0.0
0.00831881989811
0.0141066464174
0.207892803086
0.0148925504032
0.000558115882456
0.0771434599137
0.0176174767649
0.0
0.0
0.0323648925784
0.102698831197
0.0335471390546
0.00168144355987
0.0208826698683
0.0552109439179
0.00176137246331
0.0048352462056
0.0497911665839
0.00816816556512
0.00224669567704
0.0
0.0
0.0154961779004
0.0016814429735
0.0953966741329
0.00111859039349
0.000557316567298
0.0
0.000558115885457
0.00694409465846
0.000558115885457
0.0
0.00168144355989
0.00802166301272
0.000558115885442
0.000558115882456
0.0341714758833
0.0561837011788
0.165677736504
0.0
0.0144036260795
0.00168144350373
0.0746976529401
0.00279969766384
0.0151041026296
0.161943743363
0.0283533832421
0.000558115885457
0.00696972096898
0.0725044214702
0.00111859039349
0.0
0.00111859039349
0.00168144355989
