0.0672215447583
0.00164092564343
0.00132469653142
9.30781083388e-05
4.64452241597e-05
0.0
9.30781083388e-05
0.000139900174895
4.64452241597e-05
4.64452241597e-05
0.000232895545018
9.30781083388e-05
0.0
0.000468635086676
0.000866028148745
0.0
0.00111699175717
4.64452241597e-05
9.30781083388e-05
0.000816172208955
0.0011175707731
0.0
0.00180234986852
9.30781083388e-05
0.0
0.000139900175164
9.20584879503e-05
0.0
0.00127282391359
0.0
0.0
0.000281516978737
0.00101690132166
0.0
0.00013989196926
4.6445175218e-05
0.00283489900635
9.30781083388e-05
0.0
9.30781083388e-05
0.00137680334111
9.30781083388e-05
0.000186912965872
0.0
4.64452241597e-05
0.0
0.00355444316499
0.000139900175164
0.000667883690796
0.00196504428867
4.6445175218e-05
9.30781080777e-05
4.64452241597e-05
4.64452241597e-05
0.0
0.000424893010032
4.64452241597e-05
9.30699513757e-05
0.00052045661467
0.0
4.64452241597e-05
0.00127282391359
0.000570072686721
9.20584879503e-05
4.64452241597e-05
0.0
0.000830457127296
4.64452241597e-05
0.000234118040607
0.000139900124175
9.30699513757e-05
0.00142913749818
0.000234118040607
0.000665363384585
0.000139900174903
0.000139900124175
0.000139900174903
4.64452241584e-05
4.64452241597e-05
9.30781083388e-05
9.30781083388e-05
0.000139900175164
0.00042489306222
0.0
0.000685373398035
0.00169346362806
0.00349052597977
0.000816172159744
4.64452238987e-05
0.00191123412826
0.000966390807726
0.0
0.0
0.00042489306222
0.000329111379171
0.00263723610913
0.000139900175163
0.00270361944158
0.00288073280426
0.000136194165849
0.000398781891217
0.00148172806208
0.000638530706627
0.000186912965872
0.0
0.0
0.000186904296909
0.000139900124175
0.00158761542206
9.30781083388e-05
4.64452241597e-05
0.0
4.64452241597e-05
0.000376902860676
4.64452241597e-05
0.0
0.000139900175164
0.000666652989041
4.64452241584e-05
4.64452238987e-05
0.000473083643291
0.000916090906206
0.00213213366389
0.0
9.30781083388e-05
0.000139900175164
0.00196441015154
0.000232842420218
0.00180234986852
0.00342898890295
0.000618874573857
4.64452241597e-05
0.00196606390906
0.0014817280046
9.30781083388e-05
0.0
9.30781083388e-05
0.000139900175164
