0.000186912965872
0.00329613807888
0.00266076488999
0.000186912965872
9.3267193102e-05
0.0
0.000186912965872
0.000280940106894
9.32672909856e-05
9.32672909856e-05
0.000467706320262
0.000186912965872
0.0
0.000942003069087
0.00173934084813
0.0
0.0022434984044
9.32672909856e-05
0.000186912965872
0.00163919448729
0.00224465643626
0.0
0.00362050588843
0.000186912965872
0.0
0.000280940107433
0.000184873725095
0.0
0.00255654914636
0.0
0.0
0.000565341731076
0.00204241360681
0.0
0.000280923695623
9.3267193102e-05
0.00569757614783
0.000186912965872
0.0
0.000186912965872
0.00276545329486
0.000186912965872
0.00037535183627
0.0
9.32672909856e-05
0.0
0.00714264110768
0.000280940107433
0.00134133628908
0.00394745770808
9.3267193102e-05
0.00018691296535
9.32672909856e-05
9.32672909856e-05
0.0
0.000853291133766
9.32672909856e-05
0.000186896651946
0.0010452334106
0.0
9.32672909856e-05
0.00255654914636
0.00114487826918
0.000184873725095
9.32672909856e-05
0.0
0.00166907920192
9.32672909856e-05
0.000470151311439
0.000280940005453
0.000186896651946
0.00287060073061
0.000470151311439
0.00133671906479
0.000280940106911
0.000280940005453
0.000280940106911
9.3267290983e-05
9.32672909856e-05
0.000186912965872
0.000186912965872
0.000280940107433
0.000853291238142
0.0
0.00137759686545
0.00340171576785
0.00701411363367
0.00163919438886
9.32672904636e-05
0.00383931143207
0.0278585607589
0.0
0.0
0.0455142546986
0.000660926333052
0.00530038137566
0.000280940107431
0.00543193384244
0.00578799130258
0.12533434494
0.000950059424019
0.00297626537581
0.00128348074703
0.0003753518118
0.0
0.0
0.000375334498344
0.000280940005453
0.00318902056218
0.000186912965872
9.32672909856e-05
0.0
9.32672909856e-05
0.000756908395627
9.32672909856e-05
0.0
0.000280940107433
0.00133887488558
9.3267290983e-05
9.32672904636e-05
0.000950078221675
0.00183990463906
0.00428324496363
0.0
0.000186912965872
0.000280940107433
0.00394618943382
0.000467600070662
0.00362050588844
0.00689035391067
0.00124289827051
9.32672909856e-05
0.00394949694885
0.00297626526085
0.000186912965872
0.0
0.000186912965872
0.000280940107433
