0.00180234986852
0.0192770529745
0.0780975852075
0.0233255930842
0.0115874324278
0.0
0.00180234448765
0.024179369492
0.000899216395311
0.0115874376675
0.0258645331235
0.00180234986852
0.0
0.0374472836332
0.149266319736
0.0
0.0151025039933
0.000899211014439
0.0233265983483
0.158357110098
0.0631882423519
0.0
0.0386313383695
0.0124634260778
0.0
0.0352228559344
0.0124451250096
0.0
0.0557628669721
0.0
0.0
0.0107601912708
0.0943885814782
0.0
0.00270929450009
0.000899215560435
0.282921545911
0.00160475224668
0.0
0.00180234986852
0.0798221109151
0.00446347817661
0.0141172311789
0.0
0.000899216395311
0.0
0.239789932543
0.0116829216672
0.118551411604
0.0907172675198
0.000899216235839
0.00180234986768
0.000899216395311
0.000899216395311
0.0
0.00823690483211
0.000899216395311
0.00180220304318
0.0100942865748
0.0
0.000899216395311
0.0682038109503
0.0820217526978
0.00178968995861
0.000899216395311
0.0
0.0163232567216
0.000899216395311
0.0045355984998
0.00270943384809
0.0124633313513
0.140994480047
0.0336493236778
0.026334573828
0.00270938120375
0.00270943395198
0.00270943476172
0.000899216395298
0.000899216395311
0.00180234986852
0.00180234986852
0.00270943476591
0.00186411634211
0.0
0.0199464475973
0.0908020006582
0.213511707398
0.180134068764
0.000899216365379
0.11008036431
0.0279017345644
0.0
0.0
0.0272740099704
0.00637799160527
0.299702406233
0.00270943476588
0.295626647257
0.302542881401
0.00338312221494
0.0267881916535
0.05270141505
0.0199142849361
0.00362050588843
0.0
0.0
0.0142269076204
0.00270943384809
0.148119658021
0.00180234986852
0.000898380987495
0.0
0.000899216395311
0.0012343709753
0.0115874376675
0.0
0.00270943476591
0.012936308631
0.000899216395287
0.000899216390737
0.00585453343667
0.154646376209
0.10063075746
0.0
0.00179164259987
0.00270943476591
0.189160569891
0.00989485731862
0.639193591576
0.339339601843
0.16064174475
0.000899216395311
0.19552316319
0.0428732309638
0.0124634781764
0.0
0.00180234986852
0.00270943476591
