0.00270361944158
0.0240612966043
0.249968484319
0.039709184435
0.0102141445209
0.0
0.0115397197148
0.0229983396246
0.00134875095085
0.0195050602702
0.0235235696107
0.0216960339245
0.0
0.0437911884136
0.198163639688
0.0
0.0208826698683
0.0102141446504
0.0205425357069
0.138050486295
0.0615902844848
0.0
0.141762892168
0.0115396781466
0.0
0.0289816007445
0.0115132144749
0.0
0.0680338907453
0.0
0.0
0.0268428021956
0.192001920115
0.0
0.00406445929158
0.0013487497475
0.543424217993
0.00248433849728
0.0
0.00270361944158
0.111682092936
0.0205414736179
0.0229621135758
0.0
0.00134875095085
0.0
0.413028714232
0.0116266605188
0.120187107467
0.225816239981
0.0013487508126
0.00270361944086
0.00134875095085
0.00134875095085
0.0
0.0123637927876
0.00134875095085
0.00270340736054
0.015155717716
0.0
0.00134875095085
0.145157526624
0.0716644809387
0.00268633884625
0.00134875095085
0.0
0.0115139274266
0.00134875095085
0.0522465486741
0.00406463087749
0.0115395125239
0.259286177452
0.0465284508236
0.027394804192
0.00406456889576
0.00406466024748
0.00406466147172
0.00134875095083
0.00134875095085
0.00270361944158
0.00270361944158
0.00406466147807
0.00227377476696
0.0
0.0204000079056
0.296812188728
0.484705624557
0.130845958243
0.00134875094407
0.22287304131
0.158407411953
0.0
0.0
0.0349101066734
0.00957171267015
0.688278141092
0.00406466147804
0.875899003698
0.700185546598
0.0054273441938
0.0437673794184
0.185741443497
0.020157026828
0.00543193384243
0.0
0.0
0.00543170844654
0.00406466015232
0.109734344706
0.00270361944158
0.00134875095085
0.0
0.00134875095085
0.00985563021244
0.0102141495403
0.0
0.00406466147807
0.0194284081564
0.00134875095082
0.00134875094419
0.0494145639303
0.205217628633
0.124910937062
0.0
0.0026892676578
0.00406466131379
0.344014774478
0.0284416061066
0.295626647257
0.569251479289
0.112818497071
0.00134875095085
0.358489385989
0.200598757261
0.011539724605
0.0
0.011539724605
0.00185177374911
