0.00349154560015
0.180665529881
0.245379653115
0.0160459225831
0.00798850004619
0.0
0.00970700227934
0.0177421483505
0.00174167919817
0.00798850457624
0.0165075350012
0.0160469144017
0.0
0.0913335874287
0.10863500918
0.0
0.207757270516
0.00798850457624
0.0034915456
0.0773075562903
0.192971554204
0.0
0.259905541125
0.00970700380968
0.0
0.0241766620805
0.00967387022554
0.0
0.23511883189
0.0
0.0
0.03568386297
0.130409392278
0.0
0.00524942533163
0.00174167769973
0.561165529004
0.0030484042985
0.0
0.00349154560015
0.207287839937
0.0160458585831
0.0192383179247
0.0
0.00174167919817
0.0
0.649367188364
0.0108687653025
0.126276933006
0.310737204248
0.00174167908679
0.00349154559958
0.00174164496829
0.00174167919817
0.0
0.0159765415789
0.00174167919817
0.00349128049885
0.0195888692994
0.0
0.00174167919817
0.176223150143
0.0256733222136
0.00346891645544
0.00174167919817
0.0
0.153928381704
0.00174167919817
0.040656154587
0.0052495863213
0.00970674278686
0.257221984111
0.0406561545872
0.0551189006672
0.00524957885541
0.00524967559275
0.00524967713089
0.00174167919814
0.00174167919817
0.00349154560015
0.00349154560015
0.00524967713901
0.0745401174637
0.0
0.0265268638147
0.277736288386
0.886167691976
0.0983148263289
0.0375008389602
0.27317747082
0.166542544349
0.0
0.0
0.0700077694423
0.0574394929759
0.511952418125
0.00524967713896
0.484732134687
0.52602652593
0.00622095037484
0.0359663444511
0.279151309705
0.0261710596815
0.00701615287444
0.0
0.0
0.0131680912
0.00524967548182
0.218420831372
0.00349154560015
0.00174078684206
0.0
0.00174167919817
0.0278031768702
0.00798850457624
0.0
0.00524967713901
0.0229432667701
0.00786800247288
0.00174167918981
0.0832139085233
0.130754262227
0.285013366068
0.0
0.0160419574984
0.00524967697134
0.3168024615
0.0145465818937
0.213529614755
0.737502366194
0.0959173666583
0.00174167919817
0.250651351558
0.277773197855
0.00970700788816
0.0
0.00970700788816
0.000414054943586
