0.00196606390906
0.150336258916
0.0864474869568
0.0153796484066
0.000980878938593
0.0
0.00196605870615
0.0127821552602
0.000980879892957
0.0188625365785
0.0226949275726
0.00737964840656
0.0
0.199531054266
0.0604681141693
0.0
0.157511700247
0.000980874690042
0.0291093722665
0.0307370674626
0.209786696942
0.0
0.142608590001
0.0198201883977
0.0
0.00976260525495
0.0198003579878
0.0
0.174939335316
0.0
0.0
0.0460988118294
0.0123354444805
0.0
0.00295544130035
0.000980879008002
0.318227880958
0.00180013545881
0.0
0.00196606390906
0.242874497022
0.0118202405854
0.00386886209213
0.0
0.000980879892957
0.0
0.341967504833
0.00278125294552
0.0695105260633
0.868613149035
0.000980879812597
0.00196606390864
0.000980851343586
0.000980879892957
0.0
0.00898612631333
0.000980879892957
0.00196590484828
0.0110129692264
0.0
0.000980879892957
0.14752318471
0.0111320837059
0.00195385222348
0.000980879892957
0.0
0.290601664385
0.000980879892957
0.074924440926
0.00295550496516
0.00196590484828
0.158511451351
0.0409334257233
0.0207614943485
0.00295554936577
0.00295558919478
0.00295559007626
0.000980879892941
0.000980879892957
0.00196606390906
0.00196606390906
0.00295559008095
0.1549972801
0.0
0.0147368712997
0.0879465398031
0.310750041098
0.0260498955255
0.000980879887867
0.230602388308
0.0934589248495
0.0
0.0
0.0488809639316
0.144493339615
0.209359208339
0.00295559008092
0.225842331552
0.20240247945
0.00341989903016
0.00876665334029
0.0809008760172
0.0143430757458
0.00394949694885
0.0
0.0
0.00394932790244
0.00295558908664
0.150022973681
0.00196606390906
0.000980879892957
0.0
0.000980879892957
0.0133965998421
0.000980879892957
0.0
0.00295559008095
0.0258211374604
0.0209319849349
0.000980879887867
0.0931871970486
0.140904464328
0.234408359576
0.0
0.0354362052951
0.00295558992302
0.147737392518
0.0120718925165
0.0907352018377
0.411599657235
0.0664154505844
0.000980879892957
0.0981733901769
0.235780905512
0.0153796484066
0.0
0.0198202405854
0.00976260525495
