4.64452241597e-05
0.000818692429707
0.0129402407753
4.64452241597e-05
2.31758617792e-05
0.0
4.64452241597e-05
6.98087704289e-05
2.31758862501e-05
2.31758862501e-05
0.000116210313342
4.64452241597e-05
0.0
0.000233730808643
0.000432111112329
0.0
0.000557316567298
2.31758862501e-05
4.64452241597e-05
0.000407236982876
0.0296218505121
0.0
0.0115874376675
4.64452241597e-05
0.0
6.98087704289e-05
4.59354139655e-05
0.0
0.000635060887576
0.0
0.0
0.0296223603223
0.000507383343722
0.0
6.9808745958e-05
2.31758862501e-05
0.0167506312304
4.64452241597e-05
0.0
4.64452241597e-05
0.0246419103065
4.64452241597e-05
9.32672909856e-05
0.0
2.31758862501e-05
0.0
0.00846969268208
6.98087704282e-05
0.0003332514958
0.0210550127118
2.31758862501e-05
4.64452241597e-05
2.31718077685e-05
2.31758862501e-05
0.0
0.000212011954679
2.31758862501e-05
4.64411456782e-05
0.00025969272705
0.0
2.31758862501e-05
0.000635060887577
0.000284449608665
4.59354139655e-05
2.31758862501e-05
0.0
0.0150144694044
2.31758862501e-05
0.000116821561136
6.98044359473e-05
4.64411456782e-05
0.0376223557755
0.000116821561136
0.000331938871039
6.98087702984e-05
6.98087704289e-05
6.98087702984e-05
2.31758862501e-05
2.31758862501e-05
4.64452241597e-05
4.64452241597e-05
6.98087704289e-05
0.0195050602704
0.0
0.000341837577416
0.000844899289783
0.00798799476605
0.000407236958405
2.31758861196e-05
0.000953530121549
0.0153352334235
0.0
0.0
0.0376223603223
0.000164220499267
0.00131540906062
6.98087704282e-05
0.00134875095085
0.00969505608897
9.32672908486e-05
0.000198906091659
0.000739276631205
0.000318469610001
9.32672909856e-05
0.0
0.0
9.3262956504e-05
6.9808744934e-05
0.000792098878607
4.64452241597e-05
2.31758862501e-05
0.0
2.31758862501e-05
0.000188066766153
2.31758862501e-05
0.0
6.98087704289e-05
0.0296217449714
0.0374949941751
2.31758861196e-05
0.000236056967696
0.000457092922666
0.0104913241086
0.0
0.0376208312618
6.98087704289e-05
0.000980879867462
0.000116183750942
0.000899216395311
0.0112527764539
0.000258080139812
2.31758862501e-05
0.000980879892957
0.0376223065091
4.64452241597e-05
0.0
4.64452241597e-05
6.98087704289e-05
