0.000139900175164
0.002466730454
0.0031989420739
0.000139900175164
6.98086970162e-05
0.0
0.000139900175164
0.000210276511867
6.98087704289e-05
6.98087704289e-05
0.000350059572331
0.000139900175164
0.0
0.000704722558294
0.00130176627484
0.0
0.00167904560541
6.98087704289e-05
0.000139900175164
0.00122681990746
0.00167991412931
0.0
0.00232379230325
0.000139900175164
0.0
0.000210276512141
0.000138370744582
0.0
0.00191331219484
0.0
0.0
0.000423138520732
0.00152857198295
0.0
0.000210264203284
6.98086970162e-05
0.00426273301653
0.000139900175164
0.0
0.000139900175164
0.00206963474816
0.000139900175164
0.000280940107433
0.0
6.98087704289e-05
0.0
0.000958140614424
0.000166198312106
0.00643523848837
0.00976107582437
6.98087202891e-05
0.000139900174899
6.98087704289e-05
6.98087704289e-05
0.0
0.000638650321623
6.98087704289e-05
0.00013988793972
0.000782300520021
0.0
6.98087704289e-05
0.00191331219484
0.000856878958361
0.000138370744582
6.98087704289e-05
0.0
0.00124873892711
6.98087704289e-05
0.000351893315714
0.000210276435656
0.00013988793972
0.00214831510679
0.000351893315714
0.0010002859331
0.000210276511749
0.000210276435656
0.000210276511749
6.98087704269e-05
6.98087704289e-05
0.000139900175164
0.000139900175164
0.000210276512141
0.000638650399905
0.0
0.0054250640934
0.00399627002966
0.000412960447997
0.00122681542283
6.9808744335e-05
0.0028731487792
0.00523562899837
0.0
0.0
0.0140008081603
0.000494678135784
0.000641193498749
0.000210276512139
0.00185177374911
0.00150979369313
0.000211502507386
0.000599630915454
0.00357798144235
0.0057363315326
0.000280940107433
0.0
0.0
0.000280927103851
0.000210276435656
0.00238657929788
0.000139900175164
6.98087704289e-05
0.0
6.98087704289e-05
0.000566514604211
6.98087704289e-05
0.0
0.000210276512141
0.00100206202401
6.98087704269e-05
6.98087700374e-05
0.000711088027797
0.00137702428554
0.0032052959575
0.0
0.000139900175164
0.000210276512141
0.0129194102427
0.0138100331387
0.00270943476591
0.00361516495817
0.000835440430885
6.98087704289e-05
0.00362652796173
0.00927826932321
0.000139900175164
0.0
0.0266494431978
0.0937779098474
