0.000667883690796
0.00965438487677
0.0426157345622
0.0340868548583
0.000333251153208
0.0
0.000667878637631
0.00945478849703
0.0003332514958
0.0003332514958
0.00706186901983
0.00914342563994
0.0
0.0363007786176
0.0385389620169
0.0
0.0233308372709
0.000333246442636
0.000667883690645
0.0466455737392
0.058030113519
0.0
0.0777664423641
0.0171433539354
0.0
0.00100390807664
0.0171362882972
0.0
0.0311377790565
0.0
0.0
0.00202045147196
0.00793119858069
0.0
0.0010038506353
0.000333251153208
0.112135576011
0.000606966012043
0.0
0.000667883690796
0.0070325927598
0.000667883690796
0.00134058280817
0.0
0.0003332514958
0.0
0.126377620073
0.00100390807663
0.311350815234
0.0695033887206
0.0003332514958
0.000667883690796
0.0003332514958
0.0003332514958
0.0
0.00304995203366
0.0003332514958
0.000667826592054
0.00373651204311
0.0
0.0003332514958
0.00914547074044
0.00409274555895
0.000660746348076
0.0003332514958
0.0
0.00598966530191
0.0003332514958
0.00168018011043
0.00100390771971
0.000667826592054
0.110341422967
0.0155328651701
0.0267649358721
0.00100388172633
0.00100390781292
0.00100390807527
0.000333251495797
0.0003332514958
0.000667883690796
0.000667883690796
0.00100390807664
0.00860955800071
0.0
0.00494563178091
0.0799417988779
0.126269795663
0.00538627020331
0.000333251493973
0.0268842803801
0.0307565132516
0.0
0.0
0.0404174384011
0.00236216245561
0.133022040779
0.00100390807663
0.120187107467
0.133105028438
0.00133831153621
0.0198961454234
0.058886823992
0.00494441643614
0.00134133628908
0.0
0.0
0.0177673886532
0.0010039077197
0.04739529685
0.000667883690796
0.000332498014891
0.0
0.0003332514958
0.00246445418731
0.0003332514958
0.0
0.00100390807664
0.00478688189659
0.000333251495791
0.000333251493973
0.0184164237927
0.020266355463
0.00973125628864
0.0
0.00066485930324
0.00100390807664
0.0727651132867
0.0189518770592
0.118551411604
0.0804088762414
0.0181356078131
0.0003332514958
0.043191481314
0.037964739062
0.0171434256398
0.0
0.0171434256399
0.00643523848837
