0.00142914646691
0.0231023285968
0.22421938048
0.0148359029954
0.0141470358623
0.0
0.0148369112312
0.0310050615638
0.000713045721953
0.0266028103135
0.0334566671866
0.0285458099092
0.0
0.0539749856312
0.0951170057791
0.0
0.0181853526958
0.0141470353234
0.00142914646677
0.0458953058604
0.118951048044
0.0
0.115873686584
0.0383121505452
0.0
0.0223737263121
0.0382974456623
0.0
0.0562786246776
0.0
0.0
0.0520597770551
0.0969604763121
0.0
0.00214822110569
0.000713045082894
0.287176153382
0.00131844465511
0.0
0.00142914646691
0.0487846441669
0.0285447376733
0.016069395818
0.0
0.000713045721953
0.0
0.219046186217
0.0019733295001
0.110467545258
0.158621259874
0.000713045641456
0.00142914646649
0.000713041643472
0.000713045721953
0.0
0.00652964674725
0.000713045721953
0.00142902819094
0.00800120336094
0.0
0.000713045721953
0.00663837028423
0.0087641459105
0.00141606914786
0.000713045721953
0.0
0.0267514909102
0.000713045721953
0.00359604380678
0.00214832351154
0.00142902819094
0.66970316216
0.102726500004
0.0409359021745
0.0021482388295
0.00214832802152
0.00214832855688
0.000713045721953
0.000713045721953
0.00142914646691
0.00142914646691
0.00214832855988
0.053601202638
0.0
0.0106594316327
0.23239333517
0.257208038191
0.0389973522626
0.000713045718168
0.148452331802
0.15582335537
0.0
0.0
0.0678884068594
0.00505640901273
0.279166263277
0.00214832855986
0.259287065336
0.306542366988
0.00284141426348
0.0319847541317
0.171799065856
0.0107476727691
0.00287061866805
0.0
0.0
0.0162254354835
0.00214832782052
0.0614063322343
0.00142914646691
0.000712250508135
0.0
0.000713045721953
0.00842154835623
0.000713045721953
0.0
0.00214832855988
0.0388113839266
0.0374977477651
0.000713045718168
0.00926405407748
0.0393986796049
0.0592016303426
0.0
0.038305439819
0.00214832855988
0.132116940965
0.0145497736226
0.140995428049
0.239875154693
0.0491038781901
0.000713045721953
0.177211540899
0.163168380115
0.0148369112312
0.0
0.00142914646691
0.00214832855988
