0.000816172208955
0.0144212799023
0.00222482380944
0.000816172208955
0.000407236566871
0.0
0.000816172208955
0.00844461410205
0.000407236982876
0.000407236982876
0.00204291932752
0.000816172208955
0.0
0.00413993007677
0.132870032282
0.0
0.000386242941399
0.000407236982876
0.0316875072896
0.358415324638
0.00292262868223
0.0
0.016755245132
0.0160588718406
0.0
0.00122681990746
0.0160502814406
0.0
0.0149275547044
0.0
0.0
0.0331397888112
0.0787885609255
0.0
0.00122675762084
0.000407236613039
0.121751494201
0.000717373398035
0.0
0.000816172208955
0.091839602498
0.000816172208955
0.00163407769374
0.0
0.000407236982876
0.0
0.135701344324
0.0145482301218
0.0466455737392
0.0307288209375
0.000407236901776
0.000816172208533
0.000407236982876
0.000407236982876
0.0
0.00372748743863
0.000407236982876
0.000816102874768
0.00456675154207
0.0
0.000407236982876
0.0786891151639
0.119259483867
0.000812030049248
0.000407236982876
0.0
0.00732911112289
0.000407236982876
0.00205331054002
0.00122681947405
0.0160588788797
0.0458952296264
0.00195076028504
0.010173849985
0.00122680145375
0.00122681951351
0.00122681990544
0.000407236982869
0.000407236982876
0.000816172208955
0.000816172208955
0.00122681990746
0.00372748788223
0.0
0.00605232300293
0.0266302671862
0.077298889517
0.104740895813
0.000407236980657
0.0828018076224
0.000907691825548
0.0
0.0
0.00372748785152
0.00288682636206
0.132829733154
0.00122681990745
0.138050486295
0.148287683824
0.00154702086618
0.00557829048291
0.0275178177611
0.00568149958868
0.00163919448729
0.0
0.0
0.0016391208011
0.00122681947405
0.206482133104
0.000816172208955
0.000407236982876
0.0
0.000407236982876
0.00330625625781
0.000407236982876
0.0
0.00122681990746
0.00585076249243
0.000407236982865
0.000407236980657
0.00415053678903
0.139042016772
0.0639267911623
0.0
0.000810122162838
0.00122681990746
0.171495889631
0.00204246776672
0.158357110098
0.217190590527
0.119417018197
0.000407236982876
0.155592926274
0.0159100451673
0.0160589482137
0.0
0.000816172208955
0.00122681990746
