0.000376902860677
0.0334890275057
0.00563882283713
0.000376902860677
0.000188066570387
0.0
0.000376902860677
0.000566514603396
0.000188066766154
0.000188066766154
0.000943200730956
0.000376902860677
0.0
0.0047394179273
0.00348696799306
0.0
0.0069432953403
0.000188066766154
0.000376902860677
0.00330625625782
0.0240923328918
0.0
0.0229407027145
0.000376889686435
0.0
0.000566514604214
0.000372824379123
0.0
0.000934181068968
0.0
0.0
0.00114006811648
0.00157669603279
0.0
0.000566481780594
0.000188066570387
0.0142971823568
0.000325232145665
0.0
0.000376902860677
0.0181693380175
0.0132204134019
0.00068939008261
0.0
0.000188066766154
0.0
0.0135350224684
0.000456169052978
0.00246445418731
0.0133925213606
0.000188066664515
0.00037690286014
0.00018806196899
0.000188066766154
0.0
0.00172083746363
0.000188066766154
0.000376870232825
0.00210803814076
0.0
0.000188066766154
0.000934181068968
0.00230900717994
0.000373248790628
0.000188066766154
0.0
0.00163383928184
0.000188066766154
0.00094809071331
0.000566509525554
0.000376870232825
0.00842151248146
0.00094809071331
0.0232202559675
0.000566505520841
0.000566514396116
0.000566514603145
0.00018806676615
0.000188066766154
0.000376902860677
0.000376902860677
0.000566514604214
0.00427659053243
0.0
0.00176525577503
0.0142397619336
0.0277995228002
0.00298911327104
0.000188066738678
0.00774720450459
0.00946185825136
0.0
0.0
0.00941344059301
0.00548828047243
0.00598838109915
0.000566514604208
0.00985563021244
0.00879536619298
0.00057844068056
0.00808862207993
0.0451079194014
0.00195191784657
0.00075690839563
0.0
0.0
0.000756873719635
0.000566514400254
0.00140677307901
0.000376902860677
0.000188066766154
0.0
0.000188066766154
0.221592031351
0.000188066766154
0.0
0.000566514604214
0.0122332705939
0.000188066766149
0.00018806676511
0.00191606267449
0.00537186740972
0.00311054501562
0.0
0.000375651898859
0.0213859801585
0.02185936245
0.000943540643261
0.0012343709753
0.0148833733301
0.0216557746108
0.000188066766154
0.0212118991517
0.0145736119546
0.000376902860677
0.0
0.000376902860677
0.000566514604214
