9.30781083388e-05
0.00164092564343
0.00132469653142
9.30781083388e-05
4.6445175218e-05
0.0
9.30781083388e-05
0.000139900174895
4.64452241597e-05
4.64452241597e-05
0.000232895545018
9.30781083388e-05
0.0
0.000468635086676
0.0360204563389
0.0
0.00111859039319
4.64452241597e-05
0.0672215325286
0.0316875072898
0.00111859039323
0.0
0.00180234986852
9.30781083388e-05
0.0
0.000139900175164
9.20584879503e-05
0.0
0.00127282391359
0.0
0.0
0.000281516978737
0.0297018972712
0.0
0.00013989196926
4.6445175218e-05
0.0476370952689
9.30781083388e-05
0.0
9.30781083388e-05
0.0316875072898
9.30781083388e-05
0.000185893345483
0.0
4.64452241597e-05
0.0
0.003554443165
0.000139900175164
0.000667883690796
0.0291083526462
4.6445175218e-05
9.30781080777e-05
4.64452241597e-05
4.64452241597e-05
0.0
0.000424893010032
4.64452241597e-05
9.30699513757e-05
0.00052045661467
0.0
4.64452241597e-05
0.0265322141409
0.039710182524
9.30781083388e-05
4.64452241597e-05
0.0
0.000830457127035
4.64452241597e-05
0.000234118040607
0.000139900124175
9.30699513757e-05
0.00142913749818
0.000234118040607
0.000665363384585
0.000139900174903
0.000139900124175
0.000139900174903
4.64452241584e-05
4.64452241597e-05
9.30781083388e-05
9.30781083388e-05
0.000139900175164
0.00042489306222
0.0
0.000685373398035
0.00169346362806
0.00349052597977
0.0340878691085
4.64452238987e-05
0.0672215440362
0.000966390807726
0.0
0.0
0.00042489306222
0.000329111379171
0.0178573056643
0.000139900175163
0.0205425357069
0.0194923859303
0.000186912913684
0.000398773734254
0.00148172800352
0.000638530706627
0.000186912965872
0.0
0.0
0.000186904296909
0.000139900124175
0.0252235874229
9.30781083388e-05
4.64452241597e-05
0.0
4.64452241597e-05
0.000376902860676
4.64452241597e-05
0.0
0.000139900175164
0.000666652989041
4.64452241584e-05
4.64452238987e-05
0.000473083643291
0.0383444114823
0.0211037568668
0.0
9.20584879503e-05
0.000139900175164
0.0244269976541
0.000232842420218
0.0233265983483
0.0260793134532
0.0397101824589
4.64452241597e-05
0.0256435143946
0.00148171990512
9.30781083388e-05
0.0
9.30781083388e-05
0.000139900175164
