0.00101690132166
0.013182466896
0.0317462638749
0.00101690132166
0.000507382829834
0.0
0.0151948112103
0.00152857198104
0.000507383343722
0.000507383343722
0.00563958881238
0.00719481121047
0.0
0.00516847905745
0.144767068908
0.0
0.0143399537637
0.0147105976677
0.029701897271
0.0787885609255
0.0408252460236
0.0
0.0410273774804
0.00101689724318
0.0
0.0191432853821
0.00100619530758
0.0
0.00572080957353
0.0
0.0
0.00915222689825
0.439319367174
0.0
0.0015284895395
0.000507382852865
0.253613228359
0.00101690132166
0.0
0.00101690132166
0.0692486807705
0.00719481121047
0.0160704421429
0.0
0.000507383343722
0.0
0.177212432085
0.00128077288984
0.00793119858069
0.0123247384664
0.000507383287977
0.00101690132137
0.000507383343722
0.000507383343722
0.0
0.00464484199333
0.000507383343722
0.00101681567354
0.00569097101046
0.0
0.000507383343722
0.0526399362706
0.109816828583
0.00101017640181
0.000507383343722
0.0
0.00914769867034
0.000507383343722
0.00255844470638
0.00152857144756
0.0151947255624
0.0968912312585
0.0116715571899
0.0131441875666
0.00152852455692
0.00152857143835
0.00152857198013
0.000507383343716
0.000507383343722
0.00101690132166
0.00101690132166
0.00152857198295
0.0046448425413
0.0
0.00755528590243
0.0897845342639
0.130398686264
0.129761876908
0.000507383340982
0.114259239115
0.0446313656023
0.0
0.0
0.00566195052439
0.00359715057818
0.207877938053
0.00152857198294
0.192001920115
0.209547511968
0.00204162664524
0.0285965074533
0.0586017074779
0.00747533117107
0.00204241360681
0.0
0.0
0.0161692759405
0.00152857144756
0.0785395948294
0.00101690132166
0.00050659693013
0.0
0.000507383343722
0.00157669603279
0.000507383343722
0.0
0.00152857198295
0.00729150446925
0.000507383343709
0.000507383340982
0.000383610569961
0.118285334146
0.0301798019818
0.0
0.00101164947613
0.00152857198295
0.204547043195
0.0025450506923
0.0943885814782
0.176610077967
0.142434828308
0.000507383343722
0.108045453223
0.078703616601
0.00101690132166
0.0
0.00101690132166
0.00152857198295
