0.544976716109
0.0898185310125
0.0265048965325
0.0506298577249
0.00485030343621
0.00106763386339
0.0140194216431
0.0
0.00269041774767
0.0104771452769
0.0
0.0340339738241
0.000532693861314
0.00212821544998
0.0
0.0
0.0632337512024
0.059505510623
0.00152792135476
0.00322844911761
0.0747252011603
0.0162533433354
0.00160208229534
0.00377670074105
0.0574450263089
0.0
0.00376968284815
0.00338076056704
0.0
0.000532693863777
0.00106763386339
0.00268612225024
0.0
0.00841605221342
0.0904347036423
0.000532693864185
0.000532693864185
0.000532693864185
0.0105247117893
0.0172359287473
0.0
0.00105608541495
0.000532693864185
0.0
0.0
0.000532693861314
0.0
0.000532693864185
0.000532693864185
0.000532693864185
0.000532693864185
0.00053269386417
0.000532693864185
0.000532693864185
0.000532693864185
0.000532693864185
0.000532693864185
0.000532693864185
0.00160483903351
0.000532693864185
0.0
0.000532693864185
0.0
0.0
0.00105501003912
0.0
0.000532693864185
0.0
0.0
0.0
0.0
0.00268612225024
0.0
0.000532693864185
0.0404912668396
0.0064476109124
0.00708769748749
0.0354696479766
0.012856246264
0.00323023960033
0.0
0.0271105002167
0.0079299209218
0.022717983775
0.00325702551674
0.0
0.000715633863392
0.0
0.0543498011241
0.00106763386339
0.0
0.0
0.0
0.0010675441368
