0.0207971397694
0.00358925767052
0.00361802525216
0.00301838187821
0.00336123330302
0.00350924237538
0.00245280181496
0.0394148304499
0.00241144241496
0.00173934084813
0.00046810773618
0.000280940107433
9.32672909856e-05
0.000660926333051
0.0
0.00144019590561
0.00399621096718
9.32672909856e-05
0.029692451727
0.000186912863892
0.000470151311436
0.037386270352
9.32672909856e-05
0.000280940107302
9.32672909856e-05
0.0376213360749
0.0
0.00204188645869
0.0
0.000470134973042
9.32672909856e-05
9.32672909849e-05
0.000660926333052
9.12280502087e-05
0.00351102100506
0.0377628279661
0.0
0.000280922769506
0.0
0.0297628150605
0.0
0.00318819075153
0.142350005315
0.00124289827051
0.000470151206933
0.000280935623201
9.32672909856e-05
0.000186912965872
0.000280940107433
0.029692451727
9.32672909856e-05
0.000186912965869
0.000950078221675
0.0381911856378
0.00124289827051
0.00287059970713
0.00276544095744
0.00245278550052
0.00308239784458
0.00312502056218
0.00383701619077
0.00467188417931
0.00383727219129
0.0203675954426
0.0143836368062
