0.020988322087
0.00447635476402
0.00453229098477
0.00378135929982
0.00421118521583
0.00439619656361
0.00307258024593
0.00317312491614
0.00307258024593
0.00217876742133
0.000586346950256
0.000351893315714
0.000116821561136
0.000827861603911
0.0
0.00180402153729
0.00500655119384
0.000116821561136
0.000234118040607
0.000234117913132
0.000588896001223
0.000234118040607
0.000116821561136
0.000351893315714
0.000116821561136
0.000116821561136
0.0
0.00255842303397
0.0
0.187877071143
0.0376223603223
0.0376223602897
0.075576314562
0.0374959273941
0.0515029003791
0.0378100270699
0.0
0.000351880312139
0.0
0.000351871643306
0.0
0.0150384560808
0.000470151189084
0.00155686796241
0.000588891792276
0.000351893315714
0.000116821561136
0.000234118040607
0.000351893315714
0.000234118040607
0.000116821561136
0.000234118040603
0.00119006242649
0.00106880251906
0.00155686796241
0.00359602010562
0.0034642643626
0.00307255985287
0.00386138058832
0.0039149696665
0.00480689072779
0.00585322334357
0.00480721072845
0.0135971789449
0.0174422584596
