0.000329111379171
0.000494678135784
0.000164220499267
0.0
0.0
0.0
0.0
0.0
0.0
0.000164220499267
0.000660926333052
0.000164220499267
0.000164220499267
0.000494678134871
0.0
0.000164220499267
0.0
0.000329111379171
0.000329111379171
0.00049467813578
0.000494678135784
0.000164220499267
0.00149901989029
0.000164191949896
0.0
0.000164220499267
0.000164220499267
0.000995489651441
0.000827861603911
0.000164220499267
0.000827861603911
0.0
0.0
0.000660926333052
0.0
0.000494678135784
0.000164220498353
0.00133284724656
0.000317162335704
0.0217634048078
0.000164220499267
0.0284682490639
0.000660926333052
0.000164220499267
0.000164220499267
0.00377670074105
0.000329111379171
0.000660894199681
0.000827861603911
0.0
0.0
0.0
0.000329111379171
0.0
0.000164220499267
0.0296223603223
0.0
0.0
0.0
0.0
0.0
0.0280985236191
0.0360885331942
0.0
0.000329111379171
0.00306323977421
0.0173497612983
0.0
0.000827223666239
0.0
0.0
0.000164220499267
0.000164220499267
0.029861279898
0.0
0.000660926333052
0.23886580797
0.000164220499267
0.000827351793717
0.00066092184882
0.000329111379171
