4.64452241597e-05
6.98087704289e-05
2.31758862501e-05
0.0
0.0
0.0
0.0
0.0
0.0
2.31758862501e-05
9.32672909856e-05
2.31758862501e-05
2.31758862501e-05
6.98087702984e-05
0.0
2.31758862501e-05
0.0
4.64452241597e-05
4.64452241597e-05
6.98087704282e-05
6.98087704289e-05
2.31758862501e-05
0.000211502170579
2.31718077685e-05
0.0
2.31758862501e-05
2.31758862501e-05
0.00014047236572
0.000116821561136
0.0376204437054
0.000116821561136
0.0
0.0
9.32672909856e-05
0.0
6.98087704289e-05
2.31758861196e-05
0.000188066766154
4.44493704174e-05
4.64451986649e-05
2.31758862501e-05
0.00226656223139
9.32672909856e-05
2.31758862501e-05
2.31758862501e-05
0.000532693864185
4.64452241597e-05
9.3262700504e-05
0.000116821561136
0.0
0.0
0.0
4.64452241597e-05
0.0
2.31758862501e-05
2.31758862501e-05
0.0
0.0
0.0
0.0
0.0
0.00619879684489
0.0054817778306
0.0
4.64452241597e-05
0.000432111112329
0.000139834555526
0.0
0.000116821535641
0.0
0.0
2.31758862501e-05
2.31758862501e-05
0.00265475777829
0.0
9.32672909856e-05
0.000164216164651
2.31758862501e-05
0.000116821561136
9.32672909856e-05
4.64452241597e-05
