0.0672215447583
0.0296689932065
3.04452241597e-05
0.0
0.0
0.0
0.0
0.0
0.0
4.64452241597e-05
0.000186912965872
4.64452241597e-05
4.64452241597e-05
0.000139900174903
0.0
0.0296223603223
0.0
9.30781083388e-05
9.30781083388e-05
0.0296689932065
0.000107900175164
4.64452241597e-05
0.000423873441831
4.64370671966e-05
0.0
4.64452241597e-05
4.64452241597e-05
0.000281516978737
0.000234118040607
4.64452241597e-05
0.000234118040607
0.0
0.0
0.000186912965872
0.0
0.000139900175164
4.64452238987e-05
0.000376902860677
8.91813751413e-05
9.3078057349e-05
4.64452241597e-05
0.000662460899703
0.029692451727
4.64452241597e-05
4.64452241597e-05
0.0010676289345
9.30781083388e-05
0.000186903784909
0.000234118040607
0.0
0.0
0.0
9.30781083388e-05
0.0
4.64452241597e-05
4.64452241597e-05
0.0
0.0
0.0
0.0
0.0
0.000662460899703
0.000337496645273
0.0
9.30781083388e-05
0.000866028148745
0.000280241332854
0.0
0.000234117989616
0.0
0.0
4.64452241597e-05
4.64452241597e-05
0.00108828563421
0.0
0.000186912965872
0.00032910678842
4.64452241597e-05
0.000234118040607
0.000186912965872
9.30781083388e-05
