0.286496207708
0.328414988991
0.155994759581
0.20458939144
0.0561160664424
0.059406279602
0.0145542724458
0.160389167472
0.016094656947
0.0530744323241
0.424149917039
0.100480844412
0.171836009412
0.284941022992
0.0029555842202
0.286758485647
0.676563120008
0.286641640218
0.0366557454332
0.247240969053
0.418520588578
0.026148375092
1.64770208709
0.808349994558
0.321841477418
0.285514586308
0.160766433259
0.199384730777
0.0913214955918
0.166491304377
0.501589073765
0.226351773762
0.474260518939
0.412088541881
0.146408411644
0.284817112034
0.221510103956
0.254686734939
0.205036473957
0.151250435233
0.412923278709
0.359099873158
0.40046637661
0.37643754867
0.373509245732
0.512642244
0.324855427812
0.22781746641
0.376183310688
0.343519362471
0.0525395015201
0.311936776569
0.472041782521
0.212935352311
0.0679728428723
0.184056311762
0.0176940511435
0.398335785973
0.0702786106421
0.0
0.0782208649318
0.289821751129
0.391496947283
0.0
0.0712001690214
0.137280328901
0.0740005922121
0.378104192757
0.117240221278
0.0
0.319829508739
0.224551832353
0.23126811343
0.319557367127
0.504025436164
0.196691883426
0.257920650037
0.120294651878
0.209230114546
0.282631745789
0.211922948833
0.225578102765
0.10990543431
0.3517652822
0.105068863073
0.0634407458601
0.522193865086
0.0606050703938
0.0086739947568
0.313849433228
0.113048435626
0.00592672291312
0.465100194195
0.0
0.00592672291312
0.0029555842202
0.408872553416
0.122602569347
0.0086739947568
0.191254239696
0.20021094867
0.352514527228
0.0160559164209
0.292200714018
0.0029555842202
0.0381167218994
0.151646463032
0.0389296075152
0.235901475674
0.0652644617797
0.296646680903
0.156313080566
0.226821225559
0.309513909759
0.421089689898
0.455818678408
0.512164341753
0.0420929200739
0.179458643967
0.367192619014
0.0086739947568
0.413309917114
0.264552622293
0.0029555842202
0.249575820176
0.0430452787969
0.124669964202
0.0431713197689
0.115343700202
0.190220431284
0.0449216049851
0.0174297426847
0.138416675127
0.186874125214
0.273984254224
0.390470674946
0.092602365648
0.154671282944
0.166678391845
0.180075461116
0.00592672291312
0.00592672291312
0.00592672291312
0.00592672291312
0.00592672291312
0.00592672291312
0.00592672291312
0.358279991756
0.327625794697
0.168120708279
0.198485998577
0.308903531277
0.369778086534
0.0215352186476
0.0542307471039
0.0
0.0567965800909
0.0810531788012
0.0428082187597
0.156610388244
0.32357492064
0.313821874472
0.358952274442
0.181861278002
0.447263725203
0.335291306227
0.228147464562
0.219312818551
0.526892867984
0.439039399085
0.172690594327
0.234156848132
0.366674447229
0.488803278779
0.172690594327
0.322488233457
0.486227975877
0.270446516523
0.269927476247
0.496746790823
0.562886508968
0.283273740614
0.280185780228
0.291470501675
0.276867245182
