0.0315190689799
0.0453563742681
0.162522956253
0.0629787634712
0.0307025512274
0.0603050835945
0.0518064901451
0.0714066485552
0.00387417769586
0.169332709699
0.520579936824
0.0765877340436
0.192816682687
0.253306377095
0.00193246664915
0.101678177264
0.472596390961
0.144686945306
0.0525109874049
0.186523213601
0.188819047872
0.0282721877811
0.184056311762
0.138037534356
0.399542148315
0.317188517157
0.228031150582
0.260545638042
0.0877403929159
0.216947114657
0.441382799993
0.101425070346
0.272295754808
0.382353668153
0.100195106755
0.115820890489
0.150239390991
0.196918323281
0.16631194229
0.16582299058
0.338390589522
0.168361709789
0.371636775678
0.282431432222
0.255898482219
0.198340850021
0.24230624232
0.294630466799
0.165852330641
0.338776784324
0.0382321353336
0.175651772155
0.435685912581
0.0589287449543
0.0628680296469
1.2906461929
0.0196193040939
0.527651551787
0.0282515588729
0.0
0.0315209658189
0.287871168235
0.487965068585
0.0
0.0535993650404
0.209591385772
0.0453604902642
0.321257232712
0.0917537017564
0.0
0.0863423415335
0.298652869513
0.25483378187
0.503919446756
0.153952114866
0.0391928537641
0.194999752928
0.105837638507
0.219086020272
0.237150564625
0.18692993855
0.131286431972
0.213984450443
0.151569604512
0.0302335954757
0.073316859126
0.24810839304
0.0494962813866
0.00193246664915
0.530594108151
0.157415461931
0.00623057504695
0.476836303695
0.0
0.00387417769586
0.00193246664915
0.347513828962
0.135788563856
0.00193246664915
0.159977114239
0.282296607245
0.510633952743
0.0133671861717
0.36582346956
0.00193246664915
0.0051294667471
0.112985145718
0.0357643075741
0.345466337151
0.113069470591
0.524344459013
0.336409711572
0.293363635627
0.419548921735
0.413898556917
0.234175301604
0.328789419291
0.0383719679816
0.35586305174
0.223005503705
0.0376223603223
0.557493631108
0.126017003652
0.00193246664915
0.148638356064
0.0368488474045
0.0659795611561
0.0383900546004
0.0982081366111
0.0643432308319
0.061158055558
0.0672215447583
0.142193566139
0.111430572835
0.273254877097
0.223919668367
0.104546918464
0.0497492886826
0.140884045023
0.0945158768169
0.00387417769586
0.00387417769586
0.00387417769586
0.00387417769586
0.00387417769586
0.00387417769586
0.00387417769586
0.440841816896
0.367469068868
0.314495322865
0.360979945531
0.326265315452
0.432323440974
0.00387417769586
0.0757439093136
0.0
0.00975568102908
0.102598238768
0.0492628861872
0.0258697705997
0.111487771292
0.16591146449
0.256985391789
0.0406357357425
0.40748656487
0.07058623752
0.0863164853169
0.0907232141498
0.170928994387
0.163162475511
0.0279298109455
0.111060514872
0.339657321398
0.269511626168
0.0279298109455
0.291916372805
0.338439649757
0.0973981173672
0.242570894184
0.414215325516
0.383465477126
0.0628427082371
0.233199074778
0.212248404574
0.103533553679
