0.0460706989948
0.088767119647
0.0584046220791
0.191375052767
0.00364943540844
0.0060451639683
0.00354394051554
0.0315887141953
0.00235734377302
0.0184978529551
0.250180547525
0.0459497937355
0.0324173982978
0.095202390617
0.0011760460279
0.100978419486
0.374138748501
0.154180955384
0.0208098300323
0.167500143932
0.251955117814
0.0351329074958
0.186874125214
0.276911598113
0.13633013506
0.0644400399113
0.0107258756989
0.0326733489039
0.0192725277578
0.0245759584025
0.166349528118
0.125775581713
0.210842670605
0.122345119114
0.0301846373517
0.0724943165228
0.147831712734
0.182028493873
0.163221925789
0.0630724777488
0.195204128558
0.202156349383
0.132173099427
0.259694360952
0.182437393702
0.207163570826
0.182565139486
0.0724854678156
0.147911784642
0.172431342369
0.0228513843224
0.123176160177
0.252748595225
0.0944883967985
0.00842044291782
0.111430572835
0.00402834878437
0.141296007827
0.00555663360758
0.0
0.00834428584015
0.139086445706
0.149479420559
0.0
0.0431095791228
0.179263949318
0.00955810971786
0.0602578601288
0.0599239407818
0.0
0.166951799947
0.158935332349
0.117376250305
0.159283992708
0.18809391897
0.175974209913
0.10172183147
0.0697479013143
0.149697342506
0.144449584413
0.117560370345
0.135992143928
0.0194966283008
0.0791278994237
0.0539978556999
0.00473588417931
0.115554806797
0.0226228135012
0.0011760460279
0.115748131124
0.0508299631431
0.00235734377302
0.219212892764
0.0
0.00235734377302
0.0011760460279
0.181790332102
0.0497073121519
0.0011760460279
0.144537187858
0.0506277886206
0.145928961955
0.00593322334357
0.161744245266
0.0011760460279
0.00354394051554
0.162942310273
0.00354394051554
0.177345320827
0.089342235786
0.132856560958
0.102721737471
0.165949120019
0.072971768542
0.207645065705
0.151972637229
0.212266293595
0.0354386591702
0.0713545795129
0.141642308556
0.0011760460279
0.17121782323
0.135522562029
0.0011760460279
0.146064935685
0.0119383037121
0.0339763341564
0.0709878915632
0.110519837873
0.063599551563
0.0895590732896
0.00235734377302
0.13989266631
0.847480169683
0.33734468467
0.150389727039
0.0132333699547
0.11368810081
0.08927574096
0.349543800316
0.0672215447583
0.0672215447583
0.0672215447583
0.0672215447583
0.0672215447583
0.0672215447583
0.0672215447583
0.186872738491
0.134473258924
0.0425132266349
0.0370591992185
0.106196138098
0.211581485973
0.00235734377302
0.0436203118706
0.0
0.0462937157874
0.0352409684113
0.0256012766648
0.123851225968
0.169903168245
0.161541122379
0.227769282317
0.166176020561
0.211929645155
0.198460830466
0.19604257072
0.142612538798
0.219033627369
0.225092061124
0.136491223434
0.206832081259
0.296464314816
0.289362032877
0.136491223434
0.17773301654
0.244414261751
0.207478051736
0.209666110875
0.200806017352
0.28764047223
0.16066549515
0.150627318947
0.155264829441
0.0686050070783
