0.124692908843
0.154871235636
0.164757788761
0.0864321564747
0.0121072788227
0.0331847690516
0.0241766620805
0.0645994954379
0.0160469144017
0.0654290142089
0.309140878601
0.0575440852639
0.156606977037
0.169529480305
0.00798850457624
0.0626488458408
0.38009992329
0.131085612874
0.0298049051574
0.177920014966
0.230964949718
0.0368772598079
0.151646463032
0.207276592853
0.271985061343
0.163783386953
0.144784385817
0.180191693627
0.0529810571094
0.153918605367
0.328474985731
0.195470452469
0.212304453078
0.323741452156
0.0378464284613
0.136316953144
0.119078094984
0.127914332217
0.142721711475
0.126275736795
0.251237463629
0.286951834391
0.216951402722
0.287783069635
0.229000249368
0.222226050788
0.181492840956
0.136573341787
0.164980251011
0.252164880748
0.0393715686214
0.216843268714
0.37265109216
0.0579988518162
0.0172745598497
0.112985145718
0.0166301637374
0.23593151893
0.0116012067052
0.0
0.0142456992375
0.0932569885736
0.19771824832
0.0
0.067914428437
0.10931868186
0.0548889869327
0.167158720716
0.0845404868125
0.0
0.136510630461
0.097542806204
0.164015462324
0.197046458159
0.145867595479
0.0479858468902
0.142863577939
0.0881399825314
0.176824719191
0.176056431783
0.144163370679
0.0816364983718
0.0648288547345
0.253686175977
0.145461006923
0.0171856177292
0.213842152142
0.0186064433335
0.00307256394443
0.158746991139
0.106303582709
0.0229819461413
0.412017521704
0.0
0.00616147820319
0.00307256394443
0.201926717465
0.0991622762402
0.00798850457624
0.0748079644717
0.13133666851
0.210931438097
0.0310187080467
0.169164722225
0.00307256394443
0.00308398754662
1.46156422091
0.00926692192342
0.126613527179
0.104517659412
0.161190176602
0.182541556398
0.136921862054
0.174959085723
0.221379588015
0.222639015984
0.186693934963
0.0155281295544
0.130252694348
0.131442986365
0.00798850457624
0.224314458767
0.1295640251
0.00798850457624
0.148525819766
0.024429231298
0.0710946291695
0.0449968171566
0.11274602145
0.126336744759
0.0419686796378
0.01138301305
0.111502588379
0.162942310273
0.206401079137
0.226186155414
0.0900742820719
0.0668344406799
0.11040763933
0.172564045263
0.00616147820319
0.00616147820319
0.00616147820319
0.00616147820319
0.00616147820319
0.00616147820319
0.00616147820319
0.29006508727
0.259347399894
0.130712757149
0.140967039061
0.241530825761
0.260731106931
0.00303789263442
0.0712150401429
0.0
0.0237134943508
0.0400341102004
0.0887852662694
0.0287794270792
0.0739385633322
0.193966890741
0.146644690115
0.0427543167313
0.24559356247
0.122947864791
0.06242906472
0.0599323925174
0.162339772775
0.231613469991
0.031592027132
0.055340177548
0.15917950955
0.232415188204
0.031592027132
0.201387402533
0.165463358858
0.164971322441
0.114469885636
0.191693167761
0.357725377461
0.12254350304
0.167130905016
0.225389217137
0.0996816497991
