0.117622046837
0.164381224728
0.291928997539
0.315204600172
0.0415519007378
0.036754357645
0.0323735458876
0.223383884052
0.0179980467119
0.161653461395
0.501140517134
0.0976142340641
0.220553346652
0.423949004495
0.00387418120254
0.184336717357
0.701661641897
0.405654693076
0.103824894154
0.333708090682
0.663582098989
0.0321734224484
0.486227975877
0.456206177324
0.5793162682
0.327175855684
0.184208256492
0.253784338408
0.0663352628418
0.202428004014
0.507794640108
0.310683049087
0.473133278563
0.519923710113
0.0876657136915
0.407420419253
0.264737975239
0.418324217182
0.353658116036
0.297064262952
0.595717764766
0.52017959209
0.453886857125
0.529150798902
0.622815690311
0.511435736305
0.390631518166
0.366961378623
0.486798948597
0.523777249433
0.0650545399473
0.355210701086
0.703019369886
0.296131248081
0.0548468481777
0.338439649757
0.0455366866796
0.502726598379
0.0935392241102
0.0
0.0404135162341
0.422377199021
0.527321053515
0.0
0.131201035628
0.217457655659
0.088260381377
0.447255738976
0.0953841496479
0.0
0.406671991435
0.429563474891
0.40276538996
0.479723691325
0.471261442823
0.281540283368
0.377245541735
0.0847382460843
0.220268713329
0.418757348651
0.318181438896
0.326338915255
0.187016717307
0.4728862555
0.135691444765
0.0718692927836
0.431467802449
0.0997947849131
0.021055522522
0.416538638305
0.186745330022
0.0291093722666
0.560870805979
0.0
0.0167912460916
0.00387418120254
0.486119262793
0.108145048121
0.00387418120254
0.400196472936
0.322508232499
0.438037577266
0.0195962410665
0.383655371574
0.0129402407753
0.0432099684381
0.165463358858
0.0471021749987
0.444368830634
0.0801621787064
0.413967964611
0.308518074527
0.251778015146
0.382098615034
0.509639882205
0.493702950209
0.484989047257
0.0619355429836
0.375013553763
0.440433299025
0.0141470413956
0.520068099386
0.335968592735
0.00387418120254
0.368863837187
0.055277835483
0.167558455722
0.0707318510787
0.336468038572
0.315328589607
0.0640131077135
0.0285458099092
0.292298503448
0.244414261751
0.522941767641
0.568413425201
0.172340625012
0.170202435622
0.229750984809
0.276202325437
0.00777062620226
0.00777062620226
0.00777062620226
0.00777062620226
0.00777062620226
0.00777062620226
0.00777062620226
0.55041344507
0.375634214019
0.179056345959
0.295234895197
0.390861358781
0.534696475376
0.017872827519
0.138921152975
0.0
0.0887845288563
0.161471206261
0.150112867252
0.274043809071
0.516030129073
0.481532465575
0.475647677552
0.340044242278
0.74149180766
0.426000825011
0.405735904729
0.434058296374
0.69231869252
0.70644043008
0.311357370429
0.442036738948
0.68283496041
0.641653806441
0.311357370429
0.673302416825
2.56095082528
0.456344615403
0.517587902595
0.709040033749
0.779258942508
0.425313492902
0.498933318873
0.566968019612
0.363293193271
