0.148543584889
0.171432682587
0.193324553797
0.130729862539
0.0581582432032
0.0871142067699
0.0205476503805
0.173505470484
0.0319474141796
0.0439644808398
0.232990025573
0.0639319466106
0.0789350478185
0.262424680034
0.0099487678631
0.153582953445
0.411012477989
0.235912833999
0.0569418118417
0.248179965042
0.49253939121
0.047269345964
0.284817112034
0.36616386072
0.304908093003
0.233312985553
0.0374051841868
0.0934925694617
0.0714892823426
0.0525428762092
0.345823737421
0.222773353891
0.377491911501
0.341680563722
0.159181143117
2.18047934685
0.139485652061
0.333678018551
0.207012813691
0.120587823805
0.356687847719
0.42065377614
0.304163352642
0.300232582267
0.507986275297
0.28878340819
0.176129434475
0.126951539589
0.370220592479
0.396517785817
0.0969083196833
0.294298751886
0.449040690389
0.120383866856
0.0793154279174
0.115820890489
0.0278968456442
0.156627846516
0.0332429988099
0.0
0.0273104710828
0.217267255412
0.232118994331
0.0
0.0745362917191
0.112207034051
0.0557843559163
0.224765753043
0.0455856257469
0.0
0.13085564136
0.252140534172
0.243697405113
0.172859312474
0.333188743669
0.131007792762
0.248999241203
0.0379798177947
0.140363609062
0.255482641639
0.1183779985
0.156279107102
0.0291055645677
0.314086868269
0.249107210263
0.0325393241349
0.355612971615
0.0470250681306
0.00530510596391
0.127174583629
0.0562290418037
0.0106453277416
0.511227644269
0.0
0.013696897373
0.0068220698751
0.29345067714
0.132535886311
0.00530510596391
0.174245172403
0.139498372161
0.163683392581
0.013578163913
0.133099317292
0.0068220698751
0.0206254015486
0.136316953144
0.023599220012
0.225398309541
0.0328257029747
0.147419299498
0.105784178785
0.186870406657
0.102106590945
0.256628646387
0.390904410159
0.225370252365
0.0570139036639
0.138427172398
0.318609386253
0.00530510596391
0.221500453259
0.0894182965574
0.0099487678631
0.252501780237
0.0396447808097
0.0833192720797
0.0585029233634
0.326687291418
0.212106464331
0.11033193408
0.0106453277416
0.144974052922
0.0724943165228
0.245566650667
0.298505845059
0.0381583660498
0.132566724301
0.115047469568
0.199963441387
0.0200055252277
0.0200055252277
0.0200055252277
0.0200055252277
0.0200055252277
0.0200055252277
0.0200055252277
0.274745703344
0.232683426648
0.0340916528806
0.113756990351
0.256496182789
0.294914838536
0.0315479522991
0.0466875506515
0.0
0.0312886363474
0.0563139072745
0.177171093828
0.0554148807891
0.16255629651
0.161058612129
0.149115699902
0.113899452388
0.317372807401
0.166042237403
0.145751944189
0.111221419513
0.428277898623
0.319870916404
0.0607085039589
0.172485496833
0.294532560311
0.375545187346
0.0607085039589
0.223035392817
0.407420419253
0.286690421225
0.202798551753
0.264976880563
0.542514597004
0.19378824286
0.152835205578
0.229612426634
0.16369753249
