0.0012617524342
0.00161790407273
0.00164859985665
0.00109159391181
0.000164220499267
0.000236056967696
6.98087704289e-05
0.00591634706763
4.64452241597e-05
0.00190022748612
0.00348056450009
0.000236056967696
0.000635060887577
0.00475245197417
2.31758862501e-05
0.00203027908425
0.00771794419904
0.00624809608912
0.000407236982876
0.00103597139605
0.0195050602704
0.000188066766154
0.0029555842202
0.00689800338419
0.0177591515077
0.00269151458838
0.000457092922666
0.000457092922666
0.000188066766154
0.000482183350254
0.0177591515077
0.0172776950136
0.00513368264716
0.0109364763919
0.000407236982876
0.0099487678631
0.00149672810517
0.00315188894439
0.0024038139495
0.00817619290298
0.0054817778306
0.021055522522
0.00303330663372
0.0074595030716
0.0099487678631
0.00585222596864
0.00190022748612
0.00229951958762
0.00957226429921
0.00771794419904
0.0003332514958
0.0156748871173
0.0100799332509
0.00236883931016
0.000260202561845
0.00193246664915
0.000432111112329
0.00174167919817
0.000284449608666
0.0
0.000164220499267
0.00233407536397
0.0035657440002
0.0
0.000739276631206
0.000635060887577
0.000188066766154
0.00196488693297
0.000212011980773
0.0
0.00276573812031
0.00307256394443
0.0100799332509
0.00369591810664
0.00789690104426
0.000558115885457
0.00307256394443
0.000236056967696
0.000899216395311
0.00721214184622
0.00660008638229
0.00137804437698
0.00068693350541
0.00449478334699
0.000660938912261
9.32672909856e-05
0.00327295919654
0.000532693864185
2.31758862501e-05
0.00111960751777
0.000432111112329
4.64452241597e-05
0.0188625365787
0.0
4.64452241597e-05
2.31758862501e-05
0.00585222596864
0.000507383343722
2.31758862501e-05
0.00360880992355
0.00100835990235
0.00226516950285
0.000116821561136
0.0119427028103
2.31758862501e-05
6.98087704289e-05
0.00798850457624
6.98087704289e-05
0.0018681674314
0.0003332514958
0.00131960547258
0.00177304228824
0.000739276631206
0.00103597139605
0.0110924624169
0.00542228419772
0.00808158571168
0.000116821561136
0.00134875095085
0.00454540487482
2.31758862501e-05
0.0011760460279
0.00106371563833
0.0376223603223
0.00171048563997
0.000407236982876
0.00387418120254
0.000457092922666
0.00209642073618
0.00560263738731
0.000308798964307
4.64452241597e-05
0.00315188894439
0.0011760460279
0.0144219443999
0.013393141414
0.000260202561845
0.0012617524342
0.000818692429707
0.00454540487482
4.64452241597e-05
4.64452241597e-05
4.64452241597e-05
4.64452241597e-05
4.64452241597e-05
4.64452241597e-05
4.64452241597e-05
0.00410504442606
0.00391962088598
0.000558115885457
0.000926309359457
0.00158737070189
0.00171048563997
4.64452241597e-05
0.000980879892957
0.0
0.000116821561136
0.000308798964307
0.00183628450587
0.000308798964307
0.0125203161579
0.0177591515077
0.00109159391181
0.000609298390558
0.00287889470093
0.00631679747579
0.000926309359457
0.00095353012155
0.00631679747579
0.0129402407753
0.0003332514958
0.0177591515077
0.00284092876808
0.0172776950136
0.0003332514958
0.00206325515036
0.00387418120254
0.0220218222027
0.00251002795886
0.0195050602704
0.0220218222027
0.00149672810517
0.00143708113479
0.00226516950285
0.00969505612137
