0.0222588377944
0.0285776763682
0.030685752269
0.0318362683948
0.0243786327427
0.0684218359021
0.0190322132262
0.0562798526232
0.0186685539662
0.058512632354
0.0648365669378
0.0217402862619
0.0315683196467
0.0899283810046
0.0182844928977
0.0671912693851
0.165840234971
0.095998826519
0.452813420988
0.0236734649143
0.139111667258
0.0310849396353
0.0366527894098
0.0711601986104
0.0753474299713
0.0302893618297
0.00793774313343
0.0434717767172
0.00330623153412
0.00868798600922
0.0729246318999
0.0888374922058
0.120746274167
0.0741437065453
0.00703004234417
0.0566678710663
0.0166096306713
0.0763103235549
0.0746275404968
0.0453088500291
0.14558283114
0.0899411267302
0.0695904709027
0.0886365403193
0.176027830865
0.108721224373
0.0224763227694
0.0531357685312
0.124201028992
0.0903732288236
0.023404839827
0.108479597904
0.106561966516
0.0503822305245
0.007336078658
0.0522664999753
0.0369483040239
0.0259993958552
0.0106472450415
0.0
0.00288682094034
0.0196962983318
0.0541495925819
0.0
0.0130147233882
0.0111799217041
0.00329650148452
0.0346220268282
0.00318310438631
0.0
0.0450748853142
0.0934250277102
0.0471095249108
0.0696615964019
0.0892589456502
0.00910761256579
0.0951891836122
0.00523313086173
0.026289230823
0.150867470631
0.0345581871024
0.0417501816763
0.00588878690965
0.129252591304
0.0111594458515
0.00163577162484
0.0394831517793
0.0185068160892
0.000407236566871
0.0158947452364
0.00661186692209
0.0106685279875
0.113800568212
0.0
0.000816172208955
0.00040723201878
0.105380381712
0.0439315592036
0.000407236982876
0.0855485947916
0.0143728325476
0.115797335928
0.00205331008906
0.0318666167112
0.000407212511987
0.00122681990746
0.0298049051574
0.00111611806765
0.0210756037293
0.00734366404516
0.0343980068084
0.0214512897243
0.011968391835
0.0167949315682
0.0885648206574
0.0987697113026
0.117123231972
0.00185787793303
0.0274842026171
0.149127477366
0.000400783464404
0.0222125502977
0.0185597168669
0.000407236982876
0.0275167824141
0.035967780386
0.0341075282444
0.00559145798367
0.0753209555596
0.0431721066047
0.0247340944531
0.000816172208955
0.060527709371
0.0208056931467
0.0616794435958
0.0390261468711
0.0044967169218
0.0219868241194
0.0185837872958
0.0371289564508
0.000816172208955
0.000813503353684
0.000816172206667
0.000816172208955
0.000816172208955
0.000816172208955
0.000816172208955
0.107097309498
0.103337060891
0.00866758798173
0.0113755718381
0.0389816453278
0.0514066690291
0.000705470397159
0.0261333974479
0.0
0.00205323250183
0.022990641654
0.0356262389233
0.00543074579045
0.025793100667
0.0176637284676
0.0232104811635
0.0107254961294
0.0410279673774
0.045785078977
0.0132945819916
0.0171394861972
0.0577078412989
0.10897871053
0.00586122345735
0.0443824453814
0.0529540562963
0.0901093742978
0.00586122345735
0.0291051849752
0.103246718537
