0.037322148481
0.0530814348734
0.210282638245
0.0504192259686
0.0179678756602
0.0355391956084
0.0288005544975
0.0575373138299
0.00224418940808
0.184576375285
0.591080807156
0.0950958470363
0.218496943027
0.286638178281
0.00111960751777
0.139326399475
0.523970896719
0.129776831993
0.0159041156393
0.345397629273
0.247729968933
0.0110767074831
0.313849433228
0.172780935992
0.434161543046
0.384740727622
0.274756163602
0.302354911112
0.13143560361
0.255703076685
0.567326654687
0.150585384237
0.283402520215
0.503070845381
0.0935420799111
0.127174583629
0.183214610529
0.20159092256
0.207773657317
0.214353168858
0.326298645133
0.264961205185
0.454557306589
0.377254226111
0.289238755342
0.265081295252
0.277092828627
0.334674556327
0.220584966499
0.263986347713
0.0173312388924
0.200560008371
0.478963168312
0.0520443091965
0.0498495408289
0.530594108151
0.0209523032463
0.753418052526
0.10117454707
0.0
0.0751858424751
0.420127614102
0.64007639948
0.0
0.042756107852
0.272361197068
0.0944932581696
0.4592415117
0.199049735795
0.0
0.0774132978031
0.453440545503
0.230591231207
0.647389549248
0.155419863428
0.0270941054269
0.271337606681
0.161364505557
0.343980075066
0.268559611331
0.216700452639
0.0760062906263
0.221941923181
0.203886288251
0.0386493533127
0.0673748248622
0.337714557397
0.0528946041118
0.00111960751777
1.00005764344
0.163529649165
0.00224418940808
0.491958380295
0.0
0.00224418940808
0.00111960751777
0.425928812636
0.183995200848
0.00111960751777
0.214691501333
0.400574894525
0.594259912986
0.0302880588751
0.512699461149
0.00111960751777
0.037959452708
0.158746991139
0.0891969217369
0.443969858703
0.173205544728
0.73788358062
0.377836543228
0.378162961028
0.54628169556
0.557796055952
0.300584588946
0.418664978673
0.0638201769781
0.448064516501
0.222060003491
0.0266028103136
0.849028840281
0.183565919979
0.00111960751777
0.207791327682
0.0662642135803
0.107343965448
0.0221687919906
0.0902504104549
0.129443605578
0.0400920658361
0.0319727758414
0.235650242536
0.115748131124
0.318455067489
0.399467377526
0.171563882983
0.0668768819996
0.242458810548
0.125434776614
0.00224418940808
0.00224418940808
0.00224418940808
0.00224418940808
0.00224418940808
0.00224418940808
0.00224418940808
0.561467611541
0.484346276623
0.360412286712
0.43810029494
0.412546588388
0.605691884444
0.00224418940808
0.104806682446
0.0
0.00564822974845
0.110122753143
0.0443760952264
0.0149560830785
0.13823496602
0.190800361908
0.279280958646
0.0324347917776
0.462048127642
0.0960952121658
0.106066618169
0.0997922746708
0.233009592952
0.145051136812
0.0161440122194
0.12565599303
0.357556253752
0.362889440637
0.0161440122194
0.343345156854
0.416538638305
0.0901518240759
0.26412828536
0.511359778541
0.351628342797
0.097057094622
0.283276516448
0.275581219193
0.171238212148
