0.0100568006596
0.0151021410015
0.0163968004622
0.0208985416622
0.00337626090564
0.0146993475702
0.00130176627484
0.00355382270197
0.0157441686495
0.0488130497163
0.0774390542622
0.00440423871842
0.00799068487878
0.0419229456819
0.000432111112329
0.0160303146447
0.0836352992229
0.0181024767402
0.0369483040239
0.0193813113834
0.0592198594712
0.0452722640624
0.0176940511435
0.0253980344092
0.0350180995405
0.0139418021029
0.00853440334768
0.00853440334768
0.00350831766551
0.00900361978447
0.0505483486064
0.0758413910821
0.0516604386302
0.0437442011827
0.00275424191178
0.0278968456442
0.0153188983798
0.0259068270233
0.0408085676144
0.0736472714317
0.0463956159104
0.0429325479798
0.0472319043808
0.0492238544078
0.130439642198
0.0756921793442
0.0338067956236
0.0141319922721
0.0254094197285
0.0361768663901
0.0062196137916
0.0805787368531
0.0745606837722
0.01044751781
0.00485511525613
0.0196193040939
0.37334332108
0.0250973715949
0.00530795841624
0.0
0.00306323977421
0.00883141329113
0.0479275203986
0.0
0.00492620473975
0.0118643454191
0.0182342526984
0.0207591038604
0.00395531178693
0.0
0.0213956843096
0.0315188186636
0.0559739345066
0.0314114738234
0.044610596614
0.0134841099059
0.036442137688
0.00440423871842
0.0168146986106
0.0361646513053
0.0119023800817
0.0258131839733
0.0128357109135
0.0560494792396
0.00844721790301
0.00173934084813
0.029946385911
0.00169492571763
0.000432111112329
0.0209523032463
0.0682055644422
0.000866028148745
0.0752315676697
0.0
0.000866028148745
0.000432111112329
0.0287086373801
0.00947496655576
0.000432111112329
0.0333978273037
0.018862886898
0.0305761118226
0.00217876742133
0.0647177878709
0.000432111112329
0.00130176627484
0.0166301637374
0.00130176627484
0.0490150428087
0.0062196137916
0.0183488855822
0.0396848658054
0.0138162513454
0.0124007501272
0.0362768076376
0.0469137880863
0.0525108471941
0.00217876742133
0.0120428894997
0.0228574900865
0.000432111112329
0.0220129975993
0.00782054965548
0.000432111112329
0.0254613265885
0.00760228501285
0.0298819370179
0.00657198121923
0.0295413623601
0.031808107108
0.00576278543878
0.000866028148745
0.0270594839697
0.00402834878437
0.0204533674584
0.0329894421943
0.00485511525613
0.0519524312878
0.0153046493746
0.0449516128159
0.000866028148745
0.000866028148745
0.000866028148745
0.000866028148745
0.000866028148745
0.000866028148745
0.000866028148745
0.0203168907001
0.0206166830185
0.0104241291432
0.0088407011294
0.0285369383609
0.0320810738267
0.000866028148745
0.0126963075389
0.0
0.00217876742133
0.00576278543878
0.0102221626965
0.00576278543878
0.0120398276752
0.0193813113834
0.0204259930854
0.0181244783492
0.0285011512258
0.0140084958555
0.0403162482268
0.00774319342799
0.0446514337572
0.0359904921369
0.0062196137916
0.0152653960352
0.0485794591278
0.0336973958574
0.0062196137916
0.0348254766402
0.0455366866796
0.0220129975993
0.00774328459696
0.0258131839733
0.0503720313913
0.025753282915
0.0176054000393
0.0786013606219
0.00277406940644
