0.10002120895
0.129325828673
0.284112233535
0.314549944101
0.0309256781767
0.104087045357
0.034038704495
0.180215487443
0.0223228131522
0.161376149946
0.476439142192
0.159851484624
0.183230296768
0.34498825486
0.0195050602704
0.229761976163
0.660074186055
0.318361283509
0.0529858363682
0.378059026989
0.642703736498
0.0405081563087
0.366674447229
0.534001059159
0.771144742529
0.357290647145
0.184323567942
0.272567353286
0.0786260305531
0.199981313101
0.500566640924
0.279817698253
0.322370212782
0.421373577819
0.0983753878117
0.294532560311
0.250068262889
0.349272337786
0.244207104959
0.249746862134
0.586460660806
0.483641435316
0.479748385733
0.490895364326
0.540572598284
0.442617152715
0.4351069584
0.305787233888
0.497904247754
0.394483989719
0.0713070136588
0.371214700384
0.708576367187
0.236113655654
0.0822191651686
0.339657321398
0.0485794591278
0.366903614016
0.0796254118576
0.0
0.0529185475554
0.322273833715
0.459016065798
0.0
0.126374532676
0.19977340255
0.0552915159304
0.311445788573
0.076744742952
0.0
0.347123610156
0.526387615917
0.367963827229
0.425212978943
0.44421903161
0.259744037662
0.255698313085
0.10502205406
0.240464016199
0.42108085665
0.370054443414
0.313749804428
0.147270735774
0.341985970191
0.0865645205651
0.0429203675592
0.363153547484
0.0901426449985
0.011762336567
0.357556253752
0.142117400486
0.00569664758275
0.549363008494
0.0
0.00569664758275
0.00284092876808
0.41891217312
0.138675789525
0.00284092876808
0.285133267111
0.285516868573
0.423234186396
0.0715472106337
0.294503119843
0.00284092876808
0.00856731442605
0.15917950955
0.0527192598218
0.444664252352
0.0993410512326
0.315759639765
0.275413506021
0.286776411712
0.280823840879
0.482119092418
0.413894309171
0.538334621368
0.0425903089832
0.26898047186
0.455566762179
0.00284092876808
0.440050437958
0.280052317861
0.00284092876808
0.318086038925
0.0801316833137
0.135644793046
0.04587675722
0.259540407036
0.25450571738
0.0656300688149
0.0143228131522
0.30830283474
0.296464314816
0.469742947548
0.471658588704
0.0889948576744
0.241387328317
0.142539886175
0.375096850709
0.023681863491
0.023681863491
0.023681863491
0.023681863491
0.023681863491
0.023681863491
0.023681863491
0.428637177976
0.517212440601
0.20770083519
0.265156748893
0.390631935745
0.470294026111
0.00658008944879
0.130316491801
0.0
0.0887845288563
0.101860440593
0.111150144915
0.274043809071
0.431801060713
0.503428085551
0.492248585047
0.354135821848
0.769323410639
0.401105501155
0.42164909412
0.412400037375
0.577175117507
0.572384254972
0.311357370429
0.497236129218
2.09370544979
0.656845961819
0.311357370429
0.569360172005
0.68283496041
0.435960625027
0.522993194872
0.716819823181
0.819665875338
0.41584412976
0.434778063351
0.459587912583
0.334423650045
