0.00380234325162
0.00487634260967
0.0141949149289
0.068266693446
0.0609007581357
0.0380489987414
0.112797459856
0.046386198347
0.0376689932065
0.0413854333471
0.0786556640342
0.0380489987414
0.0388487390117
0.0472169644334
0.0376223603223
0.0416462734465
0.0495863668257
0.022643136416
0.0190542198825
0.00312165983578
0.0396838687465
0.000566514604214
0.0145542724458
0.0347746246127
0.00822783501429
0.00811613862054
0.00137703850623
0.00137703850623
0.000566514604214
0.00145263944775
0.0223788003235
0.0111506286336
0.0903588979587
0.0357373933013
0.0383920873071
0.0205476503805
0.0506369049846
0.0593263300176
0.0157096710825
0.00693281315134
0.0171807297565
0.0296635233037
0.0500380768598
0.0363624899113
0.0307076457853
0.0363408622568
0.00572795995782
0.0196828170482
0.0394259974501
0.0483960232995
0.0755083510299
0.0201192655911
0.0404602863867
0.0247491403607
0.0236588294846
0.0518064901451
0.00130176627484
0.0330674606983
0.000856878958363
0.0
0.000494678135784
0.0124400224986
0.0178402542807
0.0
0.00222738171653
0.0195108715872
0.000566514604214
0.0468528595683
0.000638650399905
0.0
0.0399540615388
0.0449465874403
0.0320962336762
0.0111506286336
0.0386473008965
0.00168144355989
0.00926692192342
0.000711088027797
0.00270943476591
0.0290053548321
0.0131994595978
0.00415299166201
0.0142705988923
0.036251506791
0.00199129702921
0.037762828064
0.00987233241204
0.0160356580436
6.98087704289e-05
0.0288005544975
0.00130176627484
0.000139900175164
0.0322673728906
0.0
0.000139900175164
6.98087704289e-05
0.0494517322978
0.0275732664111
6.98087704289e-05
0.0166434194842
0.00303842582632
0.0295048384011
0.000351893315714
0.00572795995782
6.98087704289e-05
0.000210276512141
0.0241766620805
0.000210276512141
0.0232038340775
0.0302437987889
0.0228270334529
0.0411303582631
0.00222738171653
0.0316524262462
0.0278209670842
0.0265093280352
0.0293504061173
0.000351893315714
0.0135936506094
0.0495309978511
0.0376223603223
0.0399332588711
0.0138480250067
6.98087704289e-05
0.0222450803064
0.0171905272058
0.0453465413004
0.0186288066702
0.0369251322633
0.0136027312173
0.038194789672
0.0296689932065
0.0120003143818
0.00354394051554
0.0219688432381
0.0110184669446
0.000783830024408
0.00380234325162
0.0324597544953
0.0251080542156
0.000139900175164
0.000139900175164
0.000139900175164
0.000139900175164
0.000139900175164
0.000139900175164
0.000139900175164
0.0259469212558
0.0197315512068
0.00168144355989
0.00279109826355
0.00478425352086
0.00515558601597
0.000139900175164
0.0160666600805
0.0
0.000351893315714
0.038194789672
0.00553505831298
0.000930237430943
0.0153546037383
0.00312165983578
0.0317639406415
0.00183567707999
0.0159405351983
0.015825467124
0.0195693698783
0.00287314880645
0.0172708454071
0.0426277974882
0.00100390807664
0.0141446092236
0.034038704495
0.0593191189471
0.00100390807664
0.00621983280884
0.0323735458876
0.00354394051554
0.0186199386031
0.00415299166201
0.0359563108893
0.00451088941699
0.0211187804781
0.0164377707903
0.0339083030632
