0.290747767509
0.845349123224
2.13253697876
0.0265833844111
0.231673343661
0.0
0.0
0.0
0.0
0.0266028103136
0.415893756703
0.0329376348646
0.0125203161579
0.0
0.100160946167
0.0
0.0125203161579
0.00742070625734
0.143037889694
0.288885187577
0.0500469755511
0.0612032995983
0.427485722072
0.226218444891
0.0
0.0114516042855
0.00391962088598
0.00841676112638
0.0
0.0224813726701
0.108323969291
0.0128296564182
0.015815327138
0.132666228344
0.118765117743
0.0889063946126
0.0
0.0874065960152
0.00933425181391
0.314067316174
0.0
0.024783737126
0.0146634071251
0.0156748866623
0.0529957520568
0.350082408384
0.0
0.253063570863
0.0
0.216240642248
0.0393657192902
0.209924614106
0.136298046873
0.0
0.131899904329
0.0
0.0
0.0249859125766
0.0
0.0
0.095483891146
0.0
0.00841676115766
0.300635409205
0.011616732595
0.180997124756
