0.018668010114
0.0892976792368
0.0392596503844
0.000817859778289
0.0140739451108
0.0
0.0
0.0
0.0
0.000818692429707
0.0338245928529
0.0484670728313
0.000818692429707
0.0
0.00324441594689
0.0
0.000818692429707
0.00496588870777
0.0153046493746
0.0374180262694
0.00258494506851
0.0256423610533
0.0445013567084
0.0464124293985
0.0
0.0189365693304
0.000818692429707
0.00455785311042
0.0
0.00159282130424
4.87763117285e-07
0.00144925940734
0.00329613807444
0.0205310829672
0.0251562382446
0.00859716402474
0.0
2.49780302724e-05
0.000818692429707
0.0144935347378
0.0
0.0267400211043
0.000557009982429
0.000818692429707
0.00262413050457
0.0448127201857
0.0
0.0674797407518
0.0
0.0488836597493
0.562897784714
0.0623373411769
0.0528049749164
0.0
0.0497239878041
0.0
0.0
0.00164092027359
0.0
0.0
0.146026072821
0.0
0.00455785311042
0.0689855766683
0.00236066074808
0.00826169854885
