0.00300508562523
0.0504621266552
0.0224805177516
0.000333246442636
0.0116931114863
0.0
0.0
0.0
0.0
0.0003332514958
0.066466095686
0.0015768386804
0.0003332514958
0.0
0.033503249048
0.0
0.0003332514958
0.00202045147196
0.0166707844338
0.012968513111
0.022572056378
0.00146307179537
0.0141329556574
0.0984487616173
0.0
0.00270532530095
0.0003332514958
0.000667883690796
0.0
0.311357285079
0.00599793136174
0.000625184345899
0.00134133628714
0.0367088312353
0.0339011159962
0.014184043013
0.0
0.00228720594596
0.0003332514958
0.0120782473933
0.0
0.00730442681464
0.0003332514958
0.0003332514958
0.00304049892986
0.0148207770595
0.0
0.024736629907
0.0
0.0085526721197
0.00159282130424
0.00755307398276
0.000551333041266
0.0
0.0400188354783
0.0
0.0
0.000667869748554
0.0
0.0
0.00883139576459
0.0
0.000667883690796
0.0169780776625
0.00643523848837
0.0278355677122
