0.0106366112828
0.0110924624169
0.0266028103136
0.0373996402605
0.000739276631206
0.0
0.0
0.0
0.0
2.31758862501e-05
0.0106725962232
0.000116821561136
2.31758862501e-05
0.0
0.00196488693297
0.0
2.31758862501e-05
0.00014047236572
0.000432111112329
0.000980115963283
0.000532693864185
0.000116821561136
0.000980370082763
0.0136176548294
0.0
0.000188066766154
2.31758862501e-05
4.64452241597e-05
0.0
0.0003332514958
0.00209642073618
4.64452241597e-05
9.32672908469e-05
0.00114775318607
0.000660934805637
0.00272850702226
0.0
0.00155699803449
2.31758862501e-05
0.00410504442606
0.0
0.000507383343722
2.31758862501e-05
2.31758862501e-05
0.000211336732979
0.0149891039979
0.0
0.00146682307164
0.0
0.00131960547258
0.000818692400071
0.00106544359329
0.0016179040726
0.0
0.000791440465014
0.0
0.0
4.64452241597e-05
0.0
0.0
0.000872250034724
0.0
4.64452241597e-05
0.0076903740203
6.98087704289e-05
0.00780672426199
