0.634309554641
0.547360788137
0.290747767509
0.0106366112828
0.0172388366748
0.0
0.0
0.0
0.0
0.00100835990235
0.0138719155289
0.00480491899913
0.00100835990235
0.0
0.00276847340276
0.0
0.00100835990235
0.00611748740991
0.0276968628616
0.15355110199
0.0107003148361
0.00497603550407
0.17920475163
0.0214671359558
0.0
0.000231389673246
0.00100835990235
0.00202115540991
0.0
0.00300508562523
0.00195176105292
0.0018219374125
0.00406021096216
0.0367371305271
0.0492416407368
0.0124962457065
0.0
0.0245119786683
0.00100835990235
0.118488283908
0.0
0.00801147729537
0.000923209052835
0.00100835953805
0.0280555380317
0.019774451727
0.0
0.00777007428939
0.0
0.144313385004
0.018668010114
0.111604329817
0.0165879585108
0.0
0.0277596364294
0.0
0.0
0.00202115541215
0.0
0.0
0.0224797398952
0.0
0.00202115541215
0.125240595489
0.00159177146215
0.05686499916
