0.213130620052
0.112318045393
0.548885623855
0.310203714598
0.171736515098
0.0159455680626
0.0836225796742
0.234556748559
0.00370871338263
0.475281096111
0.229301053789
0.0266028103136
0.393932472447
0.293285646222
0.340803481503
0.381545717217
0.11871390092
0.245219998445
0.366066276303
0.0
0.362222305992
0.253530397694
0.185471762434
0.114695851644
0.176830251776
0.383137604189
0.238204142848
0.374275751621
0.309435939593
0.391524006417
0.0946931448167
0.425918086572
0.303594189204
0.348666389569
0.143841944429
0.25692269538
0.00420003928567
0.00420003937332
0.00420003937175
0.00420003918706
0.00420003937346
0.00420003937346
0.00420003937346
0.00420003937346
0.00420003937346
0.00420003937346
0.00420003937346
0.00420003937346
0.271703174008
0.420177472475
0.0
0.0068220698751
0.0432314964508
0.391891204161
0.0230099214634
0.184333990418
0.0831241234852
0.142865637352
0.0273686208424
0.022439096893
0.0127694120625
0.246822982912
0.0296220863314
0.581123950458
0.0456791501196
0.172058011209
0.258710286535
0.332146647428
0.0111171254176
0.0111120114796
0.170452492583
0.133785125056
0.190733665718
0.0206254015486
0.309892911953
0.0
0.0624151719902
0.292629824846
0.382760961485
0.380577402504
0.200281798995
0.00419772902196
0.00419966079841
0.517974918451
0.180371160114
0.034315755147
1.81500367311
0.0
0.0449454592341
0.077173514529
0.00653728084115
0.00407580762438
0.0755345230313
0.0
0.0
0.0684204887268
0.100793509187
0.107942768501
