0.132401381711
0.124118484568
0.391357580676
0.166705327385
0.0872481784929
0.00371807646416
0.0258739048783
0.0756056768773
0.00382320834832
0.23489059018
0.149196736788
0.00382909652388
0.29809532022
0.12012246596
0.0734389826989
0.0746332441192
0.160569760418
0.122393601789
0.14818108037
0.0
0.15679513114
0.0583650381899
0.203399238719
0.0782640645163
0.166508370175
0.317896814639
0.0489879155479
0.156125367857
0.055482819887
0.206481700262
0.0533119565283
0.287464500419
0.144484422946
0.280275210191
0.222683408485
0.27076549663
0.00424812973312
0.00424717123603
0.00424812976388
0.00424812959075
0.00424812976477
0.00424812976477
0.00424812976477
0.00424812976477
0.00424812976477
0.00424812976477
0.00424812976477
0.00424812976477
0.218680565557
0.119436972952
0.0
0.00382909652388
0.0272730411017
0.148466858155
0.0640153917126
0.176178155069
0.107371405033
0.0923378268446
0.0153218058764
0.0506082681517
0.0332799286769
0.067073924716
0.0116540969073
0.252455416265
0.00789798067713
0.109500083573
0.0445259114458
0.119595120325
5.40504024e-05
5.40504024e-05
0.113671229442
0.0204529732778
0.0461774742471
0.011553277502
0.232842288893
0.0
0.0422451795956
0.0442677650425
0.119718794613
0.160895763454
0.283758580699
0.0040552606824
0.00424768975791
0.188845629933
0.0177211372173
0.00731268864648
0.101112931752
0.0
0.0397998067038
0.0417068498398
0.00369411946333
0.0037699284433
0.0171257808781
0.0
0.0
0.00794183981489
1.01851784296
0.0906360689836
