0.421988265979
0.247679639219
1.01946037126
0.737984137672
0.322573745746
0.0028338656736
0.0439510044195
0.180961316472
0.00965323560371
0.322459823679
0.226080686503
0.00284092876808
1.10108880846
0.644887374212
0.327747786931
0.721417997044
0.300136364151
0.555969649799
0.258363896106
0.0
0.53091918341
0.212679366251
0.532171996996
0.100453020953
0.242569073342
0.597772595053
0.285823784858
0.352064733206
0.25813041249
0.460663599013
0.109780129454
0.362016749453
0.304471792405
0.68457212574
0.210785939221
0.297977626102
0.0102141494495
0.0102131752277
0.010214149539
0.0102141493075
0.0102141495403
0.0102141495403
0.0102141495403
0.0102141495403
0.0102141495403
0.0102141495403
0.0102141495403
0.0102141495403
0.606924185685
0.418249674772
0.0
0.00284092876808
0.0202026541016
0.444527096134
0.0285720180725
0.162460296267
0.329962262761
0.164376206509
0.0113332007552
0.0490006666147
0.0424675707839
0.144798509073
0.0461944488523
0.419402074268
0.017142442593
0.24717438661
0.200750083341
0.1993511291
0.00569429559028
0.00568966996088
0.068152048692
0.136639613123
0.193207819226
0.00856731442604
0.311928603142
0.0
0.283244869791
0.316328589477
0.46818202484
0.250788766853
1.66274548535
0.0102102492282
0.0102135020525
0.722857529694
0.230857711454
0.00498151549622
0.200750215575
0.0
0.0460918394104
0.0738488123204
0.00268776161214
0.0100713422523
0.132778409704
0.0
0.0
0.0398173583645
0.283684875891
0.112972839837
