0.150602572849
0.061807468781
0.254562160385
0.214813838325
0.123760778384
0.000978220060901
0.0524030232074
0.145889539752
0.000774441137379
0.190454589164
0.0776420015162
0.014710603753
0.189449840746
0.2527630643
0.145176119259
0.15190818536
0.0786320959838
0.214245843362
0.148236998074
0.0
0.272415881399
0.128514966618
0.211054733064
0.0342156180128
0.172410908351
0.259908721394
0.0489106971443
0.223744865265
0.205171935887
0.134801904423
0.051414756784
0.195031714111
0.121129834758
0.207690140992
0.0751836057943
0.101734052147
0.000980879892957
0.000980879892955
0.000980879891991
0.000980879892957
0.000980879892957
0.000980879892957
0.000980879892957
0.000980879892957
0.000980879892957
0.000980879892957
0.000980879892957
0.000980879892957
0.133062745199
0.194424970132
0.0
0.000980879892957
0.0069578675766
0.188342412992
0.228532577492
0.178093786246
0.0327476800856
0.930418386531
0.0671288342276
0.0431320294496
0.0836607343152
0.171436729293
0.0788743448045
0.198931560946
0.00587725012163
0.114476862925
0.119726109317
0.154320444152
0.00196449108188
0.00196251423601
0.0614422219527
0.0626229565063
0.161099622221
0.00295559008095
0.116680041198
0.0
0.0338361467547
0.0674598092221
0.147624571927
0.153369538938
0.165772567879
0.000932773163233
0.000980774332177
0.215085123866
0.109035716782
0.0110375307616
0.145980212238
0.0
0.06005822232
0.10701298493
0.000845349093165
0.0145782557055
0.086386249424
0.0
0.0
0.0180864030188
0.0927112383833
0.0272456248825
