0.241292675258
0.11618275525
0.674967794483
0.366962687843
0.156967354251
0.00910077445898
0.012589350475
0.12355024772
0.00236883931016
0.487435968447
0.15496595093
0.00236883931016
0.402279134831
0.171819912099
0.182620349443
0.344946133658
0.157271013554
0.259188203754
0.40821436002
0.0
0.446245031464
0.199321596245
0.281205467388
0.0807729894218
0.187970245676
0.535065144099
0.262624376385
0.385447316159
0.319783718523
0.326340206249
0.072750663169
0.429179249158
0.241219844659
0.540334024273
0.255801656767
0.314870047954
0.00236883931016
0.00236883928052
0.00236883931001
0.00236883914436
0.00236883931016
0.00236883931016
0.00236883931016
0.00236883931016
0.00236883931016
0.00236883931016
0.00236883931016
0.00236883931016
0.365206759056
0.354743555975
0.0
0.00236883931016
0.037201088287
0.368463402009
0.0154906098832
0.218430024002
0.194384557944
0.115860798671
0.0314940173907
0.0191357138486
0.00752333913298
0.0994604495152
0.0302574322423
0.340918950375
0.0142703718011
0.0908092454231
0.207787683723
0.37039090086
0.0185262331918
0.0185199993353
0.174237835723
0.115094974681
0.143907769416
0.0279354902327
1.24559086131
0.0
0.0603726841031
0.202937596534
0.244995702125
0.212629346307
0.311930956786
0.00236883931016
0.00236856576236
0.424704948855
0.0885752849726
0.0118318880438
0.309896202522
0.0
0.043305727862
0.079918418265
0.00893032109507
0.0022629500263
0.0814441415643
0.0
0.0
0.0498734423103
0.232751534811
0.102850858122
