0.370301131771
0.795471314066
0.798714594843
0.75062963683
0.116798183826
0.00167609835657
0.0269618600128
0.136671295681
0.00149978907569
0.318774825744
1.4346854702
0.0202282981399
0.248604171783
0.639123324617
0.402274853684
0.533393647196
0.165669260977
0.580723785208
0.205552496692
0.0
0.725141220322
0.271760373657
0.170311040064
0.350088791007
0.531016832228
0.553967026389
0.464698072252
0.365479033942
0.378294937068
0.379713838241
0.133407208418
0.402957317462
0.380121632227
0.351394934822
0.149438882515
0.269954621785
0.00167945976521
0.00167866047254
0.00167945979013
0.0016794597907
0.0016794597907
0.0016794597907
0.0016794597907
0.0016794597907
0.0016794597907
0.0016794597907
0.0016794597907
0.0016794597907
0.276907730181
0.378752650316
0.0
0.0016794597907
0.0109597058691
0.334150644507
0.0750490258531
0.128609975254
0.0863945632459
0.0775544281056
0.00665439249208
0.0639802829041
0.118775493088
0.268803290586
0.0597655576685
0.555964243399
0.0274166004052
0.147777900541
0.320096277641
0.160324013041
0.0411005294606
0.0410675575003
0.151226204174
0.104813438451
0.385877949326
0.00506200351843
0.159631427878
0.0
0.0500729743442
0.342055158911
0.322934964446
0.265224054309
0.230368945385
0.00167623723177
0.00167929524214
0.652484930778
0.178087977709
0.0501863475189
0.23621674618
0.0
0.0732624335229
0.0730989150262
0.00160336162752
0.00164907659659
0.0450786289446
0.0
0.0
0.0140424358631
0.152181811793
0.380554403919
