0.0258316366251
0.00689035400855
0.0356221317031
0.0184088616552
0.0033198760302
9.32672909856e-05
0.000565341731073
0.00649216981899
9.32672909856e-05
0.0347702245455
0.00657321609019
9.32672909856e-05
0.0200923330202
0.0202822937795
0.00899035724843
0.0214331357753
0.0116044364461
0.0163726014248
0.0391261815824
0.0
0.0241695601301
0.0221583663855
0.0133614170281
0.00438440558115
0.00791648167091
0.0404520406325
0.0109953519889
0.0329195632614
0.0279158749642
0.0329195865746
0.00413397773135
0.0306797129342
0.00946639507605
0.0223920135792
0.0080480154736
0.0126796816069
9.32672909856e-05
9.32672909856e-05
9.32672909856e-05
9.32672909856e-05
9.32672909856e-05
9.32672909856e-05
9.32672909856e-05
9.32672909856e-05
9.32672909856e-05
9.32672909856e-05
9.32672909856e-05
9.32672909856e-05
0.0226421292748
0.0278943204568
0.0
9.32672909856e-05
0.000660926333052
0.0339936909249
0.0356982754881
0.0454077439831
0.00664079460465
0.0672035311929
0.134094703315
0.000756908395629
0.000853291238142
0.00926476839582
0.000660926333052
0.0369682233566
0.000565341730511
0.00462188941729
0.00954663086256
0.0365140044875
0.000186912965872
0.000184617725095
0.0063938872032
0.0073977161917
0.00701615287444
0.000280940107433
0.0316263527264
0.0
0.00234951870384
0.00804801547413
0.0122304197861
0.00818030312266
0.0114530898758
9.32672909856e-05
9.32509770594e-05
0.0344036172072
0.00639390454113
0.00075690839563
0.0276085067286
0.0
0.00183703394562
0.00143804314698
9.32672909856e-05
9.12280502087e-05
0.00350858062543
0.0
0.0
0.00114486195525
0.015448889843
0.00473588417931
