0.249253067725
0.347917361202
0.681402859788
0.58157111635
0.148294622965
0.00271985470137
0.0101068444096
0.0918527442121
0.0367765319161
0.268951454527
0.462747727967
0.00272850702226
0.247047911719
0.372876047049
0.405469600631
0.519978339564
0.122433049149
0.387170094321
0.239187790933
0.0
0.598861596875
0.32614451432
0.193082562639
0.35347968403
0.300230101245
0.484084851125
1.45949634116
0.528158027555
0.358294214193
0.496805309588
0.0875122625257
0.573027022616
0.469391708544
0.796713819608
0.230675358666
0.324660613306
0.0027285069346
0.0027276062665
0.00272850702213
0.00272850699154
0.00272850702226
0.00272850702226
0.00272850702226
0.00272850702226
0.00272850702226
0.00272850702226
0.00272850702226
0.00272850702226
0.40441728634
0.499557986927
0.0
0.0074595030716
0.0381597512931
0.413048879829
0.0439572917882
0.166054704499
0.0592736023644
0.04806290868
0.0108733589935
0.0187973696725
0.0587810559275
0.12006683143
0.0743319198812
0.515749683339
0.0393287638644
0.130424673154
0.239551210849
0.194782812432
0.0672177640223
0.0671851248631
0.157830537381
0.088312070535
0.397995659612
0.00822783501428
0.262660307036
0.0
0.174201586573
0.387046193049
0.431293766547
0.211928799919
0.287370801653
0.0374547406374
0.0376216243287
0.669950013178
0.163897287565
0.0665726388784
0.239154754025
0.0
0.054384640557
0.0531969639542
0.00268342035882
0.00268142413774
0.0339600592255
0.0
0.0
0.013565999946
0.0503372156219
0.346965949857
