0.399858500299
0.172558303532
1.1523185236
0.693680972741
0.223813855669
0.00501458523448
0.0645713846866
0.331966232756
0.0193838156095
0.474873618119
0.247070392447
0.0050221656492
2.04888842739
0.635662162086
0.386127160547
0.933166940281
0.343488993845
0.514422925853
0.382115370325
0.0
0.508560094623
0.238603946369
0.536966049436
0.0988377479723
0.272985072768
0.665491614318
0.249279650077
0.484235418421
0.365133971307
0.548372177937
0.176882746502
0.493519089897
0.368474732124
0.690189395617
0.315584961171
0.39348113036
0.00846969259581
0.00846875316033
0.00846969268136
0.00846969245847
0.00846969268224
0.00846969268224
0.00846969268224
0.00846969268224
0.00846969268224
0.00846969268224
0.00846969268224
0.00846969268224
0.634316893976
0.465656719696
0.0
0.0050221656492
0.0254026563562
0.536933490917
0.0164537587174
0.194995205579
0.39656466584
0.188033872485
0.0200520554165
0.0495356111133
0.0210423226179
0.162899002092
0.0601514603285
0.45050715672
0.0174829171943
0.251427093359
0.341884758774
0.372727146978
0.0158603054285
0.0158267931529
0.187232564007
0.157291894361
0.211465185441
0.015163881961
0.406271398848
0.0
0.132998995114
0.267769934442
0.505329145318
0.313223917103
1.11044381926
0.0201281673313
0.020227565993
0.638283042503
0.211548858968
0.00562601513684
0.398646847721
0.0
0.125503949792
0.0780865793064
0.00480191469948
0.00831959380141
0.171880414351
0.0
0.0
0.0262628892982
0.297022479473
0.105001552851
