0.360068751345
0.343970497787
0.783462138292
0.66945494868
0.196577922534
0.00405003317626
0.0419189290224
0.195138182962
0.00815676979287
0.385239617611
0.568729118645
0.0296223603223
0.505158814043
1.02984889779
0.497797568949
0.609280204448
0.285993188212
2.13336446685
0.33088683405
0.0
1.0198495137
0.504131214673
0.320340203905
0.161778508132
0.384823197092
0.593169850929
0.385452640504
0.517255234122
0.524830409944
0.372029943555
0.159358732678
0.457783097073
0.47162379873
0.496265126095
0.114332253457
0.283380693322
0.0160357959711
0.0160350301896
0.0160357960564
0.0160357958274
0.0160357960588
0.0160357960588
0.0160357960588
0.0160357960588
0.0160357960588
0.0160357960588
0.0160357960588
0.0160357960588
0.323761861342
0.422733314094
0.0
0.00405812699729
0.0468362151503
0.598183148925
0.108926781672
0.267010287792
0.11007508805
0.211047506886
0.0161524992977
0.082456596342
0.119727181163
0.299226969633
0.127651285424
0.516236203058
0.0297900665741
0.340282346843
0.328247872864
0.258892300252
0.0672179936844
0.0671848046988
0.305368611198
0.215387941409
0.359694315047
0.0122458967454
0.259279972096
0.0
0.131291114963
0.340153629736
0.450894686639
0.278369140794
0.55587511315
0.00867156182306
0.0086733964759
0.747212744477
0.284081763476
0.0738902721238
0.245688717739
0.0
0.0841470237864
0.107336296546
0.00380484284936
0.00852788287253
0.150452639689
0.0
0.0
0.0495492452058
0.122267353517
0.181749472126
