0.492054827442
0.462918885424
0.958292613485
0.770594008726
0.173075662346
0.0080668495394
0.0429105370141
0.181297546595
0.00764799133185
0.525774563499
0.633886591944
0.0266028103136
0.629269360546
2.1317555642
0.464931190731
0.620497133943
0.426020245057
1.0338020367
0.500865770733
0.0
0.926847165584
0.290068284938
0.341033532669
0.239503334608
0.510542984229
0.773378968154
0.371681809882
0.546742080235
0.464538545015
0.476044820808
0.191284355372
0.55753379525
0.547222938288
0.60059662953
0.06711421297
0.286902692589
0.00899468523906
0.00899379595069
0.00899468532725
0.0089946851295
0.00899468532823
0.00899468532823
0.00899468532823
0.00899468532823
0.00899468532823
0.00899468532823
0.00899468532823
0.00899468532823
0.401042144821
0.560240870094
0.0
0.0296223603223
0.0713545994788
0.64823698166
0.125124083669
0.170989380018
0.138000124864
0.24981141415
0.0200501285062
0.0462491617127
0.161595296036
0.309505059358
0.122006722088
0.708399938956
0.0617165790121
0.400771567789
0.37510160083
0.299185969537
0.0672182812433
0.0671850163771
0.264829935673
0.357583302029
0.318991255946
0.015163881961
0.172254108289
0.0
0.0721424459239
0.304728216965
0.48234599657
0.265196915292
0.645857698379
0.008056578948
0.00817560332658
0.754488319196
0.204169375044
0.0515157726048
0.295672139558
0.0
0.112957841948
0.168259144329
0.00474413049906
0.00884392283438
0.166840680894
0.0
0.0
0.0895536346036
0.120434014319
0.287724129134
