0.280326660466
0.0977889306171
0.631549891621
0.40134136671
0.187914903774
0.00324698433917
0.0572815127585
0.240909044098
0.00286520546043
0.280497315629
0.167415814864
0.0136336602103
0.53718168309
0.342291927823
0.256844178401
0.371975674278
0.244418412349
0.32150299473
0.293555320388
0.0
0.406013478795
0.196896111609
1.76563739717
0.154555250013
0.178509610357
0.665732356044
0.19453980808
0.319784490671
0.231546830697
0.367356000101
0.112621663958
0.4339257614
0.214764949091
0.612502016387
0.121570885926
0.295774756697
0.00827237693964
0.00827157371749
0.00827237702479
0.00827237682532
0.00827237702563
0.00827237702563
0.00827237702563
0.00827237702563
0.00827237702563
0.00827237702563
0.00827237702563
0.00827237702563
0.493696492989
0.465298990915
0.0
0.00331388705854
0.0235832919275
0.348615932285
0.0668017040836
0.104665817165
0.212946373508
0.208655081107
0.0131539339131
0.0769660358653
0.0448250048005
0.187283073455
0.0473526183199
0.202981571198
0.0200222272889
0.23367694802
0.185335754831
0.197985622898
0.00664234567928
0.00664007836781
0.0694526710047
0.119852198561
0.112227244598
0.00999599724505
0.282197349304
0.0
0.0658526076025
0.230819439666
0.335038577089
0.214551622271
0.532966726198
0.00319623897674
0.00331362213164
0.442957721319
0.157940297246
0.011212481916
0.186531990551
0.0
0.101629611219
0.143489155711
0.00311777712388
0.00326263140957
0.180028164994
0.0
0.0
0.029920721881
0.203825241303
0.1181765753
