0.0709195824988
0.0957921114579
0.361549086482
0.285433863436
0.0946635778234
0.016735178171
0.00783242167446
0.0810092086198
0.00159373895863
0.224042070231
0.125362964817
0.0016794597907
0.191997632552
0.170664503784
0.157574799568
0.2338568311
0.0515078455641
0.266936175117
0.154638274756
0.0
0.305362413702
0.227099538479
0.104172711033
0.0610551149834
0.129427872863
0.189965288601
0.16487318407
0.212722897459
0.21947764163
0.325532028454
0.112259384069
0.288015012718
0.222055736194
0.250476612589
0.311371491388
0.481114453125
0.00167945976461
0.00167945976505
0.0016794597904
0.00167945963637
0.0016794597907
0.0016794597907
0.0016794597907
0.0016794597907
0.0016794597907
0.0016794597907
0.0016794597907
0.0016794597907
0.154801341169
0.270679643224
0.0
0.0016794597907
0.0119236895313
0.532628550155
0.0816001060684
1.18272335443
0.117037599981
0.175917228832
0.045155806613
0.0189030277111
0.0154041113885
0.120828831165
0.107319463524
0.242356191907
0.0100937323676
0.0852891794175
0.175480310828
0.172894838061
0.0033658528509
0.00336381210848
0.474003194713
0.121487826627
0.0845717693341
0.00506200351843
0.218454094542
0.0
0.0426362031669
0.112108253518
0.143512917763
0.219012602235
0.16247889875
0.00167945530647
0.00167930265273
0.278187887749
0.116225044686
0.0223861269574
0.184348022938
0.0
0.136110063367
0.0820121866045
0.00157924234355
0.00164948992965
0.0868991561473
0.0
0.0
0.0248053643523
0.175962652512
0.0615838482656
