0.062914414632
0.0227673571816
0.0486584508256
0.119737919613
0.00604099652095
0.000163634453628
0.000995484884089
0.0114440434885
0.000164220499267
0.0508920495362
0.0594808420949
0.000164220499267
0.059817060107
0.121753168965
0.0573192230521
0.0557138323047
0.0307183953669
0.127636054427
0.0296971139723
0.0
0.0723954697936
0.0761921117463
0.0471927226734
0.00816704735166
0.0290524983299
0.102689030417
0.0742992659899
0.0985867462409
0.0509440546523
0.107333010217
0.0141386804566
0.0450118918593
0.0676549404612
0.0615807198103
0.014186481833
0.080754172217
0.000164220499267
0.000164220499267
0.000164220499132
0.000164220499267
0.000164220499267
0.000164220499267
0.000164220499267
0.000164220499267
0.000164220499267
0.000164220499267
0.000164220499267
0.000164220499267
0.0369814659239
0.0659127132501
0.0
0.000164220499267
0.00116380360883
0.0754975192461
0.104833984226
0.107319404442
0.0308203890271
0.0787163191455
0.000658631092275
0.0150214037328
0.0532916109525
0.0570765623141
0.227836208172
0.120383185699
0.00099548965059
0.0754563577375
0.0256996546123
0.0149857123514
0.0672177327003
0.0671836633659
0.0669985433974
0.031014146306
0.0623225229594
0.000494678135784
0.0302566419076
0.0
0.00413821334457
0.0141876382721
0.0323163668866
0.0162523183953
0.0461937736047
0.000164216015035
0.000164195772378
0.0668641134553
0.0692141546624
0.00133284724641
0.0296236807867
0.0
0.00323964063885
0.0156233163748
0.000145501699244
0.000161086762901
0.00618075904537
0.0
0.0
0.0124465316736
0.0116546705462
0.00810558402836
