0.306911339528
0.133283303241
0.684492846102
0.381414812194
0.248481808669
0.0140269138427
0.0242698603417
0.152950034006
0.0368642624264
0.541647436342
0.199531663456
0.0188625365787
0.386954927507
0.499909909292
0.298024676895
0.294572273644
0.252031977239
0.330635977172
1.90901969964
0.0
0.509837313671
0.345964474188
0.294256337196
0.0967947356386
0.19474036407
0.599111014016
0.238015750969
0.472741056961
0.388856223076
0.506184351488
0.111093072957
0.566926189028
0.292366388084
0.428790486075
0.128634424019
0.302661959698
0.00327295914079
0.00327295916735
0.00327295919555
0.0032729590382
0.00327295919654
0.00327295919654
0.00327295919654
0.00327295919654
0.00327295919654
0.00327295919654
0.00327295919654
0.00327295919654
0.338511090976
0.500303043944
0.0
0.00327295919654
0.0400827959019
0.585902469911
0.0363647415886
0.156096924427
0.132481143382
0.146454428481
0.0391515077268
0.0271435078566
0.034663580917
0.223865610985
0.030009065999
0.608917080574
0.011807603941
0.214277192655
0.257288661605
0.447334940614
0.0099596006497
0.00993181048665
0.208052670762
0.175063629781
0.137891972029
0.0293947206212
0.41046893605
0.0
0.0688600891319
0.218506194175
0.359707980788
0.227119939629
0.261244633662
0.0374952606976
0.037621626369
0.587886530373
0.227401620373
0.0414195596501
0.367160218013
0.0
0.0700939188713
0.102929708935
0.00937820806462
0.0186807947571
0.064220272253
0.0
0.0
0.1360966415
0.149243490181
0.110399607782
