0.231224090935
0.240950849175
0.483604898978
0.481668429185
0.131645330059
0.00173238654012
0.0069883002362
0.169291182201
0.00884319384563
0.23730155052
0.383479273817
0.00933425181391
0.211189559184
0.31673292686
0.282828035794
0.508010577283
0.110292933107
0.36052354146
0.137039872652
0.0
0.474310806669
0.17915166573
0.112172322665
0.0482075436822
0.248988602133
0.302937941342
0.398043361481
0.267922253062
0.295035032534
0.254342712515
0.0962694275571
0.241430858818
0.345439877788
0.295755357867
0.112424930958
0.229850630319
0.0017416791737
0.00174080818118
0.00174167919745
0.00174167919817
0.00174167919817
0.00174167919817
0.00174167919817
0.00174167919817
0.00174167919817
0.00174167919817
0.00174167919817
0.00174167919817
0.194823469566
0.217372283789
0.0
0.0231837984245
0.0403594303976
0.545067603126
0.0793602224293
0.0845693398115
0.0808919759665
0.160351269841
0.00692954011012
0.0277956123934
0.0967797467384
0.135644882195
0.0628096407899
0.417911520068
0.032592666574
0.118818798991
0.138004088598
0.203179254559
0.0389298506607
0.0388968667166
0.153419447364
0.0506305007382
1.14484452125
0.005249677139
0.143908561777
0.0
0.162696793822
0.171456654029
0.298047883656
0.186151879134
0.193412894088
0.00912524760718
0.0093336441583
0.429846374471
0.119675427368
0.0776976721075
0.191122717629
0.0
0.0560204099553
0.0536754661749
0.00163253924408
0.00920652995423
0.0633143049641
0.0
0.0
0.0129944325534
0.0462630912142
0.0581326329296
