1.57210820165
0.39583625191
0.732492936755
0.623352609959
0.118300166447
0.00485218251159
0.0401027760959
0.0809814371651
0.00792556840237
0.42757539641
0.365733934012
0.00485882956735
0.390662797236
0.490339970617
0.26222763354
0.418448249408
0.0836679742146
0.359705990456
0.30508421098
0.0
0.492927369677
0.147038220663
0.279255929966
0.194424147798
0.313874331931
0.445738232033
0.247230038251
0.291362454615
0.258153586545
0.345160455536
0.0565374193328
0.36223019427
0.233541399705
0.392627540137
0.0784667103785
0.158204216739
0.00846969259091
0.00846875052825
0.00846969268106
0.00846969245165
0.00846969268224
0.00846969268224
0.00846969268224
0.00846969268224
0.00846969268224
0.00846969268224
0.00846969268224
0.00846969268224
0.337523979354
0.466589699089
0.0
0.00485882956735
0.038641857858
0.42732934774
0.0418615446125
0.0709069335444
0.175743797024
0.148808411659
0.0255978307211
0.0210749670749
0.0278367057673
0.154859937672
0.0629124158211
0.359048586075
0.0294876946832
0.0530065836571
0.12027866927
0.271788732711
0.00974746783751
0.00971935791579
0.0901806985329
0.053720278677
0.230818340535
0.0193013590132
0.241291735351
0.0
0.0413644385719
0.207072433822
0.204779661872
0.14432191936
0.421493428438
0.00846551837755
0.00846909845804
0.521903761303
0.0652317243101
0.0255839792545
0.213124205498
0.0
0.100537011636
0.0614934995768
0.00605623672361
0.00472885802061
0.0485102247516
0.0
0.0
0.0623703465539
0.132401378319
0.227445530269
