0.445741851467
0.299071578494
0.871221898025
0.69810930561
0.190947189879
0.0114961562862
0.0455037991951
0.194289708838
0.0108576114145
0.564483308347
0.546854672086
0.0231837984245
0.659079267961
0.770005527843
0.431382658098
0.671526411442
0.269825646047
0.592813179392
0.596530935504
0.0
0.782346617229
0.562873478797
0.662314157719
0.20601248394
0.398157390537
2.71534210637
0.483520363333
0.703493082652
0.648470421343
0.766322392845
0.235297189
0.596290995719
0.655127776806
0.772165220721
0.210946540843
0.430583534057
0.00631679739013
0.00631594706206
0.00631679747496
0.00631679728367
0.00631679747579
0.00631679747579
0.00631679747579
0.00631679747579
0.00631679747579
0.00631679747579
0.00631679747579
0.00631679747579
0.673334210241
0.703532186959
0.0
0.00631679747579
0.0483278266516
0.610327437255
0.15755680968
0.189948327544
0.315066187738
0.256523304645
0.0401849070311
0.0860865407685
0.169100067946
0.370035307402
0.102722983372
0.624764612762
0.0290042888968
0.404236144387
0.367451186405
0.440960086284
0.0672179863534
0.0671870391379
0.237437852426
0.200273088752
0.301925367405
0.0315465176711
0.535115749566
0.0
0.120318929986
0.387861246989
0.604145681196
0.359815531067
0.597488065485
0.0115048452806
0.0115867808069
0.755309546733
0.223614647183
0.0667497101008
0.383208310464
0.0
0.227686110477
0.165373896511
0.0113665118823
0.0186804182258
0.143891580815
0.0
0.0
0.0840245599439
0.317546374201
0.239698158613
