0.00134133628908
0.000186912965872
0.0513942204066
0.000184873725095
0.0122190815243
9.32672909856e-05
0.000280940107433
0.00173934084813
0.000660926307555
0.000186912965872
0.00563805297465
0.0074771636347
0.000186912965872
9.32672909856e-05
0.00678501804198
9.32672909856e-05
0.0
9.32672909856e-05
0.000280940081938
0.00018689665155
0.000186912965872
0.000470151310917
0.000184873627211
0.0
0.000186912965872
9.32672909856e-05
0.0
0.00037535183627
0.000186912965872
0.000470151311439
0.000280922769506
0.0
0.0218743066498
0.000280940107433
0.00134133628908
0.00075690839563
0.0296223603223
0.0122761304582
0.000188861907398
0.000470151311439
0.000186912965872
9.32672909856e-05
0.0300472296876
0.0221150001967
0.000280940107433
0.00739952851985
0.00297626537581
0.000470151311439
0.000467600070662
0.0098795758768
0.0
0.000375351835732
0.0
0.0136243641509
0.00035935183627
0.0
0.000853291238142
0.0186137590811
9.32672909856e-05
0.0182349270757
0.000565341731076
0.0202551049832
0.00037535183627
0.0
9.32672909856e-05
0.000373296281567
0.000186912965872
0.000186912965872
0.0
0.000186912965872
9.32672909856e-05
0.000186912965872
9.32672909856e-05
0.000186912965872
0.000280940107433
0.0
9.32672909856e-05
0.0
0.00018691296535
9.32672909856e-05
0.000184873725095
0.000280940107433
9.32672909856e-05
0.00462188952111
0.000186912965872
0.000565325416628
0.00028094010743
0.021762828064
0.00264476488944
0.0475173625205
0.000184873725095
0.0671252779241
0.0074477995663
0.000980544144296
0.0
0.134349925908
0.0147358271425
9.32672909856e-05
0.0
0.00037535183627
0.0180295994681
0.000565341731076
0.00037535183627
0.0229166551457
0.0339730390167
