0.0191024069964
0.059044013322
0.109074284138
0.147563181957
0.387041359296
0.32491616602
0.0912228867456
0.568199573632
0.264740765122
0.0131458660053
0.307880567735
0.10899847653
0.396285864303
0.0
0.00618020162185
0.0135440314059
0.515713988185
0.0100799332509
0.0
0.0
0.00901701231794
0.00901701233556
0.0
0.355506089122
0.015849204041
0.0
0.0
0.012080900014
0.189430360644
0.217507693272
0.3118684762
0.0277512601598
0.119281303303
0.214181128506
0.0981192912392
0.0
0.239072250614
0.0
0.0
0.0507350876478
0.0
0.0634345320362
0.00449474831253
0.294379130839
0.057955967839
0.054585853483
0.0135670415038
0.3973207471
0.160363662405
0.0
0.232016901498
0.175719831738
0.152854664128
0.019864996556
0.205783275146
0.0595654023545
0.023694553398
0.0204628050523
0.491881330841
0.0
0.113405503927
1.62607902625
0.738939010784
0.0746917601168
0.548897500407
0.104453297067
0.483771176631
0.0
0.278005237462
0.12015459437
0.199151381733
0.382389415647
0.299911172028
0.348848587889
0.33419136486
0.0634014262246
0.00618020299158
0.444247697917
0.0
0.00449478334699
0.18215783204
0.0
0.0781512267661
0.0350009983102
0.0
0.0
0.00901701233556
0.0134895771276
0.00449478334699
0.00449478334699
0.0462270068633
0.37104273069
0.0
0.0373318673229
0.00901701233556
0.0
0.663352087047
0.0
0.0110339143198
0.0
0.0781387551729
0.0068284179901
0.0456899195103
0.0256828695076
0.100263907933
0.212069444434
0.0781137734059
0.311700477269
0.40690948796
0.134010832927
0.31110437401
0.359975914992
