0.223289395322
0.0546118448043
0.130816094748
0.165784825963
0.270625977464
0.0417226275895
0.191893155776
0.137480090549
0.101677615069
0.0741338829581
0.0452945344136
0.0753624799442
0.1063005489
0.0578885843101
0.201195176965
0.164269979602
0.0831439593383
0.076370926715
0.126640093738
0.00554186453789
0.125049324383
0.0111213465271
0.0111213526935
0.011121352709
0.0196247127614
0.0086051627528
0.122315020223
0.112019795184
0.298405495323
1.08386013183
0.0793975287216
0.067221544663
0.541098335398
0.341365355523
0.0879141548761
0.115972010071
0.0672215447583
0.0967974598564
0.35253681626
0.0377816868204
0.0434561772002
0.0296223603223
0.0296223603223
0.0414454325278
0.129855462656
0.0102124797878
0.0225037320574
0.318518097416
0.322637715425
0.0255946699528
0.0324310544694
0.0213898416545
0.025400317814
0.0346363882079
0.0
0.104195480915
0.0396503607041
0.0
0.0
0.0902627899123
0.0
0.451687006218
0.00563574189369
0.00731317647452
0.0302765880696
0.0
0.00592672291305
0.044810865691
0.0787273462291
0.0
0.0
0.31718452092
0.103098700856
0.181800260202
0.00291158105254
0.0424779987755
0.0433953704336
0.00554189121095
0.580282892142
0.19429568762
0.10914764827
0.203960775046
0.00224405342041
0.0591392648416
0.0
0.0449654798264
0.360970423799
0.0635235036716
0.0
0.03146023908
0.0237963149619
0.224730046927
0.0784365511745
0.098361263891
0.120105607422
0.0210217214308
0.0488216543459
0.0
0.0358509521614
0.0149191623506
0.0296223603223
0.00592672291312
0.0117351623252
0.0240898205612
0.0
0.0210217188121
0.269999828479
0.0553453902625
0.0169122612826
0.0220034508604
0.208814959538
0.181448841307
0.224458445227
0.00865135817396
0.105131168595
0.0396479015985
0.076766261006
0.0029555842202
0.0029555842202
0.00295557320373
0.0029555842202
0.0029555842202
0.0029555842202
0.0029555842202
0.0029555842202
0.0029555842202
0.0029555842202
0.0029555842202
0.0029555842202
0.0029555842202
0.0029555842202
0.0029555842202
0.0029555842202
0.0029555842202
