0.0514053253675
0.0358875477039
0.0414776747555
0.0419412458355
0.0652124581054
0.0327911809092
0.0656225465513
0.112388189657
0.0442135374627
0.0338354081896
0.033149486633
0.0355593118947
0.0358613866658
0.034776790928
0.0573269376356
0.0464835495913
0.0366751702425
0.0360613616132
0.0748529662738
0.000212011980631
0.0046448425413
0.000424893062215
0.000424893061306
0.00042489306222
0.000853291238142
0.000853291238142
0.0134488797813
0.0526429779596
0.080957846783
0.0879111881422
0.0682252625839
0.0672215446614
0.0855053331488
0.0815484943611
0.251153026719
0.0698628283955
0.0672215447583
0.0673871115149
0.0978720898961
0.0341739137186
0.0325393690297
0.0296223603223
0.0296223603223
0.0303823842694
0.0428423402474
0.00150258856165
0.00629027164882
0.0503752321171
0.0282570892078
0.0484979182468
0.00260311468171
0.00282398905637
0.00150258856098
0.00534365227488
0.0
0.0590033310338
0.0110385166103
0.0
0.0
0.0360895911049
0.0
0.038722138133
0.000420304770472
0.0393177247407
0.00216010702066
0.0
0.000424893062214
0.00150258856165
0.0567396997053
0.0
0.0
0.0587775565224
0.0515701586509
0.0609580424058
0.000154176623267
0.0246388927641
0.0214445077421
0.000212011980773
0.0422425655398
0.0748586741864
0.0107441512503
0.0365393394669
0.000212011980773
0.017082620372
0.0
0.0115646053824
0.0619634408311
0.0508406027882
0.0
0.00128525284613
0.001567773289
0.0512776587574
0.0105178007283
0.0277957236706
0.0118295944195
0.00150258856165
0.00922082470534
0.0
0.00128525284587
0.00106882291146
0.000212011980773
0.00042489306222
0.000780822911463
0.00172083767239
0.0
0.00150258832001
0.0247160160341
0.0283113463977
0.00652099739579
0.00611701917053
0.0411650995919
0.0227362135335
0.0154161555617
0.00501663705202
0.0165002739765
0.00569704903336
0.0061914081085
0.000212011980773
0.000212011980773
0.000212011980773
0.000212011980773
0.000212011980773
0.000212011980773
0.000212011980773
0.000212011980773
0.000212011980773
0.000212011980773
0.000212011980773
0.000212011980773
0.000212011980773
0.000212011980773
0.000212011980773
0.000212011980773
0.000212011980773
