0.0480618622866
0.000423138520732
0.00746068402567
0.00952129387196
0.000566514604214
0.0603888928707
0.00100237864605
0.000423138520732
0.0188815990843
0.000638650399513
0.000638650399905
0.000566514604214
0.00122681990746
0.000781996281025
0.0282889260169
0.0314108789721
0.0250406143231
0.00469091649667
0.0188800695609
6.98087704289e-05
0.0741965897692
0.0258408532151
0.0110924996922
0.0272295189046
0.027933638434
0.0
0.0
0.000139900175164
0.00545898011295
0.0
0.0
0.00956677700173
0.0109423887446
6.98087700374e-05
0.0659953075278
0.00652180754814
0.0
0.0697298955488
0.00891358422898
0.0518005754412
6.98087704289e-05
0.0
0.000280927871988
0.000280927871988
0.000139900175164
6.98087704289e-05
0.000210264276696
0.00191331219484
0.0
0.000280940107433
0.0201727075189
0.000421417013664
0.00789486889879
0.000856878880081
0.000208747081558
0.0053442824467
0.00078228657514
0.00295559008095
0.0
0.00822783501429
0.000494678135784
0.0305760237336
0.00320528156601
0.00487634260967
0.0137183445493
0.0
6.98087704289e-05
0.000783830024408
0.0937779098478
0.04149780987
0.032742384491
0.000351893315714
6.98086970162e-05
0.00295559008095
0.0262690936829
0.0
0.0247467134854
0.000280940107433
0.0366139592026
0.0459549688347
0.0195151016078
6.97965349842e-05
0.00013990009868
0.00122681990706
0.0
0.0661915220388
0.0225647572963
0.0480618622861
0.00602139050454
0.0360320830101
0.000423138520732
0.00137550907565
0.000783829950994
0.000139900174773
0.00100390807664
6.98087704289e-05
0.0440758670163
0.0
0.00811613854406
0.00152857198295
0.0135655120732
0.00183566484454
0.0631599434607
0.0256450059618
0.00524967713901
0.00354209133421
6.98087704289e-05
0.00145263944775
0.000905815363678
6.98087704289e-05
0.0
0.0018339556494
0.0
6.98087704289e-05
6.98087704289e-05
6.98087704289e-05
6.98087704289e-05
6.98087704289e-05
6.98087704289e-05
6.98087704289e-05
6.98087704289e-05
6.98087704289e-05
6.98087704289e-05
6.98087704289e-05
6.98087704289e-05
0.00478425352086
0.000492956705202
0.00249924141616
0.000210276435656
0.00093023743051
0.000930237430941
0.000930237430943
0.00183567707956
0.0011521965948
0.0032052959575
0.0583435086068
0.00145263944775
