0.0130349443081
0.0018721575136
0.0149010655296
0.0507139708091
0.00250292444587
0.0406496969537
0.00435338232021
0.0018721575136
0.0314070374554
0.0027672501238
0.0028260574991
0.00250674092153
0.00543074579045
0.00346085207895
0.0299272740296
0.0356489464206
0.0306673159944
0.0203723487865
0.0418618057851
0.00025242843802
0.0896256046386
0.0407478396943
0.0147100942072
0.00909801327391
0.00844928237053
0.0
0.0
0.000618874573712
0.0165617660737
0.0
0.0
0.0859561104906
0.0220631691628
0.000308798962735
0.0328624577132
0.0137274861972
0.0
0.031406383859
0.0149538112241
0.0296356848328
0.000308798964307
0.0
0.00124289826969
0.011144868538
0.000618874573857
0.000308798964307
0.000930183173059
0.00847338981179
0.0
0.00124289827051
0.0303521703481
0.0117233913472
0.0447070604773
0.00346268067328
0.000926804955283
0.0444039644418
0.00346211002011
0.0130984125407
0.0
0.02112115481
0.00218877807054
0.0171384884896
0.0132342333394
0.00402877295941
0.0788130243858
0.0
0.000305890015265
0.00346879830027
0.000930237430943
0.0295575322207
0.0425235415351
0.00155686796241
0.000308794000211
0.0130984125407
0.0783322740275
0.0
0.0458143313493
0.00124289827051
0.0395862844263
0.00609630164358
0.0736517424371
0.000308798964307
0.000618874573857
0.0355369546153
0.0
0.00250674092094
0.0283965928113
0.00778649911562
0.0316061902472
0.0174696339659
0.0018721575136
0.00609629570452
0.00346878883514
0.000618874519617
0.00444335683787
0.000308798964307
0.0220460189951
0.0
0.0211652690779
0.00676775065658
0.0162336429653
0.00798032139632
0.0439981225871
0.0257415427547
0.0099174952144
0.0156146872664
0.000308798836194
0.00643130759952
0.00402537205418
0.000308798964307
0.0
0.00812169854827
0.0
0.0296223603223
0.0296223603223
0.0296223603223
0.0296223603223
0.0296223603223
0.0296223603223
0.0296223603223
0.0296223603223
0.0296223603223
0.0296223603223
0.0296223603223
0.0296223603223
0.0684921018139
0.0383093988756
0.0458901524482
0.0373862012615
0.223173471027
0.223173471061
0.327040693486
0.261040332118
0.260584659814
0.242088073578
0.241800160308
0.203439092654
