0.00213213366389
0.000281516978737
0.00496125770546
0.00632994647392
0.000376902860677
0.00871720714189
0.000667883690796
0.000281516978737
0.0072378336942
0.000424893013278
0.00042489306222
0.000376902860676
0.000816172208955
0.0562019947497
0.00324332804313
0.0123339783796
0.0146231722858
0.00312119279914
0.0128997515805
4.54256037713e-05
0.00841527646567
0.00474819359606
0.00930994730309
0.00380951819772
0.00307047404984
0.0
0.0
9.30781083388e-05
0.0239976974313
0.0
0.0
0.0476806975114
0.0324334203935
4.64452241597e-05
0.021567097918
0.0043372300969
0.0
0.0100446330649
0.0562019947494
0.0303253793212
4.64452241597e-05
0.0
0.000186912965603
0.0295651764291
9.30781083388e-05
4.64452241597e-05
0.000139891506201
0.00127282388809
0.0
0.000186912965872
0.00454151320396
0.000280369307359
0.00524980485684
0.000570063965572
0.000138880554776
0.0180771781531
0.000520447318082
0.00196606390906
0.0
0.00547106925632
0.000329111379171
0.0043372300969
0.0244269881108
0.00324332804313
0.0116165427296
0.0
4.54256037713e-05
0.000521476284261
0.000139900175164
0.0020198692873
0.0561687190803
0.000234118040607
4.64452241597e-05
0.00196606390906
0.00420302288264
0.0
0.0176675106486
0.000186912965872
0.0242342177858
0.00091610038667
0.0236818519946
4.64370671966e-05
0.0670782776173
0.000784172208955
0.0
0.000376902860677
0.0324334203935
0.00116977289859
0.00400458461345
0.00565540554731
0.000281516978737
0.000916100386408
0.000521476235319
9.30781080777e-05
0.000667883690796
4.64452241597e-05
0.00330386414071
0.0
0.0053968456734
0.00101689116437
0.00901599271517
0.045182436584
0.0111213526496
0.0098567919981
0.00349153439464
0.00235734371878
4.6445175218e-05
0.000966390807726
0.0671068259583
4.64452241597e-05
0.0
0.0012200357715
0.0
4.64452241597e-05
4.64452241597e-05
4.64452241597e-05
4.64452241597e-05
4.64452241597e-05
4.64452241597e-05
4.64452241597e-05
4.64452241597e-05
4.64452241597e-05
4.64452241597e-05
4.64452241597e-05
4.64452241597e-05
0.0285458099092
0.000327963758782
0.00166247457949
0.000139900124175
0.0562019825534
0.000618874573856
0.000618874573857
0.0012211833916
0.000766530706627
0.00213213366389
0.00184422039459
0.000966390807726
