0.00106371563833
0.00014047236572
0.00652794975162
0.0032323195637
0.00018749295596
0.00434552976011
0.0003332514958
0.00014047236572
0.00360880992355
0.000212011956302
0.000212011980773
0.000188066766153
0.000407236982876
0.000259591314051
0.00161790407273
0.00591549214912
0.007114069215
0.00149608033024
0.00846771413085
2.26660760559e-05
0.00676891315242
0.00236820149982
0.0037843570114
0.00190022253173
0.00153163863434
0.0
0.0
4.64452241597e-05
0.00181092510586
0.0
0.0
0.00317139699482
0.0060214077173
2.31758861196e-05
0.00277483445016
0.00674712257113
0.0
0.00636981205317
0.00598118863397
0.00199670870662
2.31758862501e-05
0.0
9.32672909856e-05
9.3263212504e-05
4.64452241597e-05
2.31758862501e-05
6.98046919473e-05
0.000635060887577
0.0
9.32672909856e-05
0.00226516950272
0.000139898530031
0.00261822828708
0.00028444524809
6.92989602347e-05
0.00177304228824
0.000259688078756
0.000980879892957
0.0
0.00272850702226
0.000164220499267
0.00216332926919
0.0009844437002
0.00161790407273
0.0057881670169
0.0
2.26660760559e-05
0.000260202561845
6.98087704289e-05
0.00100771683993
0.00317532629408
0.000116821561136
2.31758862501e-05
0.000980879892957
0.00209642073618
0.0
0.00629143483228
9.32672909856e-05
0.00342736061077
0.000457092922666
0.00624809606158
2.31758862501e-05
4.64452241597e-05
0.000407236982876
0.0
0.000188066766154
0.00365219965691
0.000583650394282
0.00199748589981
0.00282005464041
0.00014047236572
0.000457092922666
0.000260202537374
4.64452240292e-05
0.0003332514958
2.31758862501e-05
0.00164809004645
0.0
0.00269151456288
0.000507378265077
0.00449427353679
0.000609294312077
0.00551653177981
0.00754348582375
0.00174167919817
0.00117604600181
2.31758617792e-05
0.000482183350254
0.000300448681233
0.0376223602293
0.0
0.000608538539366
0.0
2.31758862501e-05
2.31758862501e-05
2.31758862501e-05
2.31758862501e-05
2.31758862501e-05
2.31758862501e-05
2.31758862501e-05
2.31758862501e-05
2.31758862501e-05
2.31758862501e-05
2.31758862501e-05
2.31758862501e-05
0.00158737070189
0.000163646689073
0.000829404765496
6.9808744934e-05
0.000308798964163
0.000308798964306
0.000308798964307
0.000609298390416
0.000382469610001
0.00106371563833
0.000919958135723
0.000482183350254
