0.0609094068192
0.00179277547752
0.0399473871082
0.0242309168137
0.00289879031039
0.148708887606
0.00777671717765
0.00216938332641
0.023776142939
0.00317881671366
0.00327481678863
0.00290476766933
0.00629359927868
0.0590439722547
0.00858342764491
0.163296215243
0.0701099939077
0.0205698095861
0.0518305526894
0.000269186601852
0.0687196203542
0.0150978873694
0.0438789443729
0.0464083331531
0.0164469464626
0.0
0.0
0.000717096808764
0.0551529650281
0.0
0.0
0.0698596951136
0.0957238575611
0.000357808079674
0.157140358653
0.0377023987527
0.0
0.150729536801
0.113446921326
0.141309195781
0.000357808081245
0.0
0.00144019090882
0.0305043596672
0.000717101804996
0.000357808081245
0.00107783187449
0.116008549432
0.0
0.00144019590561
0.0192485542788
0.0556955640897
0.096461940824
0.00405938403602
0.00107562488534
0.0386620309964
0.00401197937866
0.00487838060883
0.0
0.0100979496034
0.00680761247705
0.0118968447094
0.165771237256
0.0113414842286
0.0729946826182
0.0
0.000356278650663
0.00401969662501
0.00107789356371
0.0118967982533
0.0836583989328
0.00180402153729
0.000357808081245
0.111437499807
0.0187920881281
0.0
0.0994238239146
0.0544644135577
0.0302302006736
0.00139761065192
0.0943448431179
0.00035779492805
0.067079520458
0.00626159927853
0.0
0.00290476766804
0.0507330268015
0.00388243631765
0.0120769711825
0.00951899896601
0.00216938332641
0.00321575202956
0.00401968278015
0.000717101725048
0.00514917879543
0.000357808081245
0.0368720815786
0.0
0.0207871876166
0.0802063962045
0.076281957826
0.204643674036
0.158962666361
0.0507952129549
0.00611971763223
0.0179898431688
0.000357808007833
0.0074533586691
0.368833356853
0.000357808081245
0.0
0.00941291048228
0.0
0.000357808081245
0.000357808081245
0.000357808081245
0.000357808081245
0.000357808081245
0.000357808081245
0.000357808081245
0.000357808081245
0.000357808081245
0.000357808081245
0.000357808081245
0.000357808081245
0.0491570871691
0.0117794553155
0.00584660497971
0.00107789318129
0.0596993622068
0.00477104425432
0.00477104425433
0.00942151763333
0.00591044157155
0.00853244721199
0.0306892563293
0.0113866510855
