0.020805902166
0.00501643969224
0.0577108232106
0.0976133442072
0.00686430841353
0.117756385045
0.0343039850818
0.00512807617102
0.0813871492791
0.0192673928232
0.00774336347661
0.0260600413483
0.0258728450392
0.00948623847551
0.0807712698719
0.286900664396
0.343347041479
0.193835204062
0.247376950191
0.000734559701672
0.0999296989856
0.0800913626198
0.0807337507696
0.112064101691
0.0900983117599
0.0
0.0
0.0152441659981
0.144946363475
0.0
0.0
0.328088801716
0.225473622783
0.000845409097714
0.186324175533
0.0870142928485
0.0
0.150804117028
0.123684065523
0.342937422445
0.000845409099977
0.0
0.00340372623843
0.00340361634026
0.00169448324845
0.000845409099977
0.00254711575123
0.00909258167115
0.0
0.0227057437891
0.0368958806786
0.0243564715579
0.0722898506603
0.0299760633268
0.015993587623
0.283301147424
0.00948942644382
0.0138021238093
0.0
0.0936815705224
0.0342197613567
0.170584775117
0.126050783577
0.0325964903511
0.239882813258
0.0
0.000843113859201
0.0551770097695
0.0025472544196
0.123433463958
0.192252193448
0.00426401770624
0.000845409099977
0.0368505896555
0.106843154541
0.0
0.416502508961
0.00340375500863
0.164895892519
0.133915205872
0.282169337973
0.00084537126921
0.0016944830145
0.0148931939266
0.0
0.00686771460284
0.129094114828
0.142417371349
0.0624990905468
0.148616841175
0.13738347164
0.0264531849551
0.00950326345619
0.00169445805814
0.0121813222587
0.000845409099184
0.162404291857
0.0
0.176245248076
0.0465096382843
0.115328778602
0.0399590589618
0.4427012245
0.140690680982
0.0516722116371
0.0543554355469
0.000845409022067
0.0176431537084
0.00580596643211
0.000845409099977
0.0
0.218762296948
0.0
0.000845409099977
0.000845409099977
0.000845409099977
0.000845409099977
0.000845409099977
0.000845409099977
0.000845409099977
0.000845409099977
0.000845409099977
0.000845409099977
0.000845409099977
0.000845409099977
0.22574538455
0.0983623299924
0.780624380517
0.0680205023354
0.0473166043988
0.0473294406362
0.0461088732636
0.0746661917624
0.0486372921581
0.0559866723965
0.109863417306
0.0467924149164
