0.0271124251132
0.00279878599644
0.0139236629776
0.0899081733219
0.00391287125743
0.0931305531524
0.00693865201395
0.0029238064955
0.264608759852
0.00437167810285
0.0044139801696
0.00391511343034
0.0151685913175
0.00540600861841
0.029741504748
0.135725545537
0.13373656669
0.0523287374746
0.116311824466
0.000445032500736
0.0831056392862
0.157095454301
0.0836321785335
0.0402295731793
0.0247938929798
0.0
0.0
0.000966390807726
0.101170080419
0.0
0.0
0.0669090348155
0.0637809424739
0.000482183349052
0.297484805549
0.0454032147319
0.0
0.296359600355
0.0498449311374
0.0379480713943
0.000482183350254
0.0
0.0165666291019
0.00194086499315
0.000966390807726
0.000482183350254
0.00145255787812
0.0132425066784
0.0
0.00194094656278
0.0622902105708
0.00291232978172
0.236076136417
0.0351043745677
0.001449126091
0.143567422433
0.00540794610811
0.0204813471437
0.0
0.0859768449554
0.00341839501735
0.038203657317
0.0206916577276
0.137455254289
0.1172408399
0.0
0.000480994523069
0.00541823357429
0.00145263944775
0.100135674488
0.165169907121
0.00243132966608
0.000482183350254
0.0204813469864
0.0439852737506
0.0
0.139566798511
0.00184792606372
0.102810790013
0.00941992110396
0.139318657397
0.000482183350254
0.000966390807726
0.00848454740789
0.0
0.00391511342978
0.0793283894111
0.0121680901689
0.0537045193345
0.0341792438144
0.0029238064955
0.0473325608381
0.0104686748918
0.000966390701892
0.0437416655393
0.000482183350254
0.107440183213
0.0
0.076224536633
0.017149826539
0.0604552733256
0.0328453393165
0.116526815775
0.160395380919
0.0529222355986
0.331776762471
0.000482183323405
0.46457088334
0.00743857371321
0.000482183350254
0.0
0.0126925710885
0.0
0.000482183350254
0.000482183350254
0.000482183350254
0.000482183350254
0.000482183350254
0.000482183350254
0.000482183350254
0.000482183350254
0.000482183350254
0.000482183350254
0.000482183350254
0.000482183350254
0.0286440073804
0.0259556563504
0.0173175241007
0.00145263893785
0.00643130756817
0.00643130759951
0.00643130759952
0.0173741760146
0.00796780062258
0.195630282505
0.17446516423
0.010048825764
