0.281633043508
0.16183013583
0.431509908738
0.968616239393
0.174931132224
2.01153156962
0.206852814902
0.163345543183
0.661700675971
0.175287198041
0.176037768655
0.174598521953
0.222419321025
0.184553390265
0.369140466032
0.898713801697
0.864022118054
0.516122729606
0.583700835751
0.00587362571946
0.756617020005
0.552194372595
0.427415272782
0.348800744536
0.327860469256
0.0
0.0
0.00871720154015
0.320590088984
0.0
0.0
0.584001841849
0.587776154782
0.00434462509745
0.428127183417
0.407241789421
0.0
0.591742908476
0.431328314272
0.517813205687
0.00434552978852
0.0
0.0567139736831
0.0230290621396
0.00871720719871
0.00434552978852
0.0131148222278
0.204517591456
0.0
0.032550615492
0.474537045891
0.106186251133
0.497116146029
0.0655079808329
0.0186701418685
0.151139062985
0.0931302216309
0.174551430291
0.0
0.527954918648
0.0528162919719
0.524872915638
0.211815899817
0.103577000149
0.61845627582
0.0
0.00433728880226
0.0411310660328
0.0607192598218
0.306716283149
0.37684678552
0.0301735304174
0.0043447965192
0.222815401629
0.452583469902
0.0
0.834700098743
0.0715503761593
0.652499959802
0.202387787676
0.700361319954
0.00434544371118
0.00871720667996
0.0979514919461
0.0
0.124973034122
0.747682376323
0.211844295101
0.541678759952
0.382470236263
0.044166290296
0.109357109235
0.0594560981042
0.00871717572174
0.0725737819559
0.00434552978765
0.360488899981
0.0
0.580057264085
0.123556201005
0.614748707406
0.227190141362
0.839273676364
0.413157193816
0.382525452729
0.215897042334
0.00434552941996
0.0936811651617
0.141654130355
0.00434552970103
0.0
0.134608679955
0.0
0.00434552978852
0.00434552978852
0.00434552978852
0.00434552978852
0.00434552978852
0.00434552978852
0.00434552978852
0.00434552978852
0.00434552978852
0.00434552978852
0.00434552978852
0.00434552978852
0.210092941449
0.0463303305504
0.11537432141
0.0158829004554
0.0489627424228
0.0554524993398
0.0406496970119
0.08751884924
0.0535943023765
0.112379775214
0.231987750474
0.0807123553548
