0.0598531296614
0.0107652463908
0.0909942773286
0.172093773401
0.0144176180736
0.14992771744
0.0253009425514
0.0107652463908
0.195101950967
0.021667072565
0.0358572243991
0.0319305007291
0.0396701839154
0.060614600912
0.136783676244
0.464903041374
0.452226733423
0.212072598108
0.244931770617
0.001275099397
0.238186893764
0.143086813315
0.0993766550637
0.108252438679
0.194382136788
0.0
0.0
0.0385938582672
0.235671020737
0.0
0.0
0.423223339855
0.312045413347
0.00898758934015
0.553563874275
0.138980731511
0.0
0.352387534589
0.18374200886
0.370673017867
0.00177304228824
0.0
0.00714261381084
0.0134178970387
0.0233722267243
0.00177304228824
0.00534400960968
0.0311893404687
0.0
0.0596633598063
0.157950344232
0.04255886845
0.288103433587
0.0747272517658
0.0229942992277
1.0920062343
0.0199432275458
0.0428821538246
0.0
0.115559680144
0.0632494371337
0.229516418667
0.164083843486
0.0580569979411
0.315616666232
0.0
0.00176789060836
0.0841549837744
0.0053442824467
0.238377311786
0.197811327671
0.0614063768814
0.00899369401007
0.0428821600581
0.294087320324
0.0
0.666450586917
0.00714264110768
0.294742370305
0.16368190978
0.376536370641
0.00177298918106
0.0179408009564
0.107427085511
0.0
0.0144229308406
0.343846669477
0.144690737883
0.158098304238
0.142407486132
0.130285736402
0.0209562585596
0.0199734280796
0.00355441757579
0.0942110061789
0.00177304228744
0.229186623301
0.0
0.285803237733
0.0586853123259
0.0711962578898
0.0676875765506
0.460316816667
0.252046370341
0.14098709446
0.237148183923
0.00177304212614
0.143441894589
0.035976065569
0.00177304228824
0.0
0.22977852935
0.0
0.00177304228824
0.00177304228824
0.00177304228824
0.00177304228824
0.00177304228824
0.00177304228824
0.00177304228824
0.00177304228824
0.00177304228824
0.00177304228824
0.00177304228824
0.00177304228824
0.383268414535
0.0115815878805
0.282237206457
0.0125026815864
0.0745203817138
0.0664432469186
0.0444039644419
0.0715612793699
0.101594163469
0.235751511977
0.160664974829
0.0490167321833
