0.148491456659
0.0381426043397
0.410417761387
0.571058894329
0.0566264530375
0.837266676576
0.0707163275005
0.0390418065276
0.461932957877
0.0644763927331
0.0592440695554
0.0633183350453
0.0922221411114
0.0786915802375
0.255525945011
0.946314900784
1.00041210525
0.526094974818
0.664819750827
0.00672498164576
0.75367280165
0.461649905697
0.459258145848
0.295502165878
0.34463648447
0.0
0.0
0.0199968007287
0.40047323081
0.0
0.0
0.761809797191
0.828894501332
0.0136272534049
0.637110035591
0.547993055255
0.0
0.755681311376
0.648333594561
0.718074781559
0.00638632662983
0.0
0.0648417977512
0.0217117519501
0.0128198544857
0.00638632662983
0.0193006741552
0.154289186501
0.0
0.0369907017505
0.437309767495
0.074811946218
0.562496958349
0.117692326841
0.0321558774334
0.667691776735
0.0796920306871
0.260443461482
0.0
0.578321170602
0.0560704877198
0.517714432069
0.294120676222
0.258250691202
0.89716555422
0.0
0.00637457580501
0.0877598057659
0.0247491403607
0.268510274222
0.628400116578
0.0339145621031
0.013632755395
0.240270744855
0.472896483451
0.0
2.34957826519
0.0380593978004
0.73928421905
0.202249162217
1.08415148654
0.00638618903186
0.0177393045402
0.0857723830609
0.0
0.0485844619939
0.713939434084
0.236462587284
0.453436968368
0.510937668176
0.115345543183
0.11758998137
0.0673136873248
0.0128198268274
0.0644406982122
0.00638632662902
0.437111528744
0.0
0.483812274451
0.0893089775848
0.553372534711
0.213048687313
1.20761806837
0.6976697984
0.45200365468
0.255264436753
0.00638632627749
0.141464720114
0.0937737763368
0.00638632654061
0.0
0.321772173952
0.0
0.00638632662983
0.00638632662983
0.00638632662983
0.00638632662983
0.00638632662983
0.00638632662983
0.00638632662983
0.00638632662983
0.00638632662983
0.00638632662983
0.00638632662983
0.00638632662983
0.406919391082
0.0499388668387
0.41646952042
0.0216592012263
0.0635968663121
0.0603165302152
0.0460041149444
0.0972585279718
0.0654714522336
0.251466446716
0.200933260667
0.0418903800266
