0.0691905439092
0.0155669154001
0.218367629569
0.619660001992
0.0311778508184
0.579727906883
0.0660381432443
0.0163592754491
0.292794148367
0.0242677010111
0.0247335266848
0.033986164056
0.0473906693919
0.0303350036585
0.16397235887
0.445895489204
0.491681216134
0.422801047454
0.433489480841
0.00600985966459
0.441365897936
0.208781130531
0.24476919048
0.248812989487
0.21512120752
0.0
0.0
0.00539684055785
0.224670188034
0.0
0.0
0.438143980272
0.321619667839
0.00269061517793
0.297074546827
0.215242295164
0.0
0.400848750924
0.275202955693
0.283539147894
0.00269151458838
0.0
0.0204544156887
0.00749292169074
0.0212711490158
0.00269151458838
0.00811575736606
0.0558334600252
0.0
0.0358783214392
0.467108735831
0.0429254060044
0.343157100881
0.0598880078311
0.012787356493
0.285803237988
0.0786781580577
0.178562504621
0.0
0.556201326835
0.0392489707865
0.372379216235
0.0675182626597
0.0572915583679
0.340972381065
0.0
0.0026861987471
0.0278819028774
0.00811613862054
0.146785900873
0.401139178765
0.0310806932612
0.00269094077819
0.10904499293
0.292038828386
0.0
0.483392254514
0.0343569419474
0.800130716134
0.105101507558
0.422560945518
0.00269146275713
0.0053968454069
0.0342630569454
0.0
0.021053937529
0.713891760168
0.12757747441
0.594995414955
0.394890686172
0.0949639526769
0.0846266893426
0.0697342140646
0.00539681731585
0.0974414889594
0.00269151458756
0.291957916044
0.0
1.37910943639
0.0756474353483
0.417767851879
0.153217753346
0.461370411276
0.216269179892
0.414548009373
0.228307082025
0.00269151431241
0.0760997690795
0.0206717299512
0.00269151450114
0.0
0.10675730822
0.0
0.00269151458838
0.00269151458838
0.00269151458838
0.00269151458838
0.00269151458838
0.00269151458838
0.00269151458838
0.00269151458838
0.00269151458838
0.00269151458838
0.00269151458838
0.00269151458838
0.167137611784
0.0394337248929
0.174746423563
0.00811613624952
0.0217407164146
0.0217433130903
0.0211652694093
0.0678173331911
0.0420925242461
0.0962425322293
0.106637964864
0.0540545356637
