0.171232956001
0.0340593403101
0.358482051681
0.645219501496
0.0441457542321
0.615919841392
0.0878622333027
0.0353489189893
0.499755641954
0.0514918112465
0.0689068187611
0.0644082275403
0.166831998025
0.081065825601
0.156326411728
0.7908405862
0.868373235986
0.320773392859
0.576570765252
0.0228701641885
0.903826977767
0.508441822564
0.405434555012
0.361462971706
0.233530632715
0.0
0.0
0.0103110327657
0.362932477645
0.0
0.0
0.666594565373
0.757104020268
0.00453888484488
0.408950719146
0.570973232204
0.0
0.525189341229
0.734946997152
0.397197454375
0.00578880952562
0.0
0.0664189512855
0.0494995055571
0.011617859608
0.00578880952562
0.0174871151552
0.0929480824369
0.0
0.0219633575559
0.253608571009
0.0276216051184
0.493334943547
0.120235555242
0.0476762191996
0.316897805272
0.0515273154625
0.19678828685
0.0
0.350766133914
0.0355572602441
0.433098989626
0.172799546534
0.282075280181
2.00706975782
0.0
0.00578880952562
0.0551547698844
0.0137202580567
0.318209684714
0.444279926556
0.0278512789235
0.00454538736289
0.198062803091
0.458707092993
0.0
0.896814500652
0.0191802933711
0.514066530251
0.123577356182
0.85113199356
0.00578873013587
0.0116178591344
0.255229323587
0.0
0.0380411438985
0.485353782983
0.127921121823
0.345444017316
0.428930863203
0.0933021835826
0.0993934997104
0.14566809417
0.0116178412571
0.112722676442
0.0057888095251
0.363679641073
0.0
0.341954951928
0.109958530388
0.561245199035
0.127480464476
1.09069585503
0.551853604016
0.259792925999
0.34724981298
0.00578880923665
0.118315914199
0.0654962292983
0.00578880944687
0.0
0.112484027492
0.0
0.00578880952562
0.00578880952562
0.00578880952562
0.00578880952562
0.00578880952562
0.00578880952562
0.00578880952562
0.00578880952562
0.00578880952562
0.00578880952562
0.00578880952562
0.00578880952562
0.34096463169
0.050962333957
0.236188091414
0.0304339469344
0.0872757398501
0.126508845446
0.078973763161
0.125763083293
0.0965153030848
0.287273303037
0.172751421353
0.0679013704894
