0.0873134599205
0.161521379771
0.168008810673
0.185233836223
0.230230906175
0.174979451391
0.16373190055
0.163345543183
0.175605743883
0.163488919267
0.163488919267
0.163440929065
0.163880198414
0.163584279993
0.181827133146
0.139934495206
0.130307940889
0.114829917832
0.0969878381675
0.00018739151836
0.102804325771
0.080467455662
0.0785886356318
0.0564389284569
0.0327198325455
0.0
0.0
0.000376902860543
0.018557358481
0.0
0.0
0.0376540340719
0.0438330394536
0.000188066765236
0.0375076537741
0.0453332644483
0.0
0.0495128232574
0.0421338387704
0.0191803385101
0.000188066766154
0.0
0.000756908395491
0.000756875767777
0.000376902860677
0.000188066766154
0.000566481976361
0.00973191167023
0.0
0.00075690839563
0.0146037497828
0.00113547745544
0.0205285699438
0.00229297637382
0.000562881932854
0.014422930843
0.00210800095441
0.02767484336
0.0
0.0389506469101
0.00133284724656
0.0398627830884
0.011035282551
0.0114977289145
0.0441328260641
0.0
0.000185007904989
0.00211211681912
0.000566514604214
0.00818816970478
0.0377618297972
0.00094809071331
0.000188066766154
0.0276748554701
0.0333309152336
0.0
0.056102384874
0.00075690839563
0.0366276988585
0.00371126744075
0.0593011157592
0.000188066766154
0.000376902860677
0.00330625625782
0.0
0.00152643482854
0.0339013347589
0.00473962016243
0.0587263605195
0.032100864419
0.00113932886869
0.00371126310627
0.00211210848984
0.000376902810818
0.00270532530095
0.000188066766154
0.0331581982854
0.0
0.0312294577153
0.00411982777899
0.0346535604294
0.00494701507487
0.0449596248436
0.072336952565
0.0265255610034
0.00947539070879
0.000188066619329
0.00391511343035
0.00244589246923
0.000188066766154
0.0
0.0049434781652
0.0
0.000188066766154
0.000188066766154
0.000188066766154
0.000188066766154
0.000188066766154
0.000188066766154
0.000188066766154
0.000188066766154
0.000188066766154
0.000188066766154
0.000188066766154
0.000188066766154
0.0129089067134
0.00132825676501
0.00673967992858
0.000566514400254
0.00250674092038
0.00250674092153
0.00250674092153
0.00494806864561
0.00310507547354
0.00864377730667
0.0074823464079
0.00391511343035
