0.0142555116808
0.0018721575136
0.00908874325695
0.0554004422009
0.00250468599355
0.0489680143413
0.00436905513883
0.0018721575136
0.0397253548713
0.00278485057584
0.0028260574991
0.00250674092153
0.00543074579045
0.0955713218919
0.0305053177106
0.041738639884
0.0404855040209
0.0205729746978
0.0445801268137
0.000254118684206
0.0898210757662
0.0490815454811
0.0242354668004
0.0103185956835
0.00902781700846
0.0
0.0
0.000618874573713
0.0470425021404
0.0
0.0
0.158576425613
0.0610202874074
0.000308798963127
0.0626764453368
0.00854335098364
0.0
0.032332409723
0.0964136631327
0.0692365861881
0.000308798964307
0.0
0.00124289826929
0.0378416945594
0.000618874573857
0.000308798964307
0.000930182504803
0.00847338978569
0.0
0.00124289827051
0.0303521703481
0.012300861218
0.0536625118185
0.00346719146051
0.000927280007378
0.0745248620399
0.00346211002011
0.0130984125407
0.0
0.0238921844343
0.00218877807054
0.0177165409708
0.0463083540781
0.00524934033204
0.0871361762558
0.0
0.00030595270654
0.00346879830027
0.000930237430943
0.0332948562734
0.125429094099
0.00155686796241
0.000308794035412
0.0130984125407
0.0832315795543
0.0
0.0633244056871
0.00124289827051
0.0652359361756
0.00609630164358
0.0984330000248
0.000308786728862
0.0560597748577
0.0382572654395
0.0
0.00250674092094
0.0701754584553
0.00778649911562
0.0321842294439
0.0185931439114
0.0018721575136
0.00609629573933
0.00346878888107
0.000618874519768
0.00444335683787
0.000308798964307
0.0220460189951
0.0
0.0217433127588
0.00676775065658
0.0245519696299
0.0751633498717
0.0523925181718
0.0267440435981
0.0104955220882
0.0250923839815
0.000308798837197
0.00643130759952
0.0589545428902
0.000308798964307
0.0
0.00812169854827
0.0
0.000308798964307
0.000308798964307
0.000308798964307
0.000308798964307
0.000308798964307
0.000308798964307
0.000308798964307
0.000308798964307
0.000308798964307
0.000308798964307
0.000308798964307
0.000308798964307
0.111438755409
0.0395299381108
0.0471111975305
0.0386067686082
0.335341407731
0.24250305614
0.223173471061
0.224078910708
0.223395430225
0.213585320773
0.213152849625
0.181949964315
