0.0751664421514
0.00633895697075
0.048136112154
0.144228921857
0.00863946222523
0.111971285912
0.0358526463269
0.00645367577077
0.261527959275
0.0094417874721
0.00974631699576
0.00864377730666
0.0568609989302
0.0119409320634
0.0748331251409
0.21998478041
0.189954110668
0.0855930288878
0.151445613207
0.000837859977598
0.223404655757
0.152622194263
0.142591725145
0.0778406528586
0.0810303289173
0.0
0.0
0.00213212839644
0.0803842842046
0.0
0.0
0.246969715192
0.173671161387
0.00106239880956
0.373246887892
0.07181730851
0.0
0.336753578472
0.0744822918205
0.0946624882735
0.00106371563833
0.0
0.0277773264642
0.0364167702117
0.00213213366389
0.00106371563833
0.00320512255928
0.0125341906226
0.0
0.00428324496363
0.0920224922099
0.0149911383187
0.292810128392
0.0550161093009
0.00319796923698
0.235751511977
0.0119450077905
0.0227881432258
0.0
0.0669783396455
0.016135531398
0.120397044932
0.0461011124029
0.155536311619
0.286655688685
0.0
0.00106046363016
0.0119666044707
0.0032052959575
0.167819594603
0.175683322575
0.00536602370054
0.00106369670583
0.0227881432258
0.176322501184
0.0
0.248620763906
0.00428324496363
0.134176919231
0.0210575976114
0.273610348068
0.00106370561571
0.00213213360544
0.0934551565252
0.0
0.00864377730491
0.140242775601
0.0241311571215
0.097488205951
0.0301744412495
0.00645367577077
0.0403621286915
0.0553132344668
0.0021321333742
0.0309955857474
0.00106371563833
0.0777162077981
0.0
0.0962425318455
0.0343316579661
0.123974991944
0.0313769897637
0.152878192576
0.145556852679
0.059955411414
0.289174098626
0.00106371545409
0.195630282504
0.00755733741179
0.00106371563833
0.0
0.0280835486691
0.0
0.00106371563833
0.00106371563833
0.00106371563833
0.00106371563833
0.00106371563833
0.00106371563833
0.00106371563833
0.00106371563833
0.00106371563833
0.00106371563833
0.00106371563833
0.00106371563833
0.154596765964
0.0452333844391
0.0552959237183
0.0493671586653
0.2135836318
0.238400920968
0.242088073578
0.270860749577
0.244531626358
0.890398113276
0.442370515605
0.23082365136
