0.0299826306957
0.0018634309729
0.0108803813266
0.163892032413
0.00270265791918
0.0713624433561
0.0420614737832
0.00202045147196
0.0459917526627
0.00296995232413
0.0211200688484
0.00270532530094
0.0457319962061
0.0217542521805
0.0183939204996
0.0517567429085
0.0592365858964
0.0183496303787
0.0981111971759
0.000279590836088
0.0638111613421
0.0628819000452
0.0443956150848
0.0424510765692
0.0421520114235
0.0
0.0
0.0269128859232
0.19382808823
0.0
0.0
0.0372494822676
0.0544001480652
0.000332529081942
0.0559255482111
0.0243978666307
0.0
0.0782624699825
0.0492745320448
0.0208323433708
0.0003332514958
0.0
0.0117966358846
0.00134127919034
0.0562019947497
0.0003332514958
0.00100385097789
0.00536073855477
0.0
0.0940413525731
0.0585456184414
0.00201413925124
0.0261309195306
0.103477597893
0.0194772538626
0.0942110061789
0.00373688756477
0.0141383645273
0.0
0.0670754571234
0.0948383060293
0.0369099794931
0.103968246632
0.023361751636
0.112715596836
0.0
0.000328834600654
0.0959167205445
0.00100390807664
0.104329569726
0.0198348287194
0.0943058933634
0.0003332514958
0.0141383645273
0.112266303939
0.0
0.0641560171095
0.0196716153859
0.116454004938
0.00645848386815
0.0588971681722
0.000333246566905
0.000667883661899
0.0975694985568
0.0
0.00270532529966
0.135768931778
0.00840400951077
0.0390685301676
0.0474391539831
0.00202045147196
0.0432498617101
0.030123196305
0.00066788368986
0.372672558878
0.0003332514958
0.144904376731
0.0
0.0974414889331
0.0219688009517
0.0762817209791
0.089633614454
0.125516873764
0.0853745848933
0.0325860552974
0.125132729327
0.00033325136869
0.0437416655393
0.00446059319995
0.000333251467928
0.0
0.0998343309772
0.0
0.0003332514958
0.0003332514958
0.0003332514958
0.0003332514958
0.0003332514958
0.0003332514958
0.0003332514958
0.0003332514958
0.0003332514958
0.0003332514958
0.0003332514958
0.0003332514958
0.110374542673
0.0207344823422
0.0119494940867
0.00100390771971
0.00444335677891
0.00444335683786
0.00444335683787
0.0193007466228
0.0972910292547
0.0309955857474
0.0104423038525
0.00339848095043
