0.0397704198029
0.00335616030051
0.0102643645469
0.0875081561843
0.00973133765705
0.204516581534
0.00704486866473
0.00385136424258
0.0304915250645
0.00563793322343
0.00581480501973
0.0051574626859
0.0235094142334
0.00712231005864
0.0793730672623
0.172329936121
0.0826956377316
0.128481934621
0.0647165898501
0.000422304986263
0.0683225177872
0.0545838320766
0.13934959639
0.0264442466493
0.0422007051032
0.0
0.0
0.00127282391302
0.0256809800275
0.0
0.0
0.0756167596378
0.0641771060517
0.000635060884559
0.248229623312
0.0636562242761
0.0
0.197861228294
0.0713143869138
0.0584052336427
0.000635060887577
0.0
0.0025565438789
0.00255644310584
0.00127282391359
0.000635060887577
0.00191320615432
0.505883736998
0.0
0.00255654914636
0.017331533547
0.0293583371427
0.132795753202
0.00910470482048
0.00191068564647
0.0311893404991
0.0195185573385
0.0630304704906
0.0
0.103182120869
0.0139720661841
0.140529632468
0.115527046255
0.0226854455517
0.0927340352196
0.0
0.000633744060392
0.00713820250129
0.00191331219484
0.0154158131035
0.0929012810162
0.00320255848658
0.000635060887577
0.257062939396
0.041522299642
0.0
0.154192382618
0.0542655498717
0.0507542680688
0.0125518418245
0.153156792285
0.000635055620268
0.00127282388334
0.01117998849
0.0
0.00515746268471
0.0638783226272
0.0160374442949
0.0462514657133
0.0283483684519
0.00385136424258
0.0040355584116
0.00713814631687
0.00127282358278
0.00536073855477
0.000635060887577
0.0188158446715
0.0
0.0558334594106
0.04569131757
0.100756130153
0.123405787644
0.141810573947
0.0590074823774
0.0539699358248
0.0110330927229
0.000635060863106
0.0132425066784
0.115951190058
0.000635060887577
0.0
0.0167294812908
0.0
0.000635060887577
0.000635060887577
0.000635060887577
0.000635060887577
0.000635060887577
0.000635060887577
0.000635060887577
0.000635060887577
0.000635060887577
0.000635060887577
0.000635060887577
0.000635060887577
0.0418670046696
0.00908911422584
0.00866985379804
0.00191331153197
0.00847170089886
0.00847338981177
0.00847338981179
0.0167444003524
0.0104987424618
0.0125341906226
0.030379467776
0.0556777263993
