0.00132469653142
0.0149309337652
0.493652831101
0.0135769947335
0.0129402353643
0.0
0.00132469653142
0.0266938071602
0.000660938912261
0.000660938912111
0.0168881290603
0.00557800380131
0.0
0.026722053407
0.0608389758282
0.0
0.000362959705362
0.0129402346998
0.00132469653127
0.00222482380944
0.0739708782782
0.0
0.14278861868
0.0135779564252
0.0
0.00199129702921
0.0135642389261
0.0
0.0466497806592
0.0
0.0
0.0285531654262
0.0317462638749
0.0
0.00199119369586
0.000660938297646
0.205455854315
0.00117254013135
0.0
0.00132469653142
0.00650479000988
0.0260782404343
0.0271349775983
0.0
0.000660938912261
0.0
0.180635827758
0.00175401282818
0.0426157345622
0.0864337220815
0.00066093882911
0.00132469653099
0.000660933616528
0.000660938912261
0.0
0.00605199346234
0.000660938912261
0.00132458641242
0.00741568543369
0.0
0.000660938912261
0.00166122495442
0.00812277853286
0.00131263038575
0.000660938912261
0.0
0.00293979564768
0.000660938912261
0.00333312491614
0.00199129147748
0.00132458641242
0.224094566055
0.0391189708554
0.0152463812179
0.00199123259216
0.0019912964567
0.00199129702608
0.000660938912256
0.000660938912261
0.00132469653142
0.00132469653142
0.00199129702921
0.00995262337891
0.0
0.00987073756694
0.228038310706
0.245562468544
0.00680719510926
0.000660938908737
0.0798883928216
0.220241948424
0.0
0.0
0.0398528290351
0.00468662229597
0.241852632128
0.0019912970292
0.249968484319
0.308872960371
0.00265801971812
0.0371259122899
0.195565076878
0.0101907716123
0.00266076488999
0.0
0.0
0.00266064785685
0.00199129634084
0.00980949427884
0.00132469653142
0.000660938912261
0.0
0.000660938912261
0.00563882283713
0.0129402407753
0.0
0.00199129702921
0.0134340399167
0.0128154263769
0.000660938908862
2.03992178269e-05
0.0247808199038
0.0102071369369
0.0
0.0135720177496
0.00199129702921
0.0993458575871
0.0276303560569
0.0780975852075
0.245714200481
0.0240229866493
0.000660938912261
0.196947427808
0.130106744807
0.0135780038011
0.0
0.0135780038013
0.0031989420739
