0.00158761542206
0.0904488546709
0.00980949427884
0.00158761542206
0.000792098095538
0.0
0.00158761542206
0.0259692531846
0.000792098878607
0.0125203161578
0.00395272925635
0.00158761542206
0.0
0.110526490785
0.12828500162
0.0
0.0953950754966
0.000792098878607
0.025223599557
0.206482133104
0.154671777843
0.0
0.0864548719696
0.0132892169297
0.0
0.00304193634718
0.0132729252241
0.0
0.114213520573
0.0
0.0
0.0282257071535
0.0785396008965
0.0
0.00238645544778
0.00079209814163
0.150751744484
0.00135794530188
0.0
0.00158761542206
0.206515994669
0.00158761542206
0.00318242807128
0.0
0.000792098878607
0.0
0.247566660573
0.0124414335938
0.04739529685
0.150007078843
0.000792098772822
0.00158761542151
0.000792070916361
0.000792098878607
0.0
0.00725446691554
0.000792098878607
0.00158748491065
0.00888977112299
0.0
0.000792098878607
0.0975459629768
0.0900683511735
0.00157752579178
0.000792098878607
0.0
0.0504603918566
0.000792098878607
0.0039949696665
0.00238653632178
0.0132891086389
0.0614063308804
0.00117750753138
0.0123929591828
0.00238654725298
0.00238657854075
0.002386579294
0.000792098878592
0.000792098878607
0.00158761542206
0.00158761542206
0.00238657929788
0.0469313384743
0.0
0.011858845372
0.0211563959865
0.218404517446
0.162489808381
0.00079209887443
0.0823494021296
0.0310877023455
0.0
0.0
0.0314078987076
0.091770718159
0.129318202346
0.00238657929786
0.109734344706
0.14459556289
0.00266421618895
0.0140919752767
0.0540771831519
0.0113322097857
0.00318902056217
0.0
0.0
0.0399389921457
0.00238657848204
0.628401563873
0.00158761542206
0.000791589068413
0.0
0.000792098878607
0.00140677307901
0.000792098878607
0.0
0.00238657929788
0.0113919027027
0.000792098878586
0.00079209887443
0.0192996485521
0.12021006617
0.207064726415
0.0
0.00157481881988
0.00238657929788
0.211084566981
0.00397455974029
0.148119658021
0.293715297576
0.144303449432
0.000792098878607
0.132328954234
0.122689285061
0.0132892391501
0.0
0.00158761542206
0.00238657929788
