0.00042489306222
0.0579396026679
0.00995262337891
0.00042489306222
0.000212011760535
0.0
0.00042489306222
0.000638650399083
0.000212011980773
0.000212011980773
0.00106332168131
0.00042489306222
0.0
0.123931542387
0.00388587418688
0.0
0.07597694798
0.000212011980773
0.000424893062072
0.00372748788223
0.109489055569
0.0
0.110249637104
0.000424867692828
0.0
0.000638650399905
0.000420304770472
0.0
0.0507246837532
0.0
0.0
0.0124570616207
0.0046448425413
0.0
0.000638617203808
0.000212011783614
0.0214072978299
0.000357053309695
0.0
0.00042489306222
0.144816472997
0.00042489306222
0.000853291238142
0.0
0.000212011980773
0.0
0.0791905031119
0.000638650399899
0.00860955800071
0.154992698675
0.000212011980773
0.00042489306222
0.000211986611381
0.000212011980773
0.0
0.00194000765426
0.000212011980773
0.000424856355886
0.00237655446247
0.0
0.000212011980773
0.00581480501973
0.00260312376404
0.000420304770472
0.000212011980773
0.0
0.0852281573644
0.000212011980773
0.00106882291146
0.000638619408808
0.000424856355886
0.0536012026082
0.0207899208596
0.00295125936746
0.00063865039873
0.000638650243341
0.000638650398964
0.000212011980769
0.000212011980773
0.00042489306222
0.00042489306222
0.000638650399905
0.223641657569
0.0
0.00313889323309
0.00195090090864
0.07453553599
0.00372748766199
0.000212011979599
0.00873518379243
0.0164183134379
0.0
0.0
0.0210378311766
0.113791594972
0.00197712835052
0.000638650399899
0.00227377476696
0.00463520326149
0.000644978438003
0.00182573986837
0.000861550343168
0.00296690870149
0.000853291238142
0.0
0.0
0.000853252227664
0.00063865017045
0.0469313384743
0.00042489306222
0.000212011980773
0.0
0.000212011980773
0.00427659053243
0.000212011980773
0.0
0.000638650399905
0.0140167806703
0.019378454041
0.000212011979599
0.00247323243512
0.0229775038751
0.0991123276707
0.0
0.019688291838
0.000638650399905
0.0936339096444
0.00106308261971
0.00186411634211
0.0801619408208
0.00243041794737
0.000212011980773
0.00898611644002
0.119063776376
0.00042489306222
0.0
0.00042489306222
0.000638650399905
