0.00342898895189
0.149022127005
0.245519703538
0.0226462986443
0.0112527772961
0.0
0.0129400868385
0.0277433538899
0.00171048563997
0.0112527824869
0.0215318187738
0.0226472909607
0.0
0.118003258198
0.214015649694
0.0
0.161943743926
0.0112527824869
0.0260793135021
0.217190590943
0.162864720579
0.0
0.238939603055
0.0146274948405
0.0
0.0262661007562
0.0145949226766
0.0
0.23513458384
0.0
0.0
0.0458510593945
0.176610078481
0.0
0.00515533833277
0.00171048416609
0.570623166371
0.00302083255182
0.0
0.00342898895189
0.253019349012
0.0161687910596
0.0272959320108
0.0
0.00171048563997
0.0
0.619573054391
0.015516728242
0.0804102552032
0.411570187466
0.00171048549934
0.00342898895117
0.00171045285688
0.00171048563997
0.0
0.0156895368608
0.00171048563997
0.00342872792907
0.0192366096238
0.0
0.00171048563997
0.241420834453
0.0976554573293
0.00340786867292
0.00171048563997
0.0
0.23070213512
0.00171048563997
0.0577302467197
0.00515549836446
0.0146272895062
0.239875803046
0.0425143885884
0.0281928864407
0.00515549183875
0.0051555844951
0.00515558600799
0.00171048563995
0.00171048563997
0.00342898895189
0.00342898895189
0.00515558601597
0.080161959453
0.0
0.0260375793572
0.260848874935
0.737470730209
0.139587011308
0.00171048563162
0.321075258899
0.142093673447
0.0
0.0
0.0312219295587
0.0819231263821
0.556768910498
0.00515558601593
0.569253805877
0.600457049211
0.00627552277569
0.0416388061886
0.272200513606
0.0256456313347
0.00689035400854
0.0
0.0
0.00689007659834
0.00515558438428
0.293715344093
0.00342898895189
0.00171048563997
0.0
0.00171048563997
0.0148833735028
0.0129402407753
0.0
0.00515558601597
0.0257888676185
0.0111321559459
0.00171048563175
0.0793607278978
0.227128040469
0.285106365565
0.0
0.0226334016008
0.00515558585456
0.357707289756
0.024479063504
0.339341144707
1.09864969813
0.125569996492
0.00171048563997
0.337167657925
0.289472797887
0.0146275505289
0.0
0.0129400922406
0.00361577620596
