0.000139900175164
0.002466730454
0.00199129702921
0.000139900175164
6.98086970162e-05
0.0
0.000139900175164
0.000210276511737
6.98087704289e-05
6.98087704289e-05
0.000350059572331
0.000139900175164
0.0
0.000704722558294
0.00130176627484
0.0
0.00167904560541
6.98087704289e-05
0.000139900175164
0.00122681990746
0.00167991412931
0.0
0.00270943476591
0.000139900175164
0.0
0.000210276512141
0.000138370744582
0.0
0.00191331219484
0.0
0.0
0.000423138520732
0.00152857198295
0.0
0.000210264203284
6.98086970162e-05
0.00426273301653
0.000139900175164
0.0
0.000139900175164
0.00206963474816
0.000139900175164
0.000280940107433
0.0
6.98087704289e-05
0.0
0.0053442824467
0.000210276512141
0.00100390807664
0.00295406065037
6.98086970162e-05
0.000139900174773
6.98087704289e-05
6.98087704289e-05
0.0
0.000638650321623
6.98087704289e-05
0.00013988793972
0.000782300520021
0.0
6.98087704289e-05
0.00191331219484
0.000856878958361
0.000138370744582
6.98087704289e-05
0.0
0.00124873892711
6.98087704289e-05
0.000351893315714
0.000210276435656
0.00013988793972
0.00214831510679
0.000351893315714
0.0010002859331
0.000210276511749
0.000210276435656
0.000210276511749
6.98087704269e-05
6.98087704289e-05
0.000139900175164
0.000139900175164
0.000210276512141
0.000638650399905
0.0
0.00837921469659
0.00253074460941
0.00524859351862
0.00122681554811
6.98087448035e-05
0.00287314880632
0.00145263944775
0.0
0.0
0.000638650399905
0.000494678135784
0.00396554024096
0.000210276512139
0.00406466147807
0.00433101568512
0.000204861907398
0.000599635399686
0.00222738171653
0.00869188154126
0.000280940107433
0.0
0.0
0.000280927103988
0.104034416577
0.00238657929788
0.000139900175164
6.98087704289e-05
0.0
6.98087701679e-05
0.000566514604212
6.98087704289e-05
0.0
0.000210276512141
0.00100206202401
6.98087704269e-05
6.98087700374e-05
0.000711088027797
0.00137702428554
0.0032052959575
0.0
0.000139900175164
0.000210276512141
0.00295310944468
0.000349979885131
0.00270943476591
0.00515558594256
0.000930237430943
6.98087704289e-05
0.00295559008095
0.00222738163031
0.000139900175164
0.0
0.000139900175164
0.000210276512141
