0.00148172806209
0.1129782126
0.130106797478
0.00148172806209
0.0153352277922
0.0
0.0160513341682
0.00877051626016
0.000739276631206
0.0153352334235
0.0220475412136
0.0309869446545
0.0
0.142107053086
0.0411146822192
0.0
0.0725036390407
0.0153352273529
0.00148172806209
0.0159100800223
0.159421454193
0.0
0.217193596929
0.00148167984481
0.0
0.0469762954891
0.00146643375626
0.0
0.16191823075
0.0
0.0
0.0477237702694
0.078703655986
0.0
0.00222726642605
0.000739275944585
0.166083712307
0.001309541765
0.0
0.00148172806209
0.208353450429
0.0309858728372
0.0322186271323
0.0
0.000739276631206
0.0
0.223679794019
0.00202208781871
0.0379647441151
0.235765710402
0.000739276549852
0.00148172806166
0.000739246801835
0.000739276631206
0.0
0.00677013112075
0.000739276631206
0.00148160570764
0.00829600770654
0.0
0.000739276631206
0.0138096969846
0.00908707158459
0.00146814813425
0.000739276631206
0.0
0.0964138086807
0.000739276631206
0.0037284071848
0.00222734544979
0.00148160570764
0.163168389725
0.00377966961053
0.0105785621333
0.00222732550278
0.00222738099085
0.00222738171265
0.000739276631196
0.000739276631206
0.00148172806209
0.00148172806209
0.00222738171653
0.11906382401
0.0
0.0110570325332
0.188395171106
0.277757925488
0.0388170499186
0.000739276627291
0.0873880259081
0.104489400331
0.0
0.0
0.06283075633
0.145422569557
0.196483055506
0.00222738171651
0.200598810678
0.207951726382
0.0027246578383
0.0188788531153
0.0993091451115
0.0108989419847
0.00297626537581
0.0
0.0
0.00297613534001
0.00222738095168
0.122689325659
0.00148172806209
0.000739276631206
0.0
0.000739276631206
0.0145736120605
0.0153352334235
0.0
0.00222738171653
0.0391614422348
0.0374978524506
0.000739276627415
0.0254206565015
0.0644730762821
0.0530248659186
0.0
0.0383310660303
0.00222738171653
0.226675880863
0.0087523284683
0.0428732823953
0.289472071955
0.037579715855
0.000739276631206
0.164136388203
0.685075777465
0.0195786373235
0.0
0.0195786373237
0.00927826940798
