0.00148172806209
0.0795890164774
0.195565114376
0.0265312063236
0.000739275897079
0.0
0.0138783440761
0.0310576431587
0.000739276631206
0.0131622486129
0.00500061828673
0.00587834935803
0.0
0.0152779550611
0.0812607152861
0.0
0.0497895911579
0.0131622486131
0.00148172806209
0.027517855786
0.0818261486733
0.0
0.11136011149
0.00148170056995
0.0
0.00357798144235
0.00146643375626
0.0
0.0786230022142
0.0
0.0
0.00448383565839
0.0586027251529
0.0
0.00222725862796
0.000739275897079
0.235891668769
0.00133218515565
0.0
0.00148172806209
0.0644588325533
0.0223384610672
0.0152800032708
0.0
0.000739276631206
0.0
0.235606585153
0.00206462439406
0.0588868515021
0.080885600475
0.000739276574686
0.00148172806179
0.000739276631206
0.000739276631206
0.0
0.00677013112075
0.000739276631206
0.00148160570764
0.00829600770654
0.0
0.000739276631206
0.0458701175291
0.00908707158459
0.00147080093936
0.000739276631206
0.0
0.0222694481716
0.000739276631206
0.0037284071848
0.00222735235829
0.00148160570764
0.171800093345
0.0401417106042
0.0270200506033
0.00222732516337
0.00222738101456
0.0022273817129
0.000739276631197
0.000739276631206
0.00148172806209
0.00148172806209
0.00222738171653
0.000861550343172
0.0
0.0110570325332
0.251470709604
0.279332736433
0.046119462011
0.000739276627291
0.126779886095
0.156462312346
0.0
0.0
0.0569302364924
0.00524257968594
0.184428433285
0.00222738171651
0.185741449529
0.199512629541
0.00265587716683
0.075356348195
0.62077081198
0.0122234125925
0.00297626537581
0.0
0.0
0.0397798032305
0.00222738095167
0.0540782153457
0.00148172806209
0.000738766821012
0.0
0.000739276631206
0.0451079241987
0.0131622486131
0.0
0.00222738171653
0.0106306758238
0.000739276631186
0.000739276627415
0.0297720008366
0.0166827470808
0.0581444320309
0.0
0.0138577256356
0.00222738168725
0.106587279913
0.0284782557818
0.0527014372432
0.27220054408
0.0428571258338
0.000739276631206
0.167552423874
0.0993091282049
0.00148172806194
0.0
0.013878349358
0.00357798144235
