4.64452241597e-05
0.0141470413956
0.0129402407753
4.64452241597e-05
2.31758617792e-05
0.0
4.64452241597e-05
6.98087704289e-05
2.31758862501e-05
2.31758862501e-05
0.000116210313342
4.64452241597e-05
0.0
0.000233730808643
0.0374949942012
0.0
0.000558115885308
2.31758862501e-05
4.64452241597e-05
0.000407236982876
0.000557606075263
0.0
0.00089921639531
4.64452241597e-05
0.0
6.98087704289e-05
4.59354139655e-05
0.0
0.0131622486131
0.0
0.0
0.00014047236572
0.000507383343722
0.0
6.98046674764e-05
2.31758617792e-05
0.0231010796244
4.64452241597e-05
0.0
4.64452241597e-05
0.000686933505409
4.64452241597e-05
9.32672909856e-05
0.0
2.31758862501e-05
0.0
0.00177304228824
6.98087704289e-05
0.0003332514958
0.000980370082763
2.31758617792e-05
4.64452240292e-05
2.31758862501e-05
2.31758862501e-05
0.0
0.000212011954679
2.31758862501e-05
4.64411456782e-05
0.00025969272705
0.0
2.31758862501e-05
0.000635060887577
0.000284449608665
4.59354139655e-05
2.31758862501e-05
0.0
0.000414216510039
2.31758862501e-05
0.000116821561136
6.9808744934e-05
4.64411456782e-05
0.000713041237591
0.000116821561136
0.00033193887104
6.98087702984e-05
6.9808744934e-05
6.98087702984e-05
2.31758862494e-05
2.31758862501e-05
4.64452241597e-05
4.64452241597e-05
6.98087704289e-05
0.000212011980773
0.0
0.000341837577416
0.0133926316038
0.00798799476605
0.000407236958271
2.31758861196e-05
0.0121278848847
0.000482183350254
0.0
0.0
0.000212011980773
0.000164220499125
0.00888579622237
6.98087704282e-05
0.0102141495403
0.00969505009541
9.32672648917e-05
0.0246047554029
0.0131612407959
0.000382464507519
9.32672909856e-05
0.0
0.0
9.32629563729e-05
6.98087449333e-05
0.000792098878607
4.64452241597e-05
2.31758862501e-05
0.0
2.31758862501e-05
0.000188066766153
0.0376223603223
0.0
6.98087704289e-05
0.000332640223404
2.31758862494e-05
2.31758862501e-05
0.000236056967696
0.000457088182434
0.0104913241086
0.0
4.59354139655e-05
6.98087704289e-05
0.000980052988704
0.000116183750942
0.0115874376675
0.0129402347423
0.000308798939836
2.31758862501e-05
0.0195050602704
0.0153352273529
4.64452241597e-05
0.0
4.64452241597e-05
6.98087704289e-05
