0.00103597139605
0.00103597139605
0.00103597139605
0.00103597139605
0.00103597139605
0.00103597139605
0.00103597139605
0.00103597139605
0.00106371563833
0.00106371563833
0.00111960751777
0.00111960751777
0.00111960751777
0.00111960751777
0.00111960751777
0.00123304196669
0.00123304196669
0.00123304196669
0.00123304196669
0.00123304196669
0.00123304196669
0.00123304196669
0.000558115885457
0.000558115885457
0.000116821561136
0.000116821561136
0.000845409099977
0.000872250034724
0.0022310226754
0.00287889470093
0.00291711206746
0.00291711206746
0.00352299708954
0.00396542120936
0.00591634706763
0.00846969268224
0.00877892381416
0.0296223603223
0.0296223603223
0.0296223603223
0.0296223603223
0.0296223603223
0.0296223603223
0.0296223603223
0.0296223603223
0.0103515620528
0.0359151531699
0.0375946292757
0.0376221657892
0.0376223592097
0.0376223603165
0.0376223603223
0.0376223603223
0.0376223603223
0.0376223603223
0.0376223603223
0.0376223603223
0.0376223603223
0.0376223603223
0.0376223603223
0.0376223603223
0.0376223603223
0.0376223603223
0.000407236982876
0.000407236982876
0.000407236982876
0.000407236982876
0.000407236982876
0.000407236982876
4.64452241597e-05
0.000407236982876
0.000407236982876
0.000407236982876
0.000407236982876
0.000407236982876
0.000407236982876
0.0372436586044
0.0375025695503
0.00161790407273
0.0364028777765
0.0375216380756
0.037621574056
0.0376223556437
0.0376223602974
0.0376223603222
0.0376223603223
0.0376223603223
0.0376223603223
0.0376223603223
0.0376223603223
0.0376223603223
0.0376223603223
0.0376223603223
0.0376223603223
0.0376223603223
0.0376223603223
0.0376223603223
0.00857093963362
0.00378436134588
0.0356640893897
0.0375487617235
0.0376218028658
0.0376223570402
0.0376223603049
0.0376223603222
0.0376223603223
0.0376223603223
0.000407236982876
0.000407236982876
0.000407236982876
0.000407236982876
0.000407236982876
0.000407236982876
0.0372436586044
0.00888579622237
0.0074595030716
0.00888579622237
0.00429662428649
0.00429662428649
0.00429662428649
0.0355883067517
0.0375540665051
0.0376218465166
0.0376223573045
0.0376223603064
0.0376223603222
0.0376223603223
0.0376223603223
0.0376223603223
0.0376223603223
0.0376223603223
0.0376223603223
0.0376223603223
0.00530510596391
0.0103515620528
0.0103515620528
0.000432111112329
0.00155699803449
0.0364363154981
0.0375207522061
0.0376215664341
0.0376223555969
0.0182844928977
0.0368802685083
0.0376142938531
0.00131960547258
0.00131960547258
0.00131960547258
0.00131960547258
0.0365748759739
0.0375172279664
0.0296223603223
0.00899468532823
0.0266028103136
0.000407236982876
0.00817619290298
0.0266028103136
0.0266028103136
0.0296223603223
0.0296223603223
0.0296223603223
0.0296223603223
0.0296223603223
0.00789690104426
0.00219707671396
0.0110924624169
0.0110924624169
0.0110924624169
0.0296223603223
0.0296223603223
0.0296223603223
0.0296223603223
2.31758862501e-05
0.0375993236154
0.0374958352473
0.0376213484903
0.037622354252
0.0376223602899
0.0376223603221
0.0376223603223
0.0376223603223
0.0376223603223
0.0376223603223
0.0376223603223
0.0376223603223
0.0376223603223
6.98087704289e-05
0.00103597139605
0.00103597139605
0.00103597139605
0.00103597139605
0.00103597139605
0.00103597139605
0.00103597139605
0.00103597139605
0.00103597139605
0.00103597139605
0.0367585372743
0.0375128645097
0.0376214981769
0.037622355177
0.0376223602949
0.013393141414
0.0150144694044
0.00827237702563
0.00827237702563
0.00827237702563
0.00827237702563
0.00420003937346
0.00420003937346
0.00660008638229
0.00660008638229
0.00660008638229
0.00276573812031
0.00276573812031
0.0003332514958
0.00180457676301
0.00420003937346
0.00420003937346
0.00396542120936
0.00420003937346
0.00420003937346
0.00158737070189
0.000457092922666
0.000457092922666
0.00464799989992
0.00464799989992
0.0103515620528
0.0359151531699
0.0375946292757
0.0376221657892
0.0376223592097
0.0376223603165
0.0376223603223
0.0376223603223
0.0376223603223
0.0376223603223
0.0376223603223
0.0376223603223
0.0376223603223
0.0376223603223
0.0376223603223
0.0376223603223
2.31758862501e-05
2.31758862501e-05
2.31758862501e-05
2.31758862501e-05
2.31758862501e-05
2.31758862501e-05
2.31758862501e-05
2.31758862501e-05
2.31758862501e-05
2.31758862501e-05
2.31758862501e-05
2.31758862501e-05
2.31758862501e-05
2.31758862501e-05
2.31758862501e-05
2.31758862501e-05
2.31758862501e-05
0.0375993236154
0.0374958352473
0.0376213484903
0.037622354252
0.0376223602899
0.0376223603221
0.0376223603223
0.0376223603223
0.0376223603223
0.0376223603223
0.0376223603223
0.0376223603223
0.0376223603223
0.0376223603223
0.0376223603223
0.00536339766391
0.00519025982963
4.64452241597e-05
2.31758862501e-05
2.31758862501e-05
2.31758862501e-05
4.64452241597e-05
4.64452241597e-05
4.64452241597e-05
6.98087704289e-05
6.98087704289e-05
6.98087704289e-05
0.000482183350254
0.00177304228824
0.00287889470093
0.00519025982963
0.00524739720044
0.0355165271346
0.0375629559701
0.0376219187808
0.0376223577404
0.0376223603087
0.0376223603222
0.0376223603223
0.0376223603223
0.0150144694044
0.0365308181663
0.0376088175702
0.0376222694449
0.0376223598119
0.0376223603196
0.0376223603223
0.0376223603223
0.0376223603223
0.0376223603223
0.0376223603223
0.0376223603223
0.0376223603223
0.0376223603223
0.000407236982876
0.000407236982876
0.00190022748612
0.00190022748612
0.00190022748612
0.00190022748612
0.00910566871112
0.0182844928977
0.0368802685083
0.0376142938531
0.037622307664
0.0376223600301
0.0376223603208
0.0376223603223
0.0376223603223
0.0376223603223
0.0376223603223
0.0376223603223
0.0376223603223
0.00439485329644
0.00771794419904
0.0356072208385
0.0375811621017
0.0376220629787
0.0376223586027
0.0376223603133
0.0376223603222
0.0376223603223
0.0220218222027
0.0220218222027
0.0086739947568
0.00387418120254
0.00149672810517
0.00131960547258
0.00149672810517
0.000432111112329
0.000432111112329
0.000432111112329
0.000432111112329
0.000407236982876
0.000407236982876
0.000407236982876
0.000407236982876
4.64452241597e-05
2.31758862501e-05
0.000432111112329
0.000432111112329
0.000609298390558
0.000792098878607
0.00180457676301
0.0074595030716
0.0355850377915
0.0375795439389
0.0376220503884
0.0376223585279
0.0376223603129
0.0376223603222
0.0376223603223
0.0376223603223
0.0376223603223
0.0376223603223
0.0376223603223
0.0376223603223
0.0376223603223
0.0376223603223
0.0376223603223
0.0296223603223
0.0296223603223
0.021055522522
0.0202282981399
0.0195050602704
0.0202282981399
0.0149695517257
0.00846886003083
0.00682206507793
0.00705293526173
0.0150144694043
0.0150136931066
0.014933759074
0.000872250034724
0.000872250034724
0.000872250034583
0.000872250005331
0.000872250034724
0.000872250034724
6.98087704289e-05
6.98087704289e-05
6.98087704289e-05
6.98087704289e-05
6.98087704289e-05
0.00158737070189
0.0149246340469
0.0150137799235
0.00491224827003
0.0150144693771
0.00216332926905
0.00206325515036
0.000406751712317
0.0109983401281
0.00109159391167
0.0127264538835
0.0121288893073
0.014420966565
0.0150136927444
0.00161790404826
0.0081753465596
0.00131960547258
0.00131960547258
0.0117174188881
0.00957622737178
0.00405739978654
0.0149420923858
0.00369808426697
0.014656514265
0.0150139535877
0.0202282924769
0.0364853906773
0.0149458074101
0.0296223554964
0.0144219443725
0.0046473103944
0.0135372982468
0.0132824352396
0.00180351718008
2.31758862501e-05
2.31718077685e-05
2.31758862501e-05
2.31758862494e-05
2.31758862501e-05
0.014917069999
0.014357044992
0.00502216001233
0.0146945991352
0.000188066766012
0.0123207744426
0.0123204516326
0.00405812697282
0.0141470413955
0.00365132501857
0.00554189121111
0.00667236474751
0.0150144637261
0.0150139595639
0.0149431129537
0.0123205244329
0.00369591810649
0.00265475278685
0.00265475777829
0.00265475777829
0.0149571100044
0.0068213306273
0.00926509596816
0.014921817366
0.00652794975147
0.0101380713106
0.0149723817935
0.00819097208222
0.0150144694043
0.0295546995981
0.0150144637568
0.00689800335972
0.00327295511806
0.0117623365668
0.0147105988241
0.00311209014501
0.00315188894439
0.00845283136336
0.00901394753081
0.00120767721992
0.00538611462538
0.000873158509939
0.000260202561845
0.000308798964307
0.00337403311637
0.000532693864185
0.00689643915015
0.00424749195458
0.0144219443999
0.0136336552814
0.0150144694044
2.31758862501e-05
2.31718077685e-05
0.0201027702991
0.0150134574829
0.00737553126713
0.0355842384453
0.0176670732816
0.0177591515076
0.0177591515077
0.0177591515077
0.0177591515077
0.0177591515077
0.0168333500304
0.0160357960588
0.0160357960588
0.0144219443999
0.014710603753
0.00236883931016
0.00233407536397
0.00236883931016
0.00131960547258
0.00131960547258
0.00171048563997
0.0106366112828
0.00737586564846
0.00737586564846
0.00737586564846
0.00737586564846
0.00737586564846
0.00737586564846
0.00737586564846
0.00645670374217
0.00566402982367
0.00566402982367
0.00566402982367
0.00566402982367
0.00429662428649
0.00193246664915
0.000407236982876
0.000407236982876
