0.230032552351
0.230032552351
0.230032552351
0.230032552351
0.230032552351
0.230032552351
0.230032552351
0.230032552351
0.240584018622
0.240571864162
0.253777157573
0.253765003601
0.253777158061
0.227917134273
0.253777158061
0.207536418701
0.23708910374
0.297268363171
0.296820013254
0.23708910374
0.219281795478
0.296729649262
0.149864820971
0.149848698032
0.0595099534643
0.0594951241429
0.299631529929
0.309639233961
0.62508436199
0.487174242373
0.411362753081
0.713684769873
0.934635218244
0.734131963015
1.239162326
1.56637194397
0.737075696077
0.902667096042
0.0411642557061
0.152479293805
0.0411866212072
0.99198059644
0.622500435293
1.17510644126
1.48521768119
1.08378732549
1.50943545966
0.742027483474
0.895752317024
1.45399165288
0.561930801902
0.76412041022
0.97452394712
1.44161010712
1.00052293381
0.0376223603223
1.28795763679
0.0376223603223
0.947430282781
0.768879461575
0.830501534346
0.665792394231
1.3342254691
0.131768503631
0.134482547835
0.134482496338
0.134482688973
0.134482689464
0.134482689467
0.0148121928338
0.134482689467
0.134482689467
0.134482689467
0.134482689467
0.134482689467
0.134482689467
0.0372820048694
1.04940730211
0.36936366319
1.28471698122
1.37628542974
0.404041719253
0.344514170522
1.33130459572
0.788403591532
0.837522899126
0.733899531754
1.9928904645
0.0376223603223
1.20873958777
0.0499204686887
0.806332026704
0.0671134665583
1.25462968367
0.171138550089
0.0376223603223
1.23026807955
1.23798144479
0.871926682868
1.06007777735
1.13571714862
1.03342338687
1.17538647763
1.1995234426
0.662272778871
0.930735382405
1.01285111972
0.134482689457
0.134482689467
0.134482033347
0.134482689467
0.134482689467
0.134482689467
1.31323854735
1.25596122717
1.15043997685
1.37705089919
1.08140281011
1.04068840914
1.08505005426
1.43289376252
0.990889744878
0.410884275678
0.871767531351
0.792368953325
0.0376223603222
0.401840866976
0.413652079648
1.26907015552
0.655862503933
0.992860826746
1.53334570112
1.62802936423
0.972758689755
1.1514065754
0.942696131288
0.0924102057095
0.7508234722
1.38637220982
0.433021871635
1.13101363292
0.808046781919
1.15355890262
1.29434366441
0.358100073515
0.298818609004
0.29881860764
0.298818606887
0.298818604967
1.1649502492
0.937168523688
0.590816900072
1.13123797573
1.48884421814
0.133258805179
1.21549137983
0.921824839211
0.954776352201
0.0416616823323
1.58737577898
1.17161006784
1.55029657125
1.16725902221
1.32977804234
0.745229514169
1.70685811451
1.56133864394
1.6090863242
1.35775686821
1.10470251003
1.12058307968
0.422075528832
0.00485882904092
1.48612938247
1.57747338778
