2.31758862501e-05
4.64452241597e-05
4.64452241597e-05
4.64452241597e-05
6.98087704289e-05
6.98087704289e-05
0.0010876690366
0.00362597693874
0.00315160376528
0.00120447360134
0.00539692479756
0.00365219962821
0.00251002795886
0.00209584692598
0.0119427028103
0.00117911423135
0.00123240415649
0.00111960343929
0.00134875092373
0.00173322585711
0.00111960751777
0.00170981039218
0.0245205509309
0.00114775777655
0.00300584514426
0.00140691345046
0.00867317403568
0.00287838486524
0.00117604135501
2.31758862501e-05
0.00106775775106
0.00180379506084
0.00214907161134
0.0144219443701
0.0220218174623
0.00311209011449
0.00464718829232
0.0023255723649
0.00401158794313
0.00191646664915
0.00616420296321
0.00223101787823
0.00365152033063
0.00605058443232
0.00402504440144
0.0246047540224
0.00273322828402
0.00276512279403
0.0107685921192
0.0053624942699
0.00209557237498
2.31718077685e-05
0.00203027905462
0.0193913238789
0.004477946827
0.012520311229
0.00284092440605
0.00652794513652
0.0167961991492
0.00136573022889
0.000260202561845
0.00315188894439
0.00146682752918
0.0115869278302
0.000482183322112
2.31758862501e-05
2.31758862501e-05
2.31758617792e-05
2.31758617792e-05
2.31758862501e-05
2.31758862501e-05
2.31758862501e-05
2.31758862501e-05
2.31758862501e-05
2.31758862501e-05
2.31758862501e-05
2.31758862501e-05
0.037622354206
0.00420003937346
0.000456316237272
0.0172776909351
0.00146682752648
0.00114714649989
0.00114714219428
6.98087704289e-05
0.000926305280976
0.00446277924404
0.00206325515036
0.00100835990235
0.0246419051995
0.00171048053749
0.000116821561136
0.0296215884349
0.00234093332306
0.0369259400842
4.64452241597e-05
0.000284449608666
0.00068693350541
0.000558111806976
0.000432111112182
2.31758862501e-05
0.00076562731713
0.000188066766154
0.0141470413956
0.000211400732979
0.0177584445316
6.98042861969e-05
0.000872250034724
0.000382469609857
0.00103597139605
0.00014047236572
4.64408896782e-05
0.000164220499267
0.0
0.00365219426533
9.32672909856e-05
0.0376213351553
0.000827327871739
2.31758862501e-05
0.0296218504866
0.0131612652476
0.00401158794297
0.000212007646292
0.000188066766154
0.000765622470648
4.64452240292e-05
4.64452241597e-05
0.0195042281551
0.000211502170579
0.0
0.000292798964307
6.98087704289e-05
0.0219964628027
0.00751900581021
0.00506917283697
9.32632125034e-05
0.000608784096132
0.00524651247932
0.0106366112828
4.59354139655e-05
0.00373945530876
0.00137804029835
4.64452241597e-05
0.0195050555013
0.0220218180932
0.000482183350254
4.64452241597e-05
0.00737586128317
0.00146682755589
0.000507383343722
0.000481673540059
0.00480539116993
0.000635056809095
0.00131960005063
0.0296223602914
