0.221705485177
0.631401463199
0.303343563821
0.358175363416
0.517856690956
0.216678317668
0.260824391231
0.394725164639
0.523122444218
0.393437428358
0.227317596125
0.45369584608
0.430775829017
0.221857436333
0.383971001542
0.850543843505
0.0129306814516
0.0132496214716
0.0132500465267
0.0132500466794
0.0132500466699
0.716641954474
0.246998661269
0.352311070138
0.930458002816
0.309477106639
0.307598769172
0.878485786989
0.277839573856
1.12542365039
0.547104827696
1.35102778654
0.300503600936
0.277839573958
0.277839573958
0.327956796925
0.686726855319
0.304956079524
0.0360204685192
0.2605063754
0.181747754911
0.181475021228
0.854081713824
0.0868430584077
0.664265319178
0.307312128524
0.243277680781
0.203119702301
0.0328979484849
0.464136840475
0.137547136572
0.00291711206746
0.268388659657
0.791926500991
0.596504025294
0.0
0.15865696339
0.0159639911729
0.34257999995
0.0388869117827
0.0
0.47439496237
0.790572202072
0.797788226171
0.0718387982799
0.283886913007
0.0
0.00291711206746
0.0401763988994
0.187775000083
0.0481038025815
0.0267029851312
0.0500647000495
0.608384448395
0.0267029851312
0.376406201241
0.682957214124
0.116690695047
0.0323655925667
0.0267029851312
0.853748156519
0.0267029851312
0.0409730180922
0.532197265856
0.318484442921
0.0267029851312
0.0783539791425
0.0801276191287
0.599992526578
0.626719353095
0.551331407576
0.291193881447
0.0949776683964
0.0952475100867
0.0267029851312
0.797721743001
0.0577055342325
0.225182451427
0.0267029851312
0.0295268299076
0.147258021691
0.05131418694
0.0267029851312
0.188940868902
0.12230037454
0.160121086965
0.183714829079
0.198039088784
0.239224905679
0.241013527853
0.106120473642
0.605364618965
0.102690548988
0.00921644609693
0.00945851945818
0.00660008638229
0.00660008635
0.00660008044931
0.0066000863504
0.00660008638229
0.00660008638229
0.00660008638229
0.00660008638229
0.00660008638229
0.00660008638229
0.00660008638229
0.00660008638229
0.0094940225635
0.0094931081499
0.0094940225635
0.0014940225635
0.0014940225635
0.0014940225635
0.0014940225635
0.0014940225635
0.0014940225635
0.0014940225635
0.0014940225635
