0.201367878394
0.207747063827
0.196019648558
0.195121873954
0.242898355676
0.202954787427
0.255692639681
0.231070183599
0.253525392209
0.211444570681
0.203528079233
0.281720996213
0.252689646458
0.202938787454
0.256466461022
0.288796157838
0.00111859039279
0.00111857617279
0.00111859039349
0.00111859039349
0.00111859039334
0.252692688331
0.214790989985
0.266220232568
0.272294497283
0.341858072685
0.56507929945
0.311657327312
0.277839573855
0.368106828704
0.359755558607
0.307551366304
0.307137345434
0.277839573958
0.277839573958
0.273508561036
0.116270716748
0.107814963192
0.0360204685192
0.0769365121663
0.0729958921601
0.140194165929
0.0969914196499
0.0223235826689
0.118069607063
0.164472306125
0.0637371964331
0.0675794598259
0.0328445761459
0.106852573113
0.0451916014978
0.000558115885457
0.161710900961
0.127079485616
0.0892101336169
0.0
0.0638898220221
0.00165982047694
0.116354723156
0.00314423441402
0.0
0.0587071332791
0.117386686681
0.0983521138104
0.0460663666314
0.0698263005508
0.0
0.000558115885457
0.0452658284568
0.0708471961328
0.00510966928173
0.00224669567704
0.0433381177917
0.139813001815
0.00224669567704
0.11231668077
0.129265459091
0.114194963521
0.0033844740966
0.00224669567704
0.137503535529
0.00224669567704
0.0418088764461
0.0993299056776
0.171148974269
0.00224669567704
0.0122388386737
0.0426749847849
0.11584221867
0.07899805556
0.0871948588761
0.114472113084
0.0114123949991
0.0296640601649
0.00224669567704
0.188032254446
0.0359462612435
0.0662045834278
0.00224669567704
0.021658488568
0.0703488661663
0.00387161499877
0.00224669567704
0.0549259238593
0.0379275931178
0.0566927556601
0.0852631682894
0.107258149455
0.180410557811
0.0869657415049
0.064806074016
0.154151240351
0.0708881799227
0.00103244010805
0.00111184048936
0.000558115885457
0.000558115885044
0.000558115883851
0.000558115885449
0.000558115885457
0.000558115885457
0.000558115885457
0.000558115885457
0.000558115885457
0.000558115885457
0.000558115885457
0.000558115885457
0.00111859039349
0.00111859039349
0.00111859039349
0.00111859039349
0.00111859039349
0.00111859039349
0.00111859039349
0.00111859039349
0.00111859039349
0.00111859039349
0.00111859039349
