0.117252573617
0.176941828055
0.158178208956
0.242446116379
0.20262060311
0.367806980249
0.199877934798
0.196248470156
0.216944521119
0.194570767021
0.226247630936
0.00553505831298
0.113267185
0.168268312879
0.00183628450587
0.0187582092359
0.135950774583
0.302671870416
0.0018337257267
0.194674056372
0.00333412805558
0.00183628450587
0.218013882818
0.00690123772833
0.0260165350505
0.00357148868945
0.213796745824
0.205595277522
0.0376223603221
1.02801741363
0.196513021172
0.04751166536
0.00208433802486
0.0
0.0400900903294
0.0252631560063
0.0149388460263
0.00553505357275
0.0394354517376
0.0840050626959
0.0233981712793
0.00923989031218
0.125679150206
0.0314640620096
0.00544027072671
0.00180290129081
0.0360802732092
0.0299987374507
0.00368099871424
0.0490739791987
0.288383730027
0.0
0.00183539665468
0.00739753552626
0.0
0.00553505664881
0.0100854856364
0.0445973196981
0.0
0.0907552238405
0.331293611927
0.134608936459
0.00367891681024
0.00183605783209
0.0906307769372
0.341894758173
0.00673380201624
0.0304292016388
0.144999725802
0.00926933410172
0.0423893047029
0.110780284157
0.227591722151
0.0119072078525
0.121942534488
0.289363360725
0.144875725599
0.00922388624117
0.0256928805603
0.127767059051
0.0265320561071
