0.0795296380209
0.0569100249205
0.150647243942
0.0688676252533
0.00822522361407
0.094164084025
0.0102880071806
0.00944948107585
0.00972764547114
0.00917261078245
0.0177897120318
0.000711088027797
0.00673919858141
0.050043790263
0.0195050602704
0.261030289538
0.0271142165311
0.229372280439
0.000235547157502
0.0683515619001
0.000473083643291
0.000236056967696
0.0788303519894
0.000928939334918
0.00265131434381
0.000473083643291
0.194980577591
0.00780170498495
0.000236056967696
0.0187649239922
0.118422330628
0.00807842716582
0.0117179413518
0.0
0.0236695680389
0.000662078221675
0.00191606267449
0.000711088027797
0.000473083423053
0.0379290385873
0.000467345541349
0.00119006242649
0.0265009455699
0.00216010702066
0.000711047242982
0.000230958865754
0.0108539104876
0.00135304619087
0.00047304285847
0.0197426944404
0.0190920108116
0.0
0.000236056967696
0.000950078221675
0.0
0.000711087783088
0.000473083641986
0.00568975617956
0.0
0.111445065653
0.111134943327
0.00562298697018
0.000473083643291
0.000236056967696
0.0240713114941
0.0124244621049
0.00314673938251
0.00389794525651
0.142310643938
0.00119006217037
0.00364645520214
0.00190968457255
0.224433595021
0.000711088027797
0.0235214373738
0.0581835806681
0.00191606245425
0.00118538713197
0.00289339172932
0.00389789875191
0.223762904
