0.0125223280518
0.0176208003111
0.00328849241817
0.00752017303661
0.00254725438997
0.0188630306625
0.00303842582632
0.00279109826355
0.0313635024991
0.00270891267133
0.0409459347592
0.000210276512141
0.00199129702921
0.0466166685231
6.98087704289e-05
0.000711088027797
0.00602140350797
0.0198363522736
6.98087704289e-05
0.0251462985686
0.0369808975253
6.98087704289e-05
0.0238822954366
0.000263402519886
0.000783830024147
0.000139900175164
0.00693279762862
0.00230488408445
6.98087704289e-05
0.00553505831298
0.00834025675965
0.0247940577514
0.000139900175164
0.0
0.000930237430532
0.000184940107433
0.0414022663176
0.000210276512141
0.000139900101752
0.0117117911944
0.000138178744582
0.0378094157777
0.0210033564619
0.0235622462626
0.0751167118447
6.87891500405e-05
0.0246991339051
0.000462674057302
0.000139887939719
0.0223101181545
0.00563124045626
0.0
6.98087704289e-05
0.000280940107433
0.0
0.11279744765
0.000139900174903
0.053445514613
0.0
0.0042409253897
0.0351215559574
0.00170334883848
0.0376674645174
6.98087704289e-05
0.005060686664
0.00363928800672
0.000930237430942
0.0303424457538
0.0356077534163
0.000303893315322
0.00107789356371
0.000564601173631
0.0333953228845
0.000210276512141
0.0465253892352
0.0335386904066
0.000566514604214
0.0377667314896
0.000855345043548
0.00115218254876
0.00100390807664
