0.00315188894439
0.00348056450009
0.00109159391181
0.00249356216392
0.000845409099977
0.00578790610128
0.00100835990235
0.0376223603213
0.00093753012155
0.000899212292358
0.00174116936335
6.98087704289e-05
0.000660938912261
0.00451946758613
2.31758862501e-05
0.000236056967696
0.00199749038404
0.00656196246467
2.31758862501e-05
0.0119426971134
4.64452241597e-05
0.0376223603223
0.00754343116775
9.32632125034e-05
0.000260202561845
4.64452241597e-05
0.00229951442167
0.000764989506936
2.31758862501e-05
0.00183628450587
0.00276573812016
0.0119426967431
4.64452241597e-05
0.0
0.00030879896417
6.12672909856e-05
0.000188066766154
6.98087704289e-05
4.64451996889e-05
0.00369591810664
4.58714139655e-05
0.000116821561136
0.00957226429921
0.0231837984245
0.0376223562438
0.0374987694008
0.011762336567
0.000164220499266
4.64452241597e-05
0.00737586564846
0.00186816743126
0.0
2.31758862501e-05
9.32672909856e-05
0.0
6.9808745958e-05
4.64452240292e-05
0.015335233391
0.0
0.00140664717981
0.0109364716929
0.000543389174904
4.64452241597e-05
0.0376219026256
0.00167880137697
0.00120725520139
0.000308798964307
0.000382469610001
0.0116920594882
0.000100821561006
0.000357808081245
0.00018742895596
0.0160357899786
6.98087704289e-05
0.00667313615886
0.0131622445346
0.000188066766154
0.000116821561136
0.000283939798472
0.000382464937106
0.0003332514958
