1.34722454416
0.76187096937
0.356861860901
0.364405433424
0.237589554501
0.349943175064
0.243145303626
0.24466992186
0.239775600522
0.241683451635
0.297225525985
0.00150277804319
0.0498009454321
0.0789808450663
0.0160357960588
0.0795194992196
0.030687992812
0.1165017924
0.00622592729322
0.0851179484313
0.00910825171098
0.00315188894439
0.100194821266
0.0134044681052
0.0533930332707
0.00917890773818
0.167697575691
0.0344451921646
0.00315188894423
0.117252573617
0.0573680096106
0.0206333012541
0.0111467463571
0.0
0.0213200710034
0.00939853677692
0.00546790814356
0.00150277804319
0.00632067473268
0.0430023860439
0.00626042711649
0.00784276299863
0.0882189612144
0.0200708938369
0.0124191197046
0.00309919601919
0.0737387549873
0.0445568508398
0.00937613990818
0.0658316151738
0.13378411573
0.0
0.00315137913419
0.0127095259786
0.0
0.0125223254823
0.00632067717318
0.0332700047521
0.0
0.131757092932
0.135008734726
0.0349245786159
0.00631631033761
0.00315166495312
0.0512729578892
0.0892469550884
0.027275987197
0.0280820872572
0.070526313539
0.0138576491098
0.0503829517546
0.0155154284845
0.134474047795
0.00950655152642
0.0838547104363
0.131079497218
0.0174890843934
0.0217564916318
0.0461853321044
0.0345576226457
0.0783088117604
