0.0851179603806
0.121186238682
0.0740717350215
0.235802065172
0.103387082248
0.346390225115
0.141462788872
0.12766317583
0.105629189248
0.130227642043
0.240876049702
0.0128206627294
0.0980546786766
0.408737118221
0.00660008638229
0.0683372466125
0.230150466963
0.490354326497
0.00422056943506
1.80768960601
0.0108250402608
0.0119427028103
0.628805260045
0.0406111404098
0.0763453136067
0.0183399475993
0.345290307925
0.173648888128
0.00424812976462
0.194674068021
0.334165068777
0.0651578557795
0.00282436501301
0.0
0.0341166700065
0.0130740942616
0.0101522001126
0.0128206566267
0.0108250372871
0.178104211012
0.00844746489697
0.0289654347179
0.230795517937
0.0356330407123
0.0250944334052
0.0118349240066
0.0875257839057
0.0832876269893
0.0161667675797
0.044130834979
0.191194203768
0.0
0.00424694093759
0.0171456326414
0.0
0.0251462930839
0.00844157815222
0.111503721229
0.0
0.121881086723
0.552795041669
0.0861534138295
0.0350849307302
0.0119423279009
0.273806247622
0.222942778628
0.0570275644672
0.0711558621979
0.219416898385
0.0670742981873
0.0894763588771
0.0258323671495
0.218065458043
0.0128206627294
0.0592202750282
0.468544311763
0.0366786512794
0.0511933592245
0.0575065234714
0.0539495351727
0.093774703318
