0.349944078458
0.690204280469
0.56064937039
0.867986830964
0.568696363495
1.93830507478
0.589052642091
0.586014290909
0.581367908173
0.577895411121
0.742634466998
0.0174877614515
0.121206770426
0.3662124049
0.00899468532823
0.0941473638874
0.29619005805
0.281081631276
0.00576304028735
0.346399088505
0.0126640523394
0.00578880952562
0.444947491002
0.0232432218434
0.0379828193577
0.0129015518584
0.632854710937
0.217420968205
0.00578880952547
0.367808725261
0.259261852274
0.182348069281
0.00823745496313
0.0
0.0311717016657
0.00896564180537
0.020557522015
0.0174877553929
0.0130590490312
0.248019745035
0.0115276797283
0.0334883770878
0.19326588135
0.0315268392993
0.0187650586981
0.00570951788434
0.193806029434
0.0294321782118
0.0130583304298
0.193735025158
0.338864305689
0.0
0.0057871307376
0.0153928301533
0.0
0.0188648336447
0.0130590567463
0.102315288326
0.0
0.221699985148
0.566280855037
0.105929207179
0.0130467783735
0.00578849879427
0.281597500268
0.244916555759
0.065602058295
0.0751175777655
0.161066203907
0.0285067795928
0.0904117751515
0.0540954102885
0.276391702567
0.0188648375114
0.0774574977312
0.583459634795
0.0541084357946
0.0304585609655
0.0599701543325
0.0743359541947
0.100849817322
