0.242296179059
0.295307219063
0.478334002396
0.482564842759
0.56214120047
0.57791021436
0.563469452731
0.563222158779
0.563304209497
0.673113606595
0.576524683004
0.00270943476591
0.081220751293
0.130431352382
0.000899216395311
0.00916701654573
0.0844524993894
0.0780119308675
0.000898706585117
0.130998858291
0.0016729292567
0.000899216395311
0.139482129172
0.00324956752676
0.0101121308173
0.00180234986852
0.107467242908
0.0298444005487
0.00089921639531
0.195051265816
0.0815697110652
0.0514002720888
0.0017904400864
0.0
0.0120055040539
0.0261615363264
0.00730536501987
0.00270943476591
0.00180234493356
0.0407514850397
0.00178169270153
0.00451961161798
0.0933558036372
0.00823690577149
0.00270928794057
0.000880863228319
0.0475891866608
0.0418678921177
0.00180220304316
0.0455060651139
0.198981722246
0.0
0.000899216395311
0.00362038999186
0.0
0.00270943388496
0.00180234986382
0.0217381424618
0.0
0.0642314051385
0.197950394589
0.0237229015617
0.00180030275549
0.000899085168091
0.0923346775566
0.0861428166925
0.0117325032093
0.0148776089579
0.0507362454983
0.00437417740272
0.0392280163406
0.00728240385288
0.0394104087017
0.00270943476591
0.0456683094302
0.152752409135
0.00730536501987
0.0045315952122
0.0110384180462
0.0148774412781
0.0129584575249
