0.100197809297
0.214123391334
0.0927029296104
0.379172851986
0.0659804844672
0.444995715127
0.0809240943941
0.0875286868977
0.0842444857959
0.13926601553
0.240152483772
0.00712370305363
0.0664539234728
0.46730275403
0.00754437054487
0.0788219809016
0.536183745608
0.633708824332
0.00752017073705
0.628832154451
0.013310465778
0.00754437054487
2.06742127424
0.0272149213101
0.07573124711
0.0139050356691
0.669144641179
0.250526523779
0.00530510596376
0.218018876288
0.530347386654
0.102397595448
0.00482450431675
0.0
0.0518929258663
0.035905015564
0.0188111767099
0.00712369708937
0.0140608463517
0.189934567257
0.00477973050884
0.0288507533232
0.46523287974
0.0260005288623
0.0237763975407
0.00745494892431
0.130548782455
0.0349414322972
0.0140600622997
0.0602101676074
0.237597359301
0.0
0.00530343514828
0.0206065837413
0.0
0.0238841678058
0.0105479283254
0.180481102931
0.0
0.354489777695
0.703667006003
0.293807372148
0.0162888613919
0.00754403804689
0.421632920306
0.260143520496
0.0917852515029
0.158527802374
0.272368623859
0.0391302244641
0.108547156829
0.0667957484704
0.331825568553
0.0204103601886
0.0812135097292
0.69408261553
0.0592249324114
0.0392186882344
0.0628635397718
0.073957429044
0.09538078587
