0.0498009454321
0.0887926480778
0.0692850474317
0.0879650147138
0.0805008948296
0.1212067702
0.0826815308366
0.0815832873318
0.112463972982
0.0809914211752
0.0925127868688
0.00199129702921
0.4938537237
0.0828116594638
0.000660938912261
0.00673908846241
0.0416651396756
0.08370960974
0.000660938912261
0.0980545409071
0.00120454013135
0.000660938912261
0.0664537963094
0.00245374881419
0.00742945097317
0.00132469653142
0.0664510886029
0.0219020894011
0.000660938912261
0.113267185
0.0285041845764
0.0226804673429
0.00131804133546
0.0
0.00975901969086
0.00180611461184
0.0053678108983
0.00199129132773
0.00132469589373
0.0673007314865
0.00130920365618
0.00331819396427
0.0538336599379
0.0036814230097
0.00199118691021
0.000647593246098
0.030504150688
0.00382262229758
0.0013245864124
0.0556850493094
0.136969043773
0.0
0.000660938912261
0.00266067349939
0.0
0.0019912963685
0.0013246965279
0.0159604992928
0.0
0.0404434289019
0.169078925367
0.0530388464399
0.00132469653142
0.000660839984684
0.0483207214945
0.0262198232575
0.00865073961696
0.0109273965242
0.0473433975466
0.0033331242116
0.0102214896542
0.00535059002306
0.0289076207176
0.00199129702921
0.0664512279181
0.174382404519
0.0053678108983
0.00333312491261
0.00810888655486
0.00836536035999
0.0095187697552
