0.0111645091169
0.00622598483704
0.0162522164501
0.0043792810161
0.030444593536
0.00826493256952
0.00202115541215
0.00185666359462
0.00191123412826
0.00180234171155
0.00349052593082
0.000139900175164
0.00132469653142
0.00906682880362
4.64452241597e-05
0.0117179413518
0.00400459358191
0.0143246947525
4.64452241597e-05
0.00282504026081
9.30781083388e-05
4.64452241597e-05
0.00482629085606
0.000169893345483
0.0142588488782
7.70781083388e-05
0.0120354848459
0.001533269213
4.64452241597e-05
0.00208548071635
0.00687145154139
0.00158761542191
0.0671792544927
0.0
0.000618874573716
0.0167120017357
0.000376902860677
0.000139900175164
9.30737738572e-05
1.82720089118e-05
9.19304879503e-05
0.000233442792812
0.00374521897089
0.0187916464081
0.000139892018201
4.58714139655e-05
0.00213213366389
0.000265111379169
9.30699513744e-05
0.00387237352725
0.0314673518674
0.0
4.64452241597e-05
0.000186912965872
0.0
0.000139900126223
0.0296456296599
0.00111859039349
0.0
0.00497174411279
0.00793779319861
0.00113921017623
9.30781083388e-05
4.64408896782e-05
0.0312773273994
0.00432789298588
0.016911533409
0.000750530655637
0.00810924852746
0.000234117988593
0.0298297253763
0.000375627240154
0.0124894144763
0.0296689932065
0.000949479859209
0.00724305612009
0.0297872511765
0.000233544230278
0.000569494030047
0.000766525777732
0.0118151358799
