0.0127097019525
0.0140386856325
0.0043955753532
0.0164033649082
0.0271193559801
0.0117309256959
0.0040602109677
0.00372964939548
0.00383931143207
0.0272806825834
0.0130079524256
0.000280940107433
0.00266076488999
0.0182466887213
9.32672909856e-05
0.000950078221675
0.00804801547359
0.0116122842216
9.32672909856e-05
0.0171456844678
0.000186912965872
9.32672909856e-05
0.0405702115336
0.000323430036305
0.00975539346535
0.000166991165906
0.0315048878451
0.0268763420701
0.0246419103308
0.0254597594043
0.0328912371293
0.00127902334636
0.0167120017357
0.0
0.00124289827023
0.11060200328
0.00774455398233
0.000280940107433
0.0247119960153
0.0175403206043
0.000185111848089
0.00046770172978
0.00752631849643
0.0141912019518
0.000280923793506
9.16581732031e-05
0.00428324496363
0.000532926333049
0.000186896651943
0.00778208483247
0.0302033420168
0.0
9.32672909856e-05
0.00037535183627
0.0
0.000280940009549
0.0247120017351
0.00224669567703
0.0
0.0235800700953
0.0130867969325
0.0152901914162
0.000186912965872
9.32547367921e-05
0.0296314714244
0.00188354542338
0.0125019672
0.00151955884509
0.0327376068962
0.00047015120716
0.0255229148921
0.000754357154714
0.00405931715751
0.0247823780726
0.0270009020584
0.0160838931735
0.0251386161646
0.000470151310917
0.00114325027747
0.00153946632629
0.00134133628908
