0.16769760292
0.300870260774
0.169254622583
0.543912731297
0.0847572643519
0.6328427565
0.122924692964
0.107751266168
0.0965016938592
0.106697610912
0.199560712159
0.00693281315134
0.0664512285788
0.541028186498
0.0177591515077
0.194960940661
0.566333068483
0.52480036029
0.00227297272108
0.345291419299
0.00440873139305
0.00229951958762
0.669076652581
0.0150755654226
0.0451404870395
0.00450192815558
1.52858615928
0.33918384736
0.0376223603221
0.213796711374
0.541335044548
0.060389449544
0.0120347293989
0.0
0.0495884598163
0.0289735939267
0.0187213436009
0.00693281315134
0.0398986854844
0.28321907801
0.00456394043961
0.0116050144445
0.37867692044
0.0207055688214
0.00693177452944
0.00225771515169
0.175177246355
0.0477095655111
0.00461008462983
0.136228301091
0.201875207703
0.0
0.00229771846984
0.0108578673482
0.0
0.00693281114432
0.00461041905464
0.0598906015328
0.0
0.505545537422
0.717494283036
0.371360690717
0.012750920888
0.00229951440521
0.474420670331
0.145350481649
0.0557306226492
0.0977164135935
0.256235987767
0.0116125508695
0.0937170006602
0.0706678227896
0.315004062868
0.00693281315134
0.047940512656
0.629103039383
0.0707266950773
0.0115095637268
0.0392999005822
0.102463421009
0.19524404449
