0.0838547129133
0.0493448303705
0.0587492137457
0.0532161977742
0.0404669632782
0.0774547912158
0.0530560399101
0.0482920909802
0.0397951151211
0.0455777961726
0.0672088260901
0.00680659325935
0.0664512285788
0.0818857327958
0.00229951958762
0.0235098028332
0.0244020570076
0.109284390632
0.00228844146043
0.0592202675408
0.00854384873847
0.00667313618334
0.0812104997997
0.00756458570364
0.00746731766404
0.00890390302109
0.0479404924454
0.0393065371122
0.00667313618317
0.121943513335
0.0462179590691
0.0595903516222
0.000949479884704
0.0
0.0112293571941
0.0216354880883
0.0464749850319
0.00693281315134
0.00894947595366
0.0266574049268
0.00456384869399
0.029147467262
0.155917349616
0.00394955213855
0.0464067983432
0.00658889464027
0.130744022601
0.0141285065442
0.00894914916063
0.114373879559
0.175747662231
0.0
0.00229708414393
0.00926681833041
0.0
0.0465253848269
0.00884861939234
0.125907998841
0.0
0.0560399760361
0.102841579899
0.0150970814988
0.00894068637231
0.00667279987501
0.103143761591
0.153021341108
0.0882969136665
0.118650467788
0.182074378948
0.080954426199
0.0963818474082
0.110899154967
0.23470928359
0.0818482357174
1.0061482233
0.227922489024
0.111005305189
0.0827145542678
0.082635268011
0.045887974835
0.0870969089151
