0.0213200710058
0.0207120034882
0.0144510178002
0.0205181571809
0.0112856414719
0.0311698198869
0.0134662835985
0.0123680400939
0.0300445410481
0.0119867320096
0.0511119817364
0.0161556896547
0.00975901969086
0.0378619450971
0.000308798964307
0.0236479372989
0.090013088779
0.026005484057
0.0265682739557
0.0340113048464
0.000573956895104
0.000308798964307
0.0518900633628
0.000969834751275
0.0571111836572
0.000567203858845
0.0495884079468
0.03722837789
0.000308798964307
0.0400900903294
0.0512990915627
0.0082656498632
0.000616820364244
0.0
0.370610646846
0.00124289827051
0.0112333057025
0.0161556896547
0.000618874573857
0.015536127544
0.000611415041332
0.0015541167546
0.0410830551767
0.035056261743
0.00088526673193
0.000303030778281
0.01303873515
0.0436355031381
0.0213410925797
0.0411214819926
0.0657139990146
0.0
0.000308798964307
0.00124289827051
0.0
0.000930237112821
0.00061887457216
0.00744539860576
0.0
0.0316914038159
0.0509261630361
0.041512291592
0.000617573845153
0.000308781255693
0.0379750105522
0.00987475988078
0.00409574524215
0.00510016934706
0.0251864983788
0.0277110816346
0.0354661203704
0.002499012324
0.0378752671312
0.000930237430943
0.0112293569324
0.0547878196604
0.00250674092153
0.00155288492059
0.0297211783895
0.0165774377478
0.00444335683786
