0.00546790814356
0.00511537739114
0.00873870128337
0.0203225648181
0.00686770846658
0.0205575217977
0.00819331420402
0.00752575614233
0.00774720455943
0.00730533229004
0.0266536069595
0.00953920576775
0.0053678108983
0.0369580829251
0.000188066766154
0.00191606267449
0.011964589013
0.00446145037961
0.0201938465217
0.0101522001126
0.000376902860677
0.000188066766154
0.0188111351932
0.000698584161666
0.00211211681898
0.000376902860677
0.018721302119
0.00621381955696
0.000188066766154
0.0149388460263
0.0283887325536
0.00261045673472
0.000374909742895
0.0
0.0112333057025
0.00774455398233
0.20432467098
0.00953920576775
0.000376898014196
0.00764242453414
0.000372312379123
0.0863683777332
0.00417121655848
0.00172083767239
0.0204320366267
0.0001839882846
0.00389312229986
0.00110100364663
0.000376870232821
0.0504746325799
0.0151989822567
0.0
0.000188066766154
0.00075690839563
0.0
0.0414022542899
0.000328902860677
0.0220757142979
0.0
0.00562653174853
0.0265929891463
0.00475005160027
0.0203931890198
0.000188041657767
0.0136550163046
0.00982410968354
0.0596311700336
0.014711257728
0.0111491598215
0.0207959392435
0.00281540826931
0.00152188385165
0.0123084856817
0.000566514604214
0.0464749794556
0.043466093302
0.00152643482854
0.000948090712517
0.0023049011555
0.00310503792376
0.00270532530094
