0.0462385901982
0.0353624897239
0.0133179179904
0.0368657664049
0.0103940453651
0.0600417603941
0.0124019822563
0.0113907372684
0.0117261803431
0.0110568624848
0.0214521087178
0.000856878958363
0.00812277853288
0.131739359195
0.000284449608666
0.00289632788621
0.0182711019615
0.0594066343196
0.000283811798472
0.0575726832922
0.000570072686723
0.000284449608666
0.0629489180677
0.00104272791899
0.0423802254509
0.000538072686723
0.039339966635
0.0425514417204
0.000284449608666
0.0257248819689
0.0341670361534
0.0473997021215
0.000570072686723
0.0
0.0297278245763
0.00079287826918
0.00230900717994
0.000856878958363
0.000570072439966
0.0209884761012
0.000563186964392
0.00143142790982
0.0453227623747
0.00260312376404
0.000856830016584
0.000278331886335
0.0639499959586
0.0518466342533
0.000570023744939
0.03881354391
0.0230238506714
0.0
0.000284449608666
0.00114487826918
0.0
0.000856878664712
0.000570072685156
0.0671965605765
0.0
0.0212201041455
0.106799872969
0.00696027638984
0.000570072686723
0.000284445018184
0.086475870431
0.0533781551988
0.0509264937637
0.0585479336359
0.123973040515
0.0498976176011
0.0834847828804
0.05069708174
0.158737040846
0.04949864916
0.0826721264478
0.113336018692
0.0507036188106
0.105422880031
0.366773933401
0.12052623184
0.144432948692
